0 0
1 1
2 1
3 1
4 1
5 1
6 1
7 1
8 1
9 1
10 1
11 1
12 1
13 2
14 0
15 1
16 2
17 1
18 0
19 1
20 1
21 1
22 1
23 1
24 1
25 1
26 1
27 1
28 0
29 1
30 1
31 1
32 1
33 1
34 1
35 1
36 1
37 1
38 1
39 0
40 1
41 1
42 1
43 0
44 1
45 0
46 0
47 0
48 0
49 2
50 0
51 2
52 2
53 2
54 0
55 2
56 2
57 2
58 2
59 2
60 2
61 2
62 2
63 2
64 1
65 1
66 1
67 1
68 1
69 1
70 1
71 2
72 2
73 0
74 0
75 1
76 2
77 0
78 0
79 0
80 2
81 0
82 2
83 2
84 2
85 2
86 0
87 2
88 1
89 1
90 1
91 1
92 0
93 2
94 2
95 0
96 0
97 0
98 1
99 1
100 0
101 2
102 0
103 0
104 0
105 0
106 0
107 0
108 0
109 0
110 0
111 0
112 0
113 0
114 0
115 0
116 0
117 1
118 0
119 0
120 1
121 1
122 1
123 2
124 2
125 1
126 2
127 1
128 1
129 2
130 1
131 1
132 1
133 0
134 0
135 0
136 1
137 0
138 2
139 0
140 1
141 1
142 0
143 1
144 0
145 2
146 1
147 0
148 0
149 2
150 0
151 0
152 1
153 1
154 1
155 1
156 0
157 1
158 1
159 0
160 0
161 2
162 1
163 1
164 0
165 1
166 0
167 1
168 1
169 0
170 0
171 0
172 1
173 2
174 0
175 1
176 0
177 2
178 0
179 1
180 0
181 2
182 0
183 1
184 0
185 1
186 0
187 0
188 2
189 2
190 2
191 0
192 2
193 0
194 0
195 0
196 2
197 0
198 1
199 0
200 1
201 0
202 2
203 0
204 0
205 1
206 1
207 0
208 0
209 1
210 1
211 1
212 0
213 0
214 0
215 0
216 1
217 1
218 1
219 0
220 0
221 1
222 1
223 1
224 1
225 2
226 0
227 0
228 1
229 1
230 0
231 1
232 1
233 1
234 0
235 0
236 0
237 2
238 1
239 2
240 0
241 0
242 1
243 2
244 0
245 1
246 2
247 2
248 2
249 1
250 2
251 1
252 1
253 2
254 0
255 2
256 0
257 2
258 0
259 0
260 0
261 0
262 0
263 1
264 1
265 1
266 0
267 0
268 0
269 0
270 0
271 0
272 0
273 0
274 0
275 0
276 1
277 0
278 0
279 1
280 1
281 0
282 1
283 1
284 2
285 0
286 0
287 0
288 0
289 0
290 1
291 1
292 1
293 0
294 0
295 2
296 2
297 0
298 0
299 1
300 0
301 1
302 1
303 0
304 2
305 1
306 1
307 2
308 2
309 1
310 1
311 2
312 0
313 0
314 2
315 2
316 0
317 1
318 2
319 0
320 0
321 0
322 0
323 2
324 2
325 1
326 2
327 1
328 1
329 2
330 2
331 1
332 1
333 1
334 0
335 0
336 0
337 1
338 2
339 0
340 1
341 2
342 1
343 1
344 1
345 2
346 0
347 0
348 1
349 0
350 1
351 2
352 2
353 2
354 2
355 0
356 0
357 0
358 1
359 1
360 1
361 0
362 2
363 1
364 1
365 1
366 0
367 0
368 1
369 1
370 1
371 1
372 1
373 0
374 1
375 0
376 2
377 0
378 2
379 0
380 0
381 0
382 0
383 0
384 0
385 0
386 1
387 1
388 0
389 1
390 0
391 0
392 0
393 0
394 1
395 1
396 2
397 0
398 1
399 2
400 1
401 1
402 1
403 2
404 1
405 2
406 2
407 1
408 2
409 1
410 2
411 2
412 2
413 1
414 2
415 0
416 1
417 0
418 1
419 1
420 1
421 1
422 1
423 1
424 1
425 1
426 2
427 1
428 1
429 2
430 2
431 1
432 0
433 0
434 2
435 2
436 2
437 2
438 1
439 1
440 1
441 1
442 1
443 1
444 1
445 0
446 0
447 2
448 2
449 2
450 1
451 2
452 1
453 1
454 1
455 0
456 0
457 1
458 1
459 2
460 2
461 0
462 1
463 2
464 0
465 2
466 2
467 1
468 0
469 0
470 0
471 0
472 0
473 2
474 2
475 0
476 0
477 0
478 0
479 1
480 1
481 2
482 2
483 0
484 1
485 2
486 2
487 0
488 1
489 0
490 1
491 2
492 1
493 0
494 0
495 0
496 2
497 2
498 1
499 2
500 2
501 0
502 0
503 2
504 0
505 0
506 2
507 1
508 0
509 1
510 2
511 0
512 1
513 0
514 1
515 2
516 0
517 2
518 2
519 2
520 2
521 2
522 2
523 1
524 2
525 1
526 0
527 2
528 1
529 1
530 1
531 1
532 1
533 1
534 1
535 1
536 2
537 1
538 0
539 2
540 2
541 1
542 2
543 1
544 1
545 2
546 2
547 2
548 2
549 2
550 1
551 2
552 2
553 1
554 2
555 2
556 1
557 1
558 2
559 1
