0
0
0
0
0
0
0
0
0
0
0
0
0
0
131072
0
0
0
0
0
0
0
0
0
0
0
0
0
16711680
0
0
0
0
0
0
0
0
0
0
16711680
0
0
0
16711680
0
16711680
0
0
0
0
0
16711680
0
0
0
0
0
0
0
0
0
16711680
16711680
0
0
0
0
0
0
0
0
0
0
0
65792
0
0
0
0
0
0
16711680
0
0
0
0
0
0
0
0
0
0
0
0
16711680
0
65536
131072
0
0
0
0
0
16646144
65536
0
65536
131072
16711680
0
65536
65536
131072
0
0
0
0
0
0
0
0
0
0
0
0
0
0
0
0
0
0
0
16711680
131072
16711680
0
0
0
0
0
0
0
0
0
0
16711680
0
0
16711680
0
0
131072
0
0
0
0
0
0
0
65536
0
0
0
0
0
0
0
0
0
0
0
0
0
0
0
0
0
0
16646144
0
0
0
0
0
16646144
0
0
0
0
16711680
16711680
0
0
0
0
0
16711680
0
0
0
0
0
0
0
16646144
0
0
131072
0
0
0
65536
0
0
0
0
0
0
0
0
0
0
0
0
0
0
0
0
0
0
16711680
16711680
65536
0
0
0
0
0
0
0
0
0
16711680
0
0
0
65536
16711680
0
16711680
0
0
0
0
0
0
0
0
0
0
65536
0
0
0
0
0
0
0
65536
0
0
0
0
0
0
0
16776960
0
0
0
0
0
0
0
0
0
0
0
0
0
0
0
0
0
196608
16711680
16711680
16646144
0
0
0
0
0
0
0
0
16711680
0
0
65536
0
0
0
16646144
0
16646144
0
16711680
65536
16646144
0
16776960
65792
0
0
0
0
0
0
0
16711680
0
0
0
131072
0
65536
0
0
65792
0
16711680
0
0
0
0
0
65792
0
65792
0
0
0
0
16646144
0
0
0
0
16711680
0
0
0
0
0
0
0
0
0
0
16776960
0
0
0
0
0
0
0
0
0
0
0
0
0
0
0
0
0
0
0
0
0
0
0
0
0
0
131072
0
0
0
0
0
0
0
16711680
0
0
0
0
0
16711680
16711680
0
16711680
0
0
131072
0
0
0
0
0
0
0
0
16711680
0
0
16711680
16711680
0
16711680
0
16646144
0
0
16646144
0
0
0
0
0
0
0
16646144
0
0
0
0
0
65536
0
0
0
65792
0
0
0
0
0
0
0
0
0
16646144
65536
0
65792
0
0
0
0
0
0
131072
0
0
0
0
0
0
0
65793
0
0
0
0
65536
65793
16711680
16646144
0
0
0
0
0
0
0
0
0
0
0
0
0
0
0
0
131328
0
0
0
0
0
0
0
0
0
0
0
0
0
16711680
16711680
0
0
65792
16711680
0
0
0
0
0
0
16711680
0
16711680
0
196608
16711680
0
0
0
0
0
0
0
0
0
16711680
0
0
65536
0
0
16711680
0
16777215
0
0
