0 0
1 40
2 50
3 15
4 18
5 80
6 40
7 75
8 75
9 75
10 40
11 55
12 1
13 80
14 0
15 50
16 40
17 60
18 0
19 90
20 15
21 80
22 35
23 65
24 30
25 120
26 100
27 60
28 0
29 70
30 65
31 15
32 1
33 50
34 85
35 15
36 90
37 120
38 120
39 0
40 15
41 25
42 14
43 0
44 60
45 0
46 0
47 0
48 0
49 1
50 0
51 40
52 40
53 95
54 0
55 40
56 120
57 95
58 95
59 120
60 65
61 65
62 65
63 150
64 35
65 80
66 80
67 1
68 1
69 1
70 80
71 20
72 40
73 0
74 0
75 55
76 120
77 0
78 0
79 0
80 120
81 0
82 1
83 35
84 40
85 95
86 0
87 120
88 50
89 100
90 1
91 80
92 0
93 50
94 90
95 0
96 0
97 0
98 40
99 20
100 0
101 1
102 0
103 0
104 0
105 0
106 0
107 0
108 0
109 0
110 0
111 0
112 0
113 0
114 0
115 0
116 0
117 1
118 0
119 0
120 200
121 100
122 20
123 20
124 65
125 65
126 120
127 80
128 35
129 60
130 100
131 20
132 10
133 0
134 0
135 0
136 130
137 0
138 100
139 0
140 15
141 20
142 0
143 140
144 0
145 20
146 70
147 0
148 0
149 1
150 0
151 0
152 90
153 250
154 18
155 50
156 0
157 75
158 80
159 0
160 0
161 80
162 1
163 70
164 0
165 50
166 0
167 10
168 40
169 0
170 0
171 0
172 60
173 40
174 0
175 1
176 0
177 100
178 0
179 1
180 0
181 40
182 0
183 40
184 0
185 60
186 0
187 0
188 90
189 20
190 65
191 0
192 120
193 0
194 0
195 0
196 55
197 0
198 25
199 0
200 120
201 0
202 75
203 0
204 0
205 30
206 40
207 0
208 0
209 65
210 20
211 70
212 0
213 0
214 0
215 0
216 1
217 1
218 1
219 0
220 0
221 100
222 1
223 100
224 120
225 60
226 0
227 0
228 40
229 20
230 0
231 100
232 50
233 70
234 0
235 0
236 0
237 1
238 100
239 40
240 0
241 0
242 80
243 1
244 0
245 80
246 60
247 80
248 100
249 40
250 35
251 1
252 40
253 90
254 0
255 1
256 0
257 100
258 0
259 0
260 0
261 0
262 0
263 70
264 150
265 60
266 0
267 0
268 0
269 0
270 0
271 0
272 0
273 0
274 0
275 0
276 120
277 0
278 0
279 60
280 75
281 0
282 20
283 1
284 150
285 0
286 0
287 0
288 0
289 0
290 70
291 80
292 15
293 0
294 0
295 70
296 70
297 0
298 0
299 85
300 0
301 30
302 60
303 0
304 90
305 50
306 75
307 150
308 150
309 100
310 30
311 50
312 0
313 0
314 55
315 140
316 0
317 50
318 60
319 0
320 0
321 0
322 0
323 150
324 75
325 60
326 80
327 85
328 35
329 1
330 95
331 25
332 60
333 25
334 0
335 0
336 0
337 80
338 150
339 0
340 85
341 55
342 50
343 60
344 120
345 60
346 0
347 0
348 90
349 0
350 25
351 60
352 60
353 140
354 140
355 0
356 0
357 0
358 60
359 100
360 1
361 0
362 65
363 1
364 30
365 60
366 0
367 0
368 1
369 70
370 120
371 50
372 50
373 0
374 1
375 0
376 1
377 0
378 1
379 0
380 0
381 0
382 1
383 0
384 0
385 0
386 1
387 140
388 0
389 80
390 0
391 0
392 0
393 0
394 120
395 60
396 90
397 0
398 80
399 80
400 70
401 90
402 80
403 75
404 80
405 90
406 90
407 100
408 70
409 75
410 40
411 120
412 80
413 120
414 90
415 0
416 150
417 0
418 40
419 60
420 40
421 70
422 65
423 65
424 65
425 40
426 65
427 70
428 80
429 65
430 80
431 90
432 0
433 0
434 140
435 80
436 80
437 140
438 120
439 150
440 70
441 120
442 80
443 60
444 100
445 0
446 0
447 1
448 60
449 100
450 60
451 50
452 120
453 40
454 90
455 0
456 0
457 150
458 35
459 150
460 100
461 0
462 1
463 120
464 0
465 120
466 60
467 120
468 0
469 0
470 0
471 0
472 0
473 80
474 65
475 0
476 0
477 0
478 0
479 50
480 40
481 70
482 95
483 0
484 1
485 70
486 1
487 0
488 50
489 0
490 60
491 40
492 95
493 0
494 0
495 0
496 60
497 40
498 70
499 50
500 20
501 0
502 0
503 80
504 0
505 0
506 50
507 60
508 0
509 60
510 30
511 0
512 55
513 0
514 70
515 1
516 0
517 100
518 50
519 50
520 50
521 70
522 30
523 60
524 40
525 60
526 0
527 55
528 90
529 80
530 40
531 60
532 75
533 90
534 75
535 1
536 65
537 65
538 0
539 85
540 100
541 25
542 120
543 120
544 50
545 100
546 85
547 75
548 85
549 65
550 130
551 130
552 80
553 140
554 140
555 55
556 85
557 180
558 100
559 100
