0 0
51 655360
61 655360
62 655360
94 655360
132 655360
145 655360
189 6553600
190 3276800
196 6553600
211 655360
231 1966080
232 655360
242 1310720
246 655360
247 1310720
249 3276800
276 6579200
295 3276800
296 3276800
306 3276800
309 1310720
315 6553600
317 6553600
318 655360
330 1966080
341 6553600
354 6553600
359 6553600
370 6579200
405 655360
411 655360
412 655360
414 655360
426 1966080
429 1966080
430 655360
434 6553600
437 6553600
451 4587520
465 2621440
466 655360
488 6553600
490 6553600
491 6553600
522 6553600
523 6553600
527 6553600
534 3276800
536 3276800
539 2621440
549 6553600
552 3276800
555 6553600
557 6579300
