0 0
14 131072
28 16711680
39 16711680
43 16711680
45 16711680
51 16711680
61 16711680
62 16711680
74 65792
81 16711680
94 16711680
96 65536
97 131072
103 16646144
104 65536
106 65536
107 131072
108 16711680
110 65536
111 65536
112 131072
132 16711680
133 131072
134 16711680
145 16711680
148 16711680
151 131072
159 65536
178 16646144
184 16646144
189 16711680
190 16711680
196 16711680
204 16646144
207 131072
211 65536
230 16711680
231 16711680
232 65536
242 16711680
246 65536
247 16711680
249 16711680
260 65536
268 65536
276 16776960
294 196608
295 16711680
296 16711680
297 16646144
306 16711680
309 65536
313 16646144
315 16646144
317 16711680
318 65536
319 16646144
321 16776960
322 65792
330 16711680
334 131072
336 65536
339 65792
341 16711680
347 65792
349 65792
354 16646144
359 16711680
370 16776960
397 131072
405 16711680
411 16711680
412 16711680
414 16711680
417 131072
426 16711680
429 16711680
430 16711680
432 16711680
434 16646144
437 16646144
445 16646144
451 65536
455 65792
465 16646144
466 65536
468 65792
475 131072
483 65793
488 65536
489 65793
490 16711680
491 16646144
508 131328
522 16711680
523 16711680
526 65792
527 16711680
534 16711680
536 16711680
538 196608
539 16711680
549 16711680
552 65536
555 16711680
557 16777215
