0
0
0
0
0
0
0
0
0
0
0
0
0
0
65536
0
0
0
0
0
0
0
0
0
0
0
0
0
393216
0
0
0
0
0
0
0
0
0
0
131072
0
0
0
131072
0
65536
0
0
0
0
0
262144
0
0
0
0
0
0
0
0
0
327680
65536
0
0
0
0
0
0
0
0
0
0
0
66304
0
0
0
0
0
0
327680
0
0
0
0
0
0
0
0
0
0
0
0
262144
0
65536
327680
0
0
0
0
0
131072
458752
0
131072
458752
393216
0
131072
131072
131072
0
0
0
0
0
0
0
0
0
0
0
0
0
0
0
0
0
0
0
327680
262144
393216
0
0
0
0
0
0
0
0
0
0
327680
0
0
393216
0
0
131072
0
0
0
0
0
0
0
65536
0
0
0
0
0
0
0
0
0
0
0
0
0
0
0
0
0
0
327680
0
0
0
0
0
327680
0
0
0
0
393216
393216
0
0
0
0
0
327680
0
0
0
0
0
0
0
65536
0
0
65536
0
0
0
131072
0
0
0
0
0
0
0
0
0
0
0
0
0
0
0
0
0
0
458752
131072
65536
0
0
0
0
0
0
0
0
0
131072
0
0
0
524288
262144
0
131072
0
0
0
0
0
0
0
0
0
0
196608
0
0
0
0
0
0
0
262144
0
0
0
0
0
0
0
66048
0
0
0
0
0
0
0
0
0
0
0
0
0
0
0
0
0
196608
262144
196608
65536
0
0
0
0
0
0
0
0
131072
0
0
65536
0
0
0
262144
0
196608
0
327680
524288
262144
0
66048
132096
0
0
0
0
0
0
0
393216
0
0
0
131072
0
65536
0
0
66048
0
327680
0
0
0
0
0
197632
0
66816
0
0
0
0
196608
0
0
0
0
327680
0
0
0
0
0
0
0
0
0
0
132096
0
0
0
0
0
0
0
0
0
0
0
0
0
0
0
0
0
0
0
0
0
0
0
0
0
0
327680
0
0
0
0
0
0
0
262144
0
0
0
0
0
262144
262144
0
262144
0
0
196608
0
0
0
0
0
0
0
0
393216
0
0
393216
262144
0
458752
0
196608
0
0
196608
0
0
0
0
0
0
0
196608
0
0
0
0
0
196608
0
0
0
132096
0
0
0
0
0
0
0
0
0
262144
524288
0
67072
0
0
0
0
0
0
327680
0
0
0
0
0
0
0
197637
0
0
0
0
327680
66054
327680
262144
0
0
0
0
0
0
0
0
0
0
0
0
0
0
0
0
327936
0
0
0
0
0
0
0
0
0
0
0
0
0
196608
327680
0
0
66304
327680
0
0
0
0
0
0
131072
0
393216
0
131072
393216
0
0
0
0
0
0
0
0
0
327680
0
0
196608
0
0
196608
0
328196
0
0
