17
0
1
0
0
0
0
9
14
12
0
0
0
0
0
0
2
2
0
2
0
0
11
0
1
0
1
1
4
0
0
0
0
0
0
0
0
0
0
0
3
6
6
0
16
0
0
0
0
0
0
3
9
9
14
10
10
10
14
14
13
10
14
0
2
2
1
1
1
1
0
11
11
11
0
11
11
3
11
11
11
6
15
9
12
12
12
12
5
4
4
4
3
13
13
13
13
13
0
0
13
7
0
0
0
0
0
0
0
7
10
0
13
13
14
13
0
0
0
2
0
0
7
3
3
4
9
10
10
0
0
0
0
13
13
0
1
0
13
3
0
6
0
2
0
10
0
11
0
13
0
3
10
0
0
4
13
5
0
0
0
0
0
0
0
17
0
1
16
6
0
7
9
0
7
0
0
2
11
1
7
14
0
1
0
16
0
0
3
4
10
4
12
0
7
0
14
1
4
0
15
5
11
0
0
5
0
0
0
12
6
8
0
0
0
0
0
0
0
0
0
9
4
1
6
15
0
0
16
0
0
8
8
1
0
11
0
0
1
15
10
9
16
13
0
0
5
7
13
1
10
16
0
0
0
0
0
9
14
16
16
9
16
0
1
0
0
0
12
16
0
13
13
0
0
11
1
13
0
1
1
0
16
0
9
13
13
0
7
16
0
10
1
0
6
13
13
2
0
9
4
14
11
0
0
3
0
9
10
8
7
0
11
16
2
9
0
5
6
8
11
0
13
10
6
7
13
1
4
14
10
11
2
14
8
0
0
15
11
1
2
4
3
0
12
11
10
13
11
15
5
12
10
8
13
2
13
13
1
1
8
13
10
0
0
2
2
0
8
6
1
16
16
16
16
13
0
13
0
13
3
0
0
0
13
13
16
0
11
16
3
13
10
12
9
1
1
5
3
16
16
10
11
2
6
6
15
15
5
1
1
1
11
2
4
16
0
16
8
14
14
7
12
14
9
7
4
13
13
8
8
0
2
13
15
12
9
11
11
5
3
3
8
8
5
0
5
11
2
0
6
12
11
10
6
6
6
5
0
15
15
13
0
9
16
11
7
7
16
5
13
13
13
13
3
8
6
13
13
5
1
9
3
6
8
13
12
10
9
3
1
3
16
0
0
0
0
0
0
3
13
1
13
10
0
13
7
2
8
1
9
16
2
0
0
1
0
9
10
9
11
12
6
4
14
15
0
12
12
4
15
13
11
1
10
9
11
6
11
16
13
0
2
0
8
9
0
0
1
14
12
9
9
14
14
16
14
9
9
12