17
11
3
3
0
2
2
13
2
2
13
5
10
10
10
1
11
0
16
7
6
0
1
14
14
0
13
0
16
0
0
0
16
9
9
14
0
0
4
4
4
2
2
1
10
10
10
6
6
1
8
11
13
0
0
12
12
0
2
10
1
0
7
13
0
0
0
0
13
11
1
0
10
1
3
16
0
0
17
0
16
16
0
6
2
7
1
4
0
12
10
0
8
0
1
0
0
0
15
15
15
15
15
15
15
1
13
2
1
4
4
0
16
9
0
0
0
11
9
0
13
0
0
16
0
16
0
2
0
9
9
9
9
4
0
9
9
9
0
8
16
16
2
1
0
1
0
1
0
11
0
0
6
0
13
3
11
0
0
11
11
13
0
0
7
13
0
3
2
8
14
1
0
14
5
0
0
13
6
13
13
9
0
1
0
0
0
0
10
10
0
0
0
13
14
14
14
14
14
14
14
13
11
8
8
8
0
1
1
13
16
0
9
11
11
6
11
0
7
13
0
0
1
0
13
13
1
13
11
9
8
12
4
0
0
13
11
0
0
6
16
8
8
8
8
0
0
0
0
0
13
13
2
8
14
13
0
0
4
4
4
4
10
16
0
0
11
7
16
7
10
0
7
15
9
0
0
16
2
0
11
6
2
3
3
3
3
3
3
0
14
5
13
13
11
0
0
13
0
13
13
13
13
13
16
16
0
0
10
0
11
0
0
0
13
0
13
0
1
1
0
15
5
0
5
5
1
5
5
5
13
1
5
2
9
0
4
4
5
0
0
0
0
11
11
1
0
7
7
7
7
7
0
14
12
6
6
0
0
13
0
2
1
0
0
0
11
0
3
3
0
3
0
16
0
0
11
0
15
12
6
0
4
0
7
0
11
5
8
0
0
5
0
6
0
11
1
0
16
9
0
1
0
10
0
0
0
0
0
16
0
11
0
6
0
2
0
16
0
13
16
0
12
12
12
12
12
12
0
16
3
3
0
0
13
13
1
0
6
15
6
0
1
0
11
1
12
1
10
10
10
10
10
0
10
0
9
2
0
10
11
11
0
0
6
0
12
13
