
219360335057280228160078202265010214
219360335057280228160078202265010214
219360335057228160078202265010214
029011032273028100075103242137
029011032273028100075103242137
029011032273028100075103242
251173254148134315260465262124013012
251173254148134315260465262124013012
251173254148134315260465262124013012






305123148008042441
305123148008042441
305123148008042441
341135153070319441211233
341135153070319441211233
123126339306433019361455441
123126339306433019361455441
305364384028283339287088
305364384028283339287088
319030295114097458055124426428
319030295114097458055124426428
134335070242076268
134335070242268
402088416144057070028305
402088416144057070028305
402088416144057070028305
070088402416010063028398
070088402416010063028398
070088402416010063028398
295010029385247458125071
295010029385247458125071
123193134384088187181137117
123193134384088187181137120117
279295123458125211071161
279295123458125211071161
306305123168455078263193467042
306305123168455078263193467042
310134411057202428
310134411057202428
310134411057202428
341070297134407219305242047074
341070297134407219305242047
027341007257431047
027341007257431047
123341011305028441
123341011305028441
384057193010017271134211304
384057193010017271134211304
193297148219154073315062465258
193297148219154073315062465258
148235070319028318370
148235070319028318370
037335421132187096
037335075421132187181096137
254385173248194315115
254385173248194315115
254385173450194259315115
114026210131426197293165
114026210131426197293165
114026210131426197293165
219235331114370070060131426197050
219235331114370070060131426197050
219235331114370070060131426197050
114314411215202228461428
114314411215202228461428
114314411215202228461428
023251309173335062210004
023251309173335062210004
238036171134
238036171134
238036171134
135421094193057096186
135421094193057096186
029154390260374233036
029154390260374233036


148252168306134127078071261
402173123134252042
402173123134252042
218279088186364124199355
218279088186364124199
173234218201078350351389405383
173234218201078350351389405383
046416026309341259
046416026309341199259
303279173019164131197426
303279173019164131197426
303279173019164131197426
134036082332322
026017330131426197140301
026017330131426197140301
173010210428011
173010210428011


411256011202078265223214
411256011202078265223
011029341360279094204
011029341360279094204
309226182070442050
309183248182
029232037078370374010171
341303297275164384078
341303297275164384078
075319070232078076103196130423
075319070232078076103196130423
295245176016070182161
134063010216265115214
390148144335088070076096115171
134023270088385102104355
134023270088385102104355
297173189260261014
297173189260261014


154193124062447418
070335027319219048
235124458250
208026331235073131197108
208238026341073426226108137
151134123306060128



148428315100078186011454133

057134078428458465125071
057134078428458465125071
057134078428458465125071
057134078428458465125071

046023364402173382210463431
046023364402173382210463431
046023309134210062200341
046023309134210062200341
455305148104078018
057096078133455305



219254173402104
219254173402104
219254173402104


444216070011134265202160214463
444216070011134265202160214463
444216070011134265202160214463
153319421148071187076094137
153319421148071187076094137
153319421148071187076094137
011260450099197242100
011260450099197242100
011260450197242100
096305365144319434017211057071
096305365144319434017211057071
252402123457455361127007267
252402123457455127007267
297030341114210047
297030341114210047
297088377027305355431
297088377027305355431
306305123168455078263193467042
341010297454007254
341010297454007254
319030295114097458055124426428446
295245010029385247458125071
279295123458125211071161
295252278148154263302223
295252278148154263302223
173107306123127315467398
173107306123127315467398
416037335341314271140337
416037335341314271140337
416037335341314271140337
310134411057202428
219295010154029279402012401315
219295010154029279402012401315
346175172082332336
254385173248450194259315115
063114096314010182298016
063114096314010182298016
063114096314010182298016
070305384364097028124071041
114265078182407
114265078182407
455319215355128123
037011335078389405383070114094
037011335078389405383070114094
057134078428458465125071
057134078428458465125071
455107252361062127279302341
029154390260374233036
341085201240398351078272


416010148154028458227094251
281134408070336318431
281134408070336318
030032175019078437227374
242457311070336007027096128268074
134036082332322
245123314295176374370060
245123314295176374370060
134173046402019355
070335027319219048
407210182004336261
172030134126318305096
070384148314032076124093304305197
075416345070242465073096060268
075416345070242465073096060268
003181078372240389383405
003181078372240389383405
032037011259199096133078
032037259199096133078
341254010026202062199265
270402173341322374134
402173341374134
023306154385309194198197
439173364260251450385
107305455361078042018
132307305070384319423304
132307305070384319304
134023270088385102104355
144037011374070133115198
144037011374070133115198

384088032120421094

309183226248070442050
183226248182442050
235124458197250
208026331235073131197108
208238026341073426226108137
295319345078182091171096304
295245176016070182161



305390273144011100078203018204
305390273144011100078203018204
305390273144011100078203018204



075260115216104076461094160411228214
075260115216104076461094160411228
075260115216104076461094160411228
070319370076027007268211128
070319370076027007268211128
070319370076027007268211128
315441078390194251070011032096258
315441078390194251070011454032096
315441078390194251070011454032096
019283071217465196130423233
019283071217465196130423233
057305428434182261
057305428434182261





411310407216134448428
411310407216134448428
411310407216134448428
216010306311416126461263
216010306416126461263
216010306311416126461
305402315252307361455042
305402315252307361455042
439168450013210
439007168013210
088456234240085164351062
088456234240085164351062
088456234240085164351062
148259297189248355047
148259297189248355047
125057126182447
125057126182461447
305365037374076078171268
305037374076078171268
305365037374076078268
123168356048268047
123168048268
123168356048268047
416374120370372115
416374120370372115
416374120370372115
123086148182073318108070050
123086148182073318108070050
114357315428125
232332096
182441125458027428211467398
182441125458027428211467398
312256263140
126283298011428196130423304
115037390370078341103
115037390370078341103
115037390370078341103
131426197148124027108292165301050
148124027108292165301050
075175441078408196130
075175441078408196
458357406
458357406
027434114
027163
382281069366310248214
003371275078085
003371275078085
189096421011
189096421011
096421374078133428082037
096421374078133428082037
187339037332082390465011258181
187339037332082390465011258181
118465133
154120434010251
154120434010251
114017088027458434370124330301
144306168134152
144306168134152
144306168134152
160002418108070222370228343
160002418108070222370228343
007173305307127103
007173305307127103
134094311070078153268242093
389405383037339018


421454379189134416
421454379189134416
260115037011401242
260115037011401242


026312251428
026312251428
309210341337074
309210341337074
251104260193219062254173428
251104260193219062254173428
154223088010272
088227434124263091
088085148019201305062
088085148019201305062
201085275164240123272
201085275164240123272
175364311216265078213
088078193458154
027123096227078234467304018

036382332088030
036382332088030
450389405383465078133355
450389405383465078133355
450389405383465078133355
315260037402026062013
315260037402026062013
315260037402026062
232360450010014374261
385402450260
189421102439100130103
189421102439100130103
189421102439100103













461163428037096336343421010401
461163428037096336343421010401
461163428037096336343421010401
131426094114181144182124034070
131426094114181144182124034070
131426094114181144182124034070
093402465260261374134007013
093402465260261374134007013
093402465260261374134007013
127151305019337148096
127151305019337148096
127151305019337148096
306450096153271014
306450096153271014


196130306187416
196130306187416
196130306187416
382411281069366310248214120
382411281069366310248214
075421096364390455171
075421096364390455171
175339144096322037341078133
175339144096322037341078133





071032125082332140134
261175153365271097152027
261175153365271097152027
310407428265160016
310407428265160016
070251389405383465240078010133
070251389405383465240078010133
070305384364097028124071041
240037085088173193
240037085088173193
125124114406093222362409426197131
125124114406093222362409426197131
341085201240398351078272
455107252361062127279302341123
032414306337125018
032414306337125018
088078193458154312
305217371096075339019304
305217371096075339019304


346175172082332336
154193124062447418179057
295245176016070182161211
114267007263402
085275372201164
104273439339096421242037204
104273439339096421242037204
104273439339096421242037204
057096078455305467
073086032248362183007442075222203034050
073032248362183007442075222203034050
389405383078363037
389405383078363037
123341337365062455007305268
123341337365062455007305268
233128108175442235124447370073050
233128108175442235124447370073050
366395310364411228216461
406057134014385297428007
406057134014385297428007
439173364260325251450385355
216228343163096390
216228343163096390
070384148314032076124093304305198197

029232037078370374010171
075319070232078076103196130423
134063010216265115214
208026331235073197108
208238026341073226108137
295252278148154263302223
455319215355128123
057134078428458465125071
057134078428458465125071
242457311070336007027096128074
032037259199096133078

088456234240085164351062
232332096
201085275164240123272
036382332088030
















