
360 57 228 160 280 78 335 219
360 57 228 160 280 78 335 219
360 57 228 160 280 78 335 219
273 325 410 11 28 29 32 100
273 325 410 11 28 29 32 100
273 325 410 11 28 29 32 100
173 260 465 315 148 251 134 254
173 260 465 315 148 251 134 254
173 260 465 315 148 251 134 254






123 8 148 388 305
123 8 148 388 305
123 8 148 388 305
153 341 70 319 404 32 135 441
153 341 70 319 404 32 135 441
306 19 123 361 126 433 339
306 19 123 361 126 433 339
364 384 28 283 305
364 384 28 283 305
55 295 114 97 319 30 458
55 295 114 97 319 30 458
70 325 410 309 242 76 335 134
70 325 410 309 242 76 335 134
70 88 57 416 144 402 28
70 88 57 416 144 402 28
70 88 57 416 144 402 28
70 88 416 10 402 28 63
70 88 416 10 402 28 63
70 88 416 10 402 28 63
295 397 245 247 10 385 29 458
295 397 245 247 10 385 29 458
187 88 123 193 298 384 181 134
187 88 123 193 298 384 181 134
123 295 125 279 458
123 295 125 279 458
306 123 78 455 168 305
306 123 78 455 168 305
410 411 310 57 134 202
410 411 310 57 134 202
410 411 310 57 134 202
341 70 126 297 134 219 407 305
341 70 126 297 134 219 407 305
341 156 27 355
341 156 27 355
341 325 123 11 28 305 441
341 325 123 11 28 305 441
17 57 193 298 384 10
17 57 193 298 384 10
154 73 193 297 315 299 148 219
154 73 193 297 315 299 148 219
325 70 28 148 318 319 370 235
325 70 28 148 318 319 370 235
187 37 75 181 335 421 132
187 37 75 181 335 421 132
173 194 450 248 385 46 254
173 194 450 248 385 46 254
173 194 450 248 385 46 254
426 210 26 197 114 131
426 210 26 197 114 131
426 210 26 197 114 131
70 325 331 114 370 235 219
70 325 331 114 370 235 219
70 325 331 114 370 235 219
410 411 228 314 215 114 202
410 411 228 314 215 114 202
410 411 228 314 215 114 202
309 173 23 62 335 251
309 173 23 62 335 251
238 325 36
238 325 36
238 325 36
193 57 94 96 421 135
193 57 94 96 421 135
374 154 260 367 335 29 390
374 154 260 367 335 29 390


306 127 78 148 388 252 168 134
306 173 123 402 115 134
306 173 123 402 115 134
88 124 279 364 114 199 218 186
88 124 279 364 114 199 218 186
119 173 78 350 234 218 201
119 173 78 350 234 218 201
341 309 416 26 46 199
341 309 416 26 46 199
119 19 173 279 164 303 456
119 19 173 279 164 303 456
119 19 173 279 164 303 456
119 325 36 134
17 426 330 26 197 131
17 426 330 26 197 131
87 410 173 210 364 10 134
87 410 173 210 364 10 134


256 411 314 298 78 11 202
256 411 314 298 78 11 202
341 325 410 360 279 11 29
341 325 410 360 279 11 29
309 226 248 182 183
309 226 248 182 183
374 37 397 78 367 232 29 370
85 341 275 297 303 456
85 341 275 297 303 456
325 70 410 75 76 78 232 319
325 70 410 75 76 78 232 319
295 176 397 245 16
314 10 265 63 216 134 236
70 88 397 144 76 148 335 390
102 104 88 23 385 134 270
102 104 88 23 385 134 270
189 173 260 297 367
189 173 260 297 367


154 124 193 247 298 434
70 311 27 335 319 116 219 356
124 298 197 235 458
208 73 331 26 197 131 235
238 341 426 208 73 26
123 126 151 134



428 397 315 78 367 148 100 186

428 57 78 116 134 458
428 57 78 116 134 458
428 57 78 116 134 458
428 57 78 116 134 458

325 173 23 364 382 402 46
325 173 23 364 382 402 46
87 309 23 210 62 46 134
87 309 23 210 62 46 134
104 78 148 455 388 305
57 397 78 96 218 133



104 173 402 219 100 254
104 173 402 219 100 254
104 173 402 219 100 254


444 70 160 265 11 216 134 202
444 70 160 265 11 216 134 202
444 70 160 265 11 216 134 202
153 306 187 71 76 148 319 421
153 306 187 71 76 148 319 421
153 306 187 71 76 148 319 421
189 325 260 75 450 11 421 99
189 325 260 75 450 11 421 99
189 325 260 75 450 11 421 99
17 397 365 144 434 96 319 305
17 397 365 144 434 96 319 305
123 361 127 402 455 252 457
123 361 127 402 455 252 457
297 30 356
297 30 356
88 377 297 27 355 305
88 377 297 27 355 305
306 123 78 455 168 305
341 10 134
341 10 134
55 446 295 114 97 319 30 458
295 397 245 247 10 385 29 458
123 295 125 279 458
154 295 278 397 298 148 252
154 295 278 397 298 148 252
306 173 123 107 127 298 315 388
306 173 123 107 127 298 315 388
341 37 55 416 314 335 271
341 37 55 416 314 335 271
341 37 55 416 314 335 271
410 411 310 57 134 202
154 295 397 279 10 402 29 219
154 295 397 279 10 402 29 219
346
173 194 450 248 385 46 254
314 298 10 96 63 114 182
314 298 10 96 63 114 182
314 298 10 96 63 114 182
341 70 7 364 384 28 97 305
160 265 78 114 216 182
160 265 78 114 216 182
215 455 319 355 356
37 260 383 78 11 335 405 389
37 260 383 78 11 335 405 389
428 57 78 116 134 458
428 57 78 116 134 458
361 107 279 127 62 455 252 457
374 154 260 367 335 29 390
85 341 298 201


154 227 416 298 10 28 148 458
408 70 314 281 336 134
408 70 314 281 336 134
325 19 175 78 11 30 32
70 242 311 336 457
119 325 36 134
374 123 295 176 245 75 314 370
374 123 295 176 245 75 314 370
19 173 402 46 134
70 311 27 335 319 116 219 356
407
172 126 30 134
70 124 314 76 384 148 32
70 242 345 125 465 75 416 367
70 242 345 125 465 75 416 367
3 181
3 181
325 37 259 416 11 96 199 32
325 37 259 416 11 96 199 32
341 325 26 10 62 199 202 254
341 173 23 402 270 424 322
341 173 23 402 270 424 322
306 154 309 23 194 385
189 325 173 260 364 439
361 107 78 455 305
307 70 384 28 132 319 456 305
307 70 384 28 132 319 456 305
102 104 88 23 385 134 270
374 70 37 144 11 133
374 70 37 144 11 133

120 88 298 384 404 32

309 226 248 182 183
309 226 248 182 183
124 298 197 235 458
208 73 331 26 197 131 235
238 341 426 208 73 26
345 295 298 78 367 182 319 116
295 176 397 245 16



273 144 78 11 100 305 390
273 144 78 11 100 305 390
273 144 78 11 100 305 390



104 260 75 76 216 115
104 260 75 76 216 115
104 260 75 76 216 115
70 325 319 404 370 116
70 325 319 404 370 116
70 325 319 404 370 116
194 315 78 251 441 390
194 315 78 251 441 390
194 315 78 251 441 390
19 71 465 283 217
19 71 465 283 217
428 57 397 434 305
428 57 397 434 305





411 310 448 216 134 407
411 310 448 216 134 407
411 310 448 216 134 407
306 311 126 416 10 216
306 311 126 416 10 216
306 311 126 416 10 216
307 361 315 402 252 305
307 361 315 402 252 305
7 450 439 168 254
7 450 439 168 254
85 240 88 234 456
85 240 88 234 456
85 240 88 234 456
189 259 297 248 148
189 259 297 248 148
125 57 126 182 404
125 57 126 182 404
374 37 365 76 78 367 305
374 37 365 76 78 367 305
374 37 365 76 78 367 305
123 116 168 356
123 116 168 356
123 116 168 356
374 120 416 404 370
374 120 416 404 370
374 120 416 404 370
86 70 123 73 108 148 182 318
86 70 123 73 108 148 182 318
357 428 364 315 114
119 332 232
428 125 397 298 27 182 441 458
428 125 397 298 27 182 441 458
256 312 298
410 428 126 298 283 11
37 115 370 390
37 115 370 390
37 115 370 390
426 124 108 197 27 131 148
426 124 108 197 27 131 148
408 175 75 78 441
408 175 75 78 441
397 458
397 458
434 27 356
27 163 356
69 411 382 281
3 275 106 371
3 275 106 371
189 96 421
189 96 421
374 428 367 78 96 421 404 133
374 428 367 78 96 421 404 133
187 37 332 82 339 390
187 37 332 82 339 390
465 367 116 118
154 120 397 434
154 120 397 434
17 325 88 434 27 114 370 458
306 144 168
306 144 168
306 144 168
2 70 108 160 418
2 70 108 160 418
307 173 7 305
307 173 7 305
70 311 94 78 320 134
37 383 405 389


379 454 421
379 454 421
37 260 11 115
37 260 11 115


325 312 26 251
325 312 26 251
410 325 309 210
410 325 309 210
104 260 193 62 251 219
104 260 193 62 251 219
154 298
88 227 434
85 19 88 148 201
85 19 88 148 201
85 240 275 123 164 201
85 240 275 123 164 201
175 311 364 265 216
88 106 193 78
123 227 397 27 78 96

36 382
36 382
325 465 450 383 78 405 133 389
325 465 450 383 78 405 133 389
325 465 450 383 78 405 133 389
37 260 315 26 402 62
37 260 315 26 402 62
37 260 315 26 402 62
325 360 450 10 367 232
260 450 385 402
102 189 421 439 100
102 189 421 439 100
102 189 421 439 100


















































341 70 7 364 384 28 97 305




85 341 298 201
361 107 279 127 62 455 252 457






























70 124 314 76 384 148 32

374 37 397 78 367 232 29 370
325 70 410 75 76 78 232 319
314 10 265 63 216 134 236
208 73 331 26 197 131 235
238 341 426 208 73 26
154 295 278 397 298 148 252
215 455 319 355 356
428 57 78 116 134 458
428 57 78 116 134 458
70 242 311 336 457
325 37 259 416 11 96 199 32

85 240 88 234 456
119 332 232
85 240 275 123 164 201
36 382
















