
149
149
149
33
33
33
188
188
188


257


27

315


315
27


315












57








315


315

57
357


57

182
57



182







257







27



315
27

27
182

182

315






27


315


315

357
315
182
182



182
406
257
357





315
146
257

146
146
182
315


176











315
120 173 176
120 243 27
120 257 456


176

123 124 193 466 434 267
149


33


188






315

315




403


433
433
27

176
























315











315


315
57
57






57













458






127 300











176

121









315



27


357
357
357


315










315


182
276
276 406
182
357






315




406
357

315



57










126
176
315

27
27




315










182
182





357
357
57
57
57







315 458
























































































315
182
182
257
146
146
433




57

357
182

357




















