
374 410 37 397 261 247 367 96 404 116 82 152
374 410 37 397 261 247 367 96 404 116 82 152
374 410 37 397 261 247 367 96 404 116 82 152
37 408 261 410 374 152 116 82 345 237 238 131 96 247 397 325 70 108 367 404
37 408 261 410 374 152 116 82 345 237 238 131 96 247 397 325 70 108 367 404
37 408 261 410 374 152 116 82 345 237 238 131 96 247 397 325 70 108 367 404
37 261 374 116 82 345 197 200 237 238 96 247 397 70 108 367 404 332
37 261 374 116 82 345 197 200 237 238 96 247 397 70 108 367 404 332
37 261 374 116 82 345 197 200 237 238 96 247 397 70 108 367 404 332


374 408 106 397 247 367 96 404 116


374 408 410 397 247 367 96 404 116 152
374 408 397 261 247 367 96 404 116
374 408 397 261 247 367 96 404 116
374 408 397 261 247 367 96 404 116
374 408 70 37 397 261 247 367 96 200 404 116 82 424
374 408 70 37 397 261 247 367 96 200 404 116 82 424
374 408 397 261 247 367 96 404 116
374 408 397 261 247 367 96 404 116
374 325 37 397 247 367 96 404 116
374 325 37 397 247 367 96 404 116
37 408 261 374 116 82 345 237 238 424 426 96 247 397 70 108 367 404 332
37 408 261 374 116 82 345 237 238 424 426 96 247 397 70 108 367 404 332
37 408 261 410 374 152 116 82 345 96 247 397 325 70 108 367 404 332
37 408 261 410 374 152 116 82 345 96 247 397 325 70 108 367 404 332
374 70 37 397 261 247 367 96 404 116 82
374 70 37 397 261 247 367 96 404 116 82
37 261 374 152 116 82 345 197 200 237 238 426 131 96 247 397 325 70 108 367 404
374 70 37 397 261 247 367 96 404 116 82
374 70 37 397 261 247 367 96 404 116 82
37 261 374 152 116 82 345 197 200 237 238 426 131 96 247 397 325 70 108 367 404
37 298 261 374 375 116 82 345 197 237 238 424 426 131 96 245 247 397 106 70 108 404 367 332
37 298 261 374 375 116 82 345 197 237 238 424 426 131 96 245 247 397 106 70 108 404 367 332
374 408 37 397 247 367 96 404 116
374 408 37 397 247 367 96 404 116
37 261 298 374 116 82 345 197 237 238 424 426 131 96 247 397 106 70 108 404 367 332
37 261 298 374 116 82 345 197 237 238 424 426 131 96 247 397 106 70 108 404 367 332
374 408 397 247 367 96 404 116
374 408 397 247 367 96 404 116
374 410 397 247 367 96 404 116
374 410 397 247 367 96 404 116
374 410 37 397 247 367 96 404 116
374 410 70 37 397 247 367 96 404 116 152
374 410 70 37 397 247 367 96 404 116 152
374 408 397 247 367 96 404 116
374 408 397 247 367 96 404 116
374 325 37 397 261 247 367 96 404 116
374 325 37 397 261 247 367 96 404 116
374 408 37 106 397 261 247 298 367 96 200 404 116 82
374 408 37 106 397 261 247 298 367 96 200 404 116 82
37 408 261 298 374 116 345 197 200 237 238 96 247 397 70 108 367 404
37 408 261 298 374 152 116 345 197 200 237 238 96 247 397 70 108 367 404
37 408 261 298 374 116 82 345 197 237 238 426 131 96 245 247 397 325 70 108 404 367
37 408 261 298 374 116 82 345 197 237 238 426 131 96 245 247 397 325 70 108 404 367
374 408 37 397 247 367 96 404 116
374 408 37 397 247 367 96 404 116
374 37 397 247 367 96 200 404 116 82
238 374 70 37 345 397 261 245 247 197 367 96 200 404 116 82 237
37 261 374 116 82 345 197 200 237 238 96 245 247 397 70 108 367 404
37 298 374 116 345 197 237 238 424 426 131 96 245 247 397 106 70 108 404 367
37 298 374 116 345 197 237 238 424 426 131 96 245 247 397 106 70 108 404 367
37 298 374 116 345 197 237 238 424 426 131 96 245 247 397 106 70 108 404 367
37 261 374 116 345 197 237 238 426 131 96 245 247 397 325 70 108 367 404
37 261 374 116 345 197 237 238 426 131 96 245 247 397 325 70 108 367 404
37 261 374 116 345 197 237 238 426 131 96 245 247 397 325 70 108 367 404
374 410 397 247 367 96 404 116
374 410 397 247 367 96 404 116
374 410 37 397 247 367 96 404 116
374 410 397 247 367 96 200 404 116
374 410 397 247 367 96 200 404 116
37 261 374 116 119 82 345 238 131 96 245 247 397 325 70 108 367 404 332
37 261 374 116 119 82 345 238 131 96 245 247 397 325 70 108 367 404 332
37 261 374 152 116 119 82 345 237 238 131 96 245 247 397 325 70 108 404 367 332
374 408 37 397 247 367 96 404 116
374 408 37 397 247 367 96 404 116
374 408 37 106 397 261 247 298 367 96 200 404 116 424
37 408 261 298 374 152 116 345 197 200 237 238 424 96 247 397 106 70 108 404 367
374 408 397 247 332 367 96 404 116 424
374 408 397 247 332 367 96 404 116 424
374 408 410 37 397 261 247 298 367 96 404 116
374 408 37 397 261 247 367 96 404 116
374 408 37 397 261 247 367 96 404 116
374 37 397 247 367 96 200 404 116
374 37 397 247 367 96 200 404 116
119 374 426 37 397 108 261 247 197 367 131 404 116
119 374 426 37 397 108 261 247 197 367 131 404 116
119 374 408 397 247 367 96 200 404 116
119 374 408 397 247 367 96 200 404 116
119 374 106 397 247 298 367 404 116
119 374 106 397 247 298 367 404 116
37 298 374 116 119 345 197 237 238 426 131 96 245 247 397 106 70 108 404 367
119 374 325 37 397 261 247 298 367 96 404 116
37 298 374 116 345 197 237 238 424 426 131 96 245 247 397 106 70 108 404 367
37 298 374 116 345 197 237 238 424 426 131 96 245 247 397 106 70 108 404 367
374 410 37 397 261 247 367 96 200 404 116 152
374 410 37 397 261 247 367 96 200 404 116 152
119 374 408 397 247 332 367 404 116 424
119 374 408 397 247 332 367 404 116 424
119 374 106 397 247 332 298 367 96 404 116
119 374 106 397 247 332 298 367 96 404 116
37 261 410 374 116 345 200 237 238 426 131 96 247 397 325 70 108 367 404
37 261 410 374 116 345 200 237 238 426 131 96 247 397 325 70 108 367 404
238 374 408 70 325 37 345 397 108 261 245 247 367 96 404 116 237
37 408 261 374 116 345 197 237 238 426 131 96 245 247 397 325 70 108 367 404
37 298 261 410 374 116 82 345 197 200 237 238 426 131 96 247 397 325 106 70 108 404 367 332
119 374 397 247 332 367 404 116
119 374 397 247 332 367 404 116
374 410 70 325 37 397 261 247 332 367 96 200 404 116
37 261 410 374 152 116 345 200 237 238 426 131 96 247 397 325 70 108 404 367 332
37 298 261 374 375 116 82 345 200 237 238 424 96 245 247 397 106 70 108 404 367 332
374 410 37 397 247 298 367 96 404 116
37 261 374 152 116 345 197 200 237 238 426 131 96 247 397 325 70 108 367 404
374 408 397 247 367 96 200 404 116
374 408 397 247 367 96 200 404 116
374 408 397 247 367 96 200 404 116
374 408 397 247 367 96 200 404 116
374 408 397 247 298 367 96 200 404 116 424
374 408 106 397 247 298 367 96 200 404 116 424
37 261 298 374 116 345 197 237 238 424 426 131 96 245 247 397 106 70 404 367
374 408 410 70 397 247 367 96 404 116 152
37 261 298 374 116 345 197 200 237 238 96 245 247 397 106 70 108 404 367
37 408 261 374 116 345 197 237 238 424 426 131 96 247 397 70 108 367 404
238 374 426 70 37 345 397 108 261 247 367 96 131 404 116 237
374 410 325 37 345 397 247 367 96 404 116 152
374 37 397 247 367 96 200 404 116

374 37 397 247 367 96 200 404 116 424
374 37 106 397 247 367 96 200 404 116

374 408 37 397 261 247 367 96 404 116
374 408 37 397 261 247 367 96 200 404 116
374 408 37 397 261 247 367 96 404 116 424
374 408 37 397 261 247 367 96 404 116
374 408 106 397 247 298 367 96 200 404 116 424
374 325 37 397 247 332 367 96 200 404 116
374 325 37 345 397 247 332 367 96 200 404 116
374 325 37 397 247 332 367 96 200 404 116
374 410 325 37 345 397 247 332 367 96 200 404 116 237 152
374 408 325 397 247 367 96 404 116
37 261 298 374 116 82 345 197 200 237 238 426 131 96 245 247 397 325 70 108 404 367 332 346
374 408 397 261 247 367 96 200 404 116
374 408 397 261 247 367 96 404 116 424
374 408 397 261 247 367 96 404 116
374 408 37 397 247 367 96 200 404 116 424
374 408 37 397 247 367 96 200 404 116 424
374 408 426 37 397 108 261 247 197 367 96 131 200 404 116 424 152
37 408 261 298 374 116 345 197 200 237 238 424 426 131 96 245 247 397 106 70 108 404 367 346
37 408 298 261 410 374 152 375 116 119 82 345 197 237 200 238 424 426 131 96 245 247 397 325 106 70 108 404 367 332
374 410 70 37 397 261 247 367 96 404 116
374 410 70 37 397 261 247 367 96 404 116 152
374 410 70 37 397 261 247 367 96 404 116 152
374 408 37 397 261 247 332 367 96 404 116 82
374 408 37 397 261 247 332 367 96 404 116 82 152
37 408 261 374 152 116 82 345 237 238 426 131 96 247 397 325 70 108 367 404 332
37 261 410 374 116 345 197 200 237 238 96 247 397 325 70 108 404 367
37 261 410 374 152 116 345 197 200 237 238 96 247 397 325 70 108 404 367
37 261 410 374 152 116 345 197 200 237 238 96 247 397 325 70 108 404 367
374 408 426 37 397 108 261 247 332 197 367 96 131 404 116 82 152
374 408 426 37 397 108 261 247 332 197 367 96 131 404 116 82 152
374 408 106 397 261 247 367 96 404 116
374 408 106 397 261 247 367 96 404 116
238 374 408 426 410 397 108 247 332 197 367 96 404 116
238 374 408 426 410 397 108 247 332 197 367 96 404 116
374 37 397 247 367 96 404 116
374 37 397 247 367 96 404 116
374 408 397 247 367 96 404 116
374 397 247 367 96 404 116 424
374 397 247 367 96 404 116 424
238 374 408 70 37 345 397 261 247 332 367 96 404 116 82 237 424
37 298 261 374 375 116 82 345 200 237 238 424 96 245 247 397 106 70 404 367 332
37 261 298 374 116 82 345 200 237 238 424 96 247 397 106 70 404 367 332
37 408 261 298 374 375 116 82 345 237 238 424 96 245 247 397 106 70 404 367 332
37 408 261 298 374 375 116 82 345 237 238 424 96 245 247 397 106 70 404 367 332
374 408 106 397 247 298 367 96 404 116 424
374 408 106 397 247 298 367 96 404 116 424
374 408 37 397 247 367 96 404 116 82 424
37 408 374 116 82 345 237 238 424 426 131 96 247 397 70 108 367 404
37 408 374 116 82 345 237 238 424 426 131 96 247 397 70 108 367 404
374 410 397 247 367 96 404 116
37 408 261 374 116 82 345 197 200 237 238 96 247 397 108 367 404 332
37 408 261 374 116 82 345 197 200 237 238 96 247 397 108 367 404 332
37 261 298 374 116 119 82 345 197 237 238 426 131 96 247 397 325 70 108 404 367 332
238 374 70 37 345 397 108 261 245 247 367 96 200 404 116 82 237
374 410 397 247 367 96 404 116 82
374 410 397 247 367 96 404 116 82
374 410 397 247 367 96 404 116 82
37 408 261 374 152 116 82 345 197 237 238 424 426 131 96 245 247 397 106 70 108 404 367
374 410 397 247 367 96 404 116
374 410 397 247 367 96 404 116
374 408 106 397 247 367 96 404 116
374 37 397 108 261 247 332 197 367 96 404 116 82
238 374 70 37 345 397 108 261 247 332 197 367 96 404 116 82 237
374 408 37 106 397 261 247 298 367 96 404 116
374 408 37 106 397 261 247 298 367 96 404 116
374 408 106 397 261 247 298 367 96 200 404 116 424
37 408 261 298 374 152 116 345 197 200 237 238 424 96 247 397 106 70 108 404 367
374 408 106 397 247 298 367 96 404 116 82 424


374 408 37 106 397 261 247 298 367 96 404 116 424
119 374 70 325 37 397 247 332 367 96 404 116 82
119 374 70 325 37 397 247 332 367 96 404 116 82
374 70 325 37 106 397 261 247 332 298 367 96 404 116 82 424
374 408 410 70 325 106 397 247 367 96 404 116 152
119 374 325 37 397 261 247 332 367 96 404 116 82
37 261 374 116 82 345 197 237 238 424 426 131 96 245 247 397 70 108 367 404
37 261 374 116 82 345 197 237 238 424 426 131 96 245 247 397 325 70 108 404 367
374 408 410 397 247 332 367 96 200 404 116 82 424
374 408 410 70 397 247 367 96 404 116 152
374 325 37 397 261 247 332 367 96 404 116 82
374 410 70 325 37 345 397 247 367 96 404 116 152
408 261 298 410 374 152 116 82 197 200 96 247 397 106 70 108 367 404
37 408 261 410 374 152 116 82 345 197 237 238 426 131 96 245 247 397 70 108 404 367 332
37 408 261 410 374 152 116 82 345 197 237 238 426 131 96 245 247 397 325 70 108 404 367 332
374 325 37 397 261 247 332 367 96 404 116 82
374 325 37 397 261 247 332 367 96 404 116 82
374 325 37 397 261 247 367 96 200 404 116 82
374 325 37 397 261 247 367 96 200 404 116 82
119 374 325 37 397 261 247 332 367 96 404 116 82
374 408 397 261 247 367 96 404 116 82 424
374 408 345 397 261 247 367 96 404 116 82 424
238 374 408 70 37 345 397 261 247 367 96 200 404 116 237
374 408 37 397 261 247 367 96 200 404 116
374 408 70 325 397 261 247 367 96 404 116
374 408 70 37 106 397 261 247 367 96 404 116
374 408 70 37 106 397 261 247 367 96 404 116
374 408 37 397 247 367 96 200 404 116
374 70 37 397 261 247 332 367 96 404 116 82
374 70 325 37 397 261 247 332 367 96 404 116 82
374 408 106 397 247 298 367 96 200 404 116 82 424
374 408 37 106 397 261 247 298 367 96 404 116 424

374 408 70 325 37 345 397 261 247 367 96 404 116 237
374 408 70 325 37 345 397 261 247 367 96 404 116 237
37 261 298 374 116 345 197 200 237 238 96 245 247 397 106 70 108 404 367
37 408 261 374 116 345 197 237 238 424 426 131 96 247 397 70 108 367 404
238 374 426 70 37 345 397 108 261 247 367 96 131 404 116 237
37 298 261 374 116 82 345 197 200 237 238 424 426 131 96 245 247 397 325 70 108 404 367 332
37 261 374 375 116 82 345 200 237 238 424 96 245 247 397 106 70 108 404 367 332
374 408 37 397 261 247 298 367 96 404 116 424
374 408 37 397 261 247 298 367 96 404 116
374 408 37 397 261 247 298 367 96 200 404 116
374 325 37 397 261 247 367 96 404 116
374 325 37 397 261 247 367 96 404 116
37 261 374 152 116 345 237 238 424 131 96 247 397 325 70 108 367 404
374 408 37 106 397 261 247 298 367 96 200 404 116 424
374 408 106 397 261 247 298 367 96 404 116 424
374 408 410 106 397 261 245 247 298 367 96 404 116 82
37 408 261 410 374 152 116 345 237 238 426 96 247 397 70 108 367 404
37 408 261 410 374 152 116 345 237 238 426 96 247 397 70 108 367 404
37 408 261 410 374 152 116 345 237 238 426 96 247 397 70 108 367 404
238 374 408 410 70 325 37 345 397 261 247 367 96 404 116 237
37 408 261 410 374 152 116 345 237 238 426 131 96 247 397 325 70 108 367 404
37 408 261 410 374 152 116 345 237 238 426 131 96 247 397 325 70 108 367 404
374 37 397 261 247 332 367 96 200 404 116 82
37 261 374 116 82 345 197 200 237 238 96 247 397 325 70 108 404 367 332
37 261 374 116 82 345 197 200 237 238 96 247 397 325 70 108 404 367 332
374 70 37 397 261 247 298 367 96 404 116
374 70 37 397 261 247 298 367 96 404 116
374 408 37 397 261 247 332 367 96 200 404 116 82 424 152
374 408 37 397 261 247 332 367 96 200 404 116 82 424 152


374 408 397 247 367 96 404 116

374 408 397 247 367 96 404 116
374 410 37 397 247 367 96 200 404 116
374 426 410 37 397 108 261 247 197 367 96 131 200 404 116
37 261 410 374 116 345 197 200 237 238 426 131 96 245 247 397 70 108 404 367
119 374 410 37 397 247 332 367 96 404 116 82
119 374 408 410 37 397 261 247 332 298 367 96 404 116 82 237 152
119 374 408 410 37 397 261 247 332 298 367 96 404 116 82 237 152
374 408 70 397 261 247 367 96 404 116
374 408 70 397 261 247 367 96 404 116
374 408 397 261 247 367 96 200 404 116
374 408 397 261 247 367 96 200 404 116
374 426 37 106 397 261 247 298 197 367 96 131 200 404 116 82 424
374 426 37 106 397 261 247 298 197 367 96 131 200 404 116 82 424
374 426 37 106 397 261 247 298 197 367 96 131 200 404 116 82 424
374 408 397 247 298 367 96 200 404 116
374 408 397 247 298 367 96 200 404 116
374 410 37 397 247 367 96 404 116
238 374 426 410 70 37 345 397 108 261 247 367 96 404 116 237 152
37 261 374 152 116 345 197 200 237 238 426 131 96 247 397 325 70 108 367 404
37 261 374 152 116 345 197 200 237 238 426 131 96 247 397 325 70 108 367 404
37 261 374 152 116 345 197 200 237 238 426 131 96 247 397 325 70 108 367 404
374 397 261 247 367 96 404 116 152
374 408 410 397 261 247 367 96 404 116 152
374 106 397 261 247 367 96 404 116 152
37 261 298 374 116 82 345 197 200 237 238 426 131 96 247 397 70 108 404 367 332
37 261 298 374 116 82 345 197 200 237 238 426 131 96 247 397 325 70 108 404 367 332
37 261 298 374 116 82 345 197 200 237 238 426 131 96 247 397 325 70 108 404 367 332
37 261 374 116 345 197 237 238 426 131 96 245 247 397 325 70 108 367 404
37 261 374 116 345 197 237 238 426 131 96 245 247 397 325 70 108 367 404
374 408 37 397 261 247 332 367 96 200 404 116 82
37 261 374 116 119 82 197 424 426 131 96 247 397 325 108 367 404 332
374 408 37 106 397 261 247 332 298 367 96 200 404 116 82 424
374 408 37 106 397 261 247 332 298 367 96 200 404 116 82 424
37 261 298 374 152 116 345 197 237 238 426 131 96 245 247 397 106 70 108 404 367
37 261 298 410 374 116 345 197 200 237 238 426 96 247 397 325 70 108 404 367
374 325 37 397 261 247 332 367 96 404 116 82 152
374 325 37 397 261 247 332 367 96 404 116 82 152
37 261 374 152 116 82 345 197 200 237 238 424 426 131 96 247 397 325 70 108 404 367 332
37 408 261 298 374 116 345 197 237 238 426 131 96 245 247 397 106 70 108 404 367
37 408 261 298 374 116 345 197 237 238 426 131 96 245 247 397 325 106 70 108 404 367
374 408 37 397 261 247 367 96 404 116 424
374 408 37 397 261 247 367 96 404 116 424
37 408 261 374 116 82 345 237 238 424 426 96 245 247 397 70 108 367 404 332
37 408 261 374 116 82 345 237 238 424 426 96 245 247 397 70 108 367 404 332
37 408 261 298 374 116 345 197 237 238 424 426 96 245 247 397 70 108 404 367
37 408 261 298 374 116 345 197 237 238 424 426 96 245 247 397 70 108 404 367
374 408 410 37 397 261 247 298 367 96 404 116 152
37 261 374 116 119 82 197 426 131 96 247 397 106 70 108 367 404 332
37 261 374 116 119 82 197 426 131 96 247 397 106 70 108 367 404 332
374 408 397 261 247 367 96 200 404 116 152
374 408 397 261 247 367 96 200 404 116 152
374 37 397 247 332 367 96 200 404 116 82
374 37 397 247 332 367 96 200 404 116 82
374 325 37 397 261 247 332 367 96 404 116 82
119 374 325 37 397 261 247 332 367 96 404 116 82
119 374 325 37 397 261 247 367 96 404 116
374 408 37 106 397 247 298 367 96 200 404 116
37 408 261 298 374 116 345 197 200 237 238 426 131 96 247 397 106 70 108 404 367
37 408 298 261 374 116 82 345 197 200 237 238 426 131 96 245 247 397 325 106 70 108 404 367 332
374 325 37 397 261 247 367 96 404 116
374 408 325 37 397 261 247 367 96 404 116
374 408 325 37 397 261 247 367 96 131 404 116 152
238 374 426 410 70 37 345 397 108 261 247 367 96 404 116 152
238 374 426 410 70 37 345 397 108 261 247 367 96 404 116 237 152
374 408 37 106 397 261 247 298 367 96 404 116
374 408 37 106 397 261 247 298 367 96 404 116
37 408 261 410 374 152 116 82 345 197 200 237 238 424 426 131 96 247 397 325 70 108 404 367 332
374 408 37 397 261 247 367 96 404 116 152
119 374 408 325 37 106 397 247 332 298 367 96 404 116 82
119 374 408 325 37 106 397 247 332 298 367 96 404 116 82
374 397 261 247 367 96 200 404 116
374 325 397 261 247 367 96 200 404 116
374 410 70 37 397 261 247 367 96 200 404 116 152
374 408 410 70 37 397 261 247 367 96 200 404 116 152
119 374 325 106 397 261 247 298 367 96 404 116
119 374 325 106 397 261 247 298 367 96 404 116
374 325 37 397 261 247 298 367 96 404 116
374 325 37 397 261 247 298 367 96 404 116
374 410 325 37 397 261 247 367 96 404 116 152
374 410 325 37 345 397 261 247 367 96 404 116 152
374 408 397 247 367 96 200 404 116
374 408 37 397 261 247 298 367 96 200 404 116
374 408 37 397 247 298 367 96 200 404 116 82 424
37 408 298 261 374 152 116 82 345 197 200 237 238 424 426 131 96 245 247 397 325 70 108 404 367 332
374 37 106 397 247 298 367 96 200 404 116 424
374 37 106 397 261 245 247 298 367 96 200 404 116 424
374 37 106 397 247 298 367 96 200 404 116
37 261 298 374 116 345 197 200 237 238 426 131 96 245 247 397 325 106 70 108 404 367
374 410 37 397 261 247 367 96 404 116 152
374 106 397 247 332 298 367 96 200 404 116 82
37 408 261 298 410 374 152 116 200 424 96 247 397 325 106 70 367 404

374 37 397 247 367 96 200 404 116
119 374 37 397 247 332 367 96 200 404 116 82
374 325 37 397 261 247 332 367 96 200 404 116 82
374 325 37 397 261 247 332 367 96 200 404 116 82
374 325 37 397 261 247 332 367 96 200 404 116 82
374 37 397 247 367 96 200 404 116
374 408 37 397 261 247 367 96 200 404 116
374 408 37 397 261 247 367 96 200 404 116
374 325 37 397 261 247 298 367 96 200 404 116
374 408 397 247 298 367 96 200 404 116
374 325 37 397 261 247 367 96 404 116 152
374 325 37 397 261 247 332 367 96 404 116 82 152
374 408 325 37 397 261 247 332 367 96 404 116 82 152

37 408 261 298 374 152 116 119 82 197 200 426 96 247 397 325 108 367 404 332
37 408 261 298 374 152 116 119 82 197 200 426 96 247 397 325 108 367 404 332
37 261 298 374 116 119 82 345 197 237 238 424 426 131 96 247 397 325 70 108 404 367 332
37 298 261 374 116 119 82 345 197 200 237 238 424 426 96 247 397 325 70 108 404 367 332
37 261 298 374 116 119 82 345 197 237 238 424 426 96 247 397 325 70 108 404 367 332
374 408 37 106 397 261 247 298 367 96 200 404 116 424 152
374 408 37 106 397 261 247 298 367 96 200 404 116 424 152
374 408 325 37 397 261 247 298 367 96 200 404 116 82 424
37 408 261 298 410 374 152 116 82 345 237 238 424 426 131 96 247 397 325 70 108 404 367 332
374 408 325 37 397 261 247 298 367 96 200 404 116 424 152
37 408 261 298 374 116 82 197 200 424 426 131 96 245 247 397 106 108 367 404
37 408 261 298 374 116 345 197 200 237 238 424 426 131 96 247 397 325 106 70 108 404 367





































37 408 261 374 152 116 82 345 197 237 238 424 426 131 96 245 247 397 106 70 108 404 367




374 408 106 397 247 298 367 96 404 116 82 424
374 408 106 397 261 247 298 367 96 200 404 116 424






























408 261 298 410 374 152 116 82 197 200 96 247 397 106 70 108 367 404
374 408 397 247 332 367 96 404 116 424
37 298 261 410 374 116 82 345 197 200 237 238 426 131 96 247 397 325 106 70 108 404 367 332
37 261 410 374 152 116 345 200 237 238 426 131 96 247 397 325 70 108 404 367 332
374 410 37 397 247 298 367 96 404 116
37 408 261 374 116 345 197 237 238 424 426 131 96 247 397 70 108 367 404
238 374 426 70 37 345 397 108 261 247 367 96 131 404 116 237
37 408 261 298 374 375 116 82 345 237 238 424 96 245 247 397 106 70 404 367 332
374 408 106 397 247 367 96 404 116
374 408 37 397 261 247 367 96 404 116
374 408 37 397 261 247 367 96 404 116
374 408 410 70 325 106 397 247 367 96 404 116 152
374 325 37 397 261 247 367 96 200 404 116 82
374 408 106 397 247 298 367 96 200 404 116 82 424
374 426 37 106 397 261 247 298 197 367 96 131 200 404 116 82 424
37 261 374 116 119 82 197 424 426 131 96 247 397 325 108 367 404 332
37 261 298 374 116 345 197 200 237 238 426 131 96 245 247 397 325 106 70 108 404 367
374 37 397 247 367 96 200 404 116














