
444 461 411 343 412 310 416 162 366 163 96 216 288 407
444 461 376 411 412 310 416 162 366 163 96 216 288 407
444 461 376 411 412 310 416 280 162 366 163 96 216 288 407
340 102 136 365 162 113 130 132 372 339
340 102 136 365 162 113 130 132 372 339
340 102 136 137 348 365 9 162 113 130 181 132 99 372 457 339
459 308 189 309 360 412 414 448 296 449 45 14 32 203
459 308 189 309 360 412 414 448 296 449 45 14 32 203
459 308 189 139 309 360 412 414 448 296 449 45 14 32 203
393 412 47
172
54 395 415 297 366 402 63 335 455 48 168 288 356
393 47 286
172
307 18 431 7 144 281 438 285 115 151 305
306 412 7 415 127 9 333 455 337 439 252 168 457
306 412 7 415 127 9 333 455 337 439 252 168 457
306 412 7 415 127 9 333 455 337 439 252 168 457
306 18 412 191 414 398 75 144 400 96 115 32 305
306 18 410 412 191 414 398 75 144 400 96 115 32 305 339
18 5 107 278 7 162 333 217 252 151 305
18 5 107 278 7 162 282 333 217 252 151 305
341 2 155 462 258 173 158 383 217 286 405 167 32 389
75 2 155 341 158 196 383 423 462 130 389 167 173 286 217 32 405 258
306 425 427 89 414 364 7 162 128 95 422 219 424
306 425 427 414
340 408 153 309 365 332 336 82 337 286 338 152 169
340 408 153 309 76 365 332 336 82 337 286 338 152 169
340 153 54 140 414 431 75 162 94 283 182 286 32
340 153 54 140 414 431 75 162 94 283 182 286 32
340 37 414 109 94 401 286
54 140 278 431 144 94 182 217 285 286 151 185 186
54 140 278 431 144 94 182 217 285 286 151 185 186
239 278 109 144 94 421 286
289 357 68 256 223 447 244 245 161 162 179 146 249 114 97 82 219
357 245 249 97
306 136 120 54 277 414 129 113 62 164 335 132 320 456 201
306 263 113 62 335
357 289 88 37 447 192 332 247 316 96 97 82 169
357 88 97 82
19 173 8 9 215 402 62 283 234 32 457
341 19 173 8 9 215 402 62 283 234 32 457
1 256 2 223 156 395 280 366 264 236 407 288
1 256 2 223 156 395 280 366 264 236 407 288
376 395 280 236 16 288
340 156 395 464 365 163 215 386 288 16
340 156 395 464 74 365 163 215 386 288 16
88 412 395 297 467 366 299 402 215 283 148 63 355 288
88 412 395 297 467 366 299 402 215 283 148 63 48 168 355 356 288
340 19 87 258 261 398 109 365 110 162 232 337 133
340 19 87 258 261 398 109 433 365 110 162 232 268 336 337 133
340 153 341 18 54 123 276 124 365 263 162 417 128 268 32
340 153 409 341 18 291 54 123 124 365 263 162 417 128 268 32
340 153 341 189 88 414 448 449 450 467 298 10 63
340 153 341 189 88 414 448 449 450 467 298 10 63 12
340 153 222 341 18 71 208 345 73 144 60 217 404 421 304
340 153 222 341 18 307 208 141 345 73 144 60 217 404 421 304
136 137 7 75 416 113 130 181 182 217 319 320 32 271 135
121 130 320 423 32 271
308 189 37 258 259 447 193 448 450 45 97 46 29
308 189 37 258 259 447 193 448 450 45 97 46 29
396 193 108 248 46 97
419
154 88 209 312 330 297 314 434 299 419 63 250 301
52 154 88 209 312 297 314 434 299 419 63 250 301
222 445 208 345 396 447 73 108 144 148 318 217 339
222 445 208 345 396 447 73 108 144 148 318 217 339
222 445 208 345 396 447 73 108 144 148 318 217 339
444 2 155 462 395 310 463 210 364 366 163 288 407
444 2 155 462 395 310 463 210 364 366 163 288 407
444 310 383 366 213 214 405 389 407
341 2 189 462 463 431 449 26 402 46 64 285 286
341 2 189 462 463 431 449 26 402 46 64 285 286
119 391 324 412 327 260 346 110 332 232 96 82 322
119 391 324 412 327 260 346 110 332 232 96 82 322
119 391 324 412 327 260 346 110 332 232 96 82 322
137 412 414 7 41 416 162 129 113 132 390 135
306 239 137 414 7 41 416 162 129 113 285 132 151 390 135
308 88 412 175 465 448 363 449 467 162 298 78 10 299 63
459 308 88 412 175 465 448 363 449 467 162 298 78 10 299 63
341 427 377 412 89 243 379 466 230 231 402 253 424 220 169
341 427 377 412 89 243 379 466 433 230 231 402 253 424 220 169
410 5 278 210 7 126 365 8 9 128 285 217 268 337 151 152
306 307 4 107 278 7 93 162 115 151 305 441
306 307 4 107 278 7 433 162 282 115 151 305 441
175 90 23 450 416 195 162 316 44 198 114 12 335 200 13 14
175 90 23 416 195 162 316 44 198 114 12 335 200 13 353 14 355
289 341 172 240 88 258 3 141 261 249 368 284 369 167
289 341 172 240 88 258 3 141 261 249 368 284 369 167
459 412 23 296 59 195 44 402 198 199 454 217 203
459 431 23 296 381 382 402
85 106 277 193 398 347 384 78 62 267 80 234 218 269
85 106 277 193 398 347 384 78 350 62 267 80 234 218 269
85 106 277 193 398 347 384 78 350 62 267 80 234 218 269
391 341 307 324 205 172 104 412 327 260 328 364 78 96 336 31 338
289 154 88 175 193 297 263 467 298 299 63 284 404 235
289 409 154 88 175 193 297 263 467 298 299 63 284 404 269 235
443 172 259 242 72 260 296 364 44 45 46 217 166 134 390
443 172 259 242 72 260 296 364 44 45 46 217 166 134 390
408 119 341 377 55 412 379 56 346 332 231 251 219 169
408 119 341 377 55 412 379 56 346 332 231 251 219 169
51 461 376 395 193 25 314 366 264 299 216 63 441 288
460 343 193 25 111 214 63 390
307 38 175 141 39 414 40 126 144 162 96 217 421 115
307 38 175 141 39 414 40 126 144 162 96 217 421 115
34 207 331 144 94 43 128 60 248 318 148 183 319 235 116 237
442 238 426 86 70 226 362 7 128 60 61 197 318 131 305 50
341 462 88 463 294 210 364 332 315 402 233 218 82 390
119 85 18 240 173 412 346 368 284 369 371 372 169
119 85 18 240 173 412 346 93 368 284 369 371 372
391 239 414 416 110 185 151 390 339 322 186
391 171 239 414 416 110 185 151 390 339 322 186
289 357 375 141 414 162 315 111 179 249 96 97 82 219
1 444 428 395 463 294 210 364 366 264 163 11 64 31 202 236 288
238 307 273 124 414 91 75 398 93 61 217 319 116 32
189 448 7 144 44 45 46 217 439 372 100 101
189 448 7 144 44 45 46 217 439 372 100 101
239 278 414 449 7 450 452 402 13 185 134 151 186
239 278 414 449 7 450 452 402 285 13 185 134 151 186
408 68 172 53 291 189 309 412 448 312 249 46 219 169
408 309 448 312 62
297 335 299 114 228 235 313 165 314 97 247 26 63 397 434 27 67 292 219 330
410 152 7 9 268 305 306 457 311 126 128 93 464 95 365 217 144 442
289 221 290 35 37 463 447 125 24 279 197 97 234 218
306 408 425 222 426 341 427 89 217 354 422 219
136 123 212 399 129 113 62 131 217 132 371 372
443 172 410 445 345 464 396 144 43 401 318 421 166 31
307 412 157 277 414 467 416 316 404 421 185 339 305
412 385 134
102 308 189 190 196 421 217 439 14 32 100
357 308 189 37 448 449 279 195 162 44 62 198 335 353 254
432
306 412 414 211 416 162 27 182 437 337 32
306 189 173 3 412 414 448 23 211 262 182 13 337 32
306 427 412 89 414 211 7 94 281 182 337 422 423 424
306 412 414 211 212 129 113 130 182 132 337 371 32 339
412 89 312 227 7 313 466 297 433 231 352 65 66 355 220
459 189 428 259 448 296 332 44 11 64 217 32 322
459 189 428 259 448 296 381 332 44 11 64 217 32 322
340 1 172 259 463 243 11 12 217 337 116 236
340 1 172 259 463 243 365 128 11 12 217 268 337 116 236
204 325 190 157 7 75 416 196 130 402 11 320 423 457 32 339
374 36 37 412 157 465 75 332 10 316 367 29 82 218
170 290 35 7 415 195 314 248 333 198 11 353 168 254
86 427 308 55 89 107 278 7 282 333 11 422 219 424
136 376 361 7 399 9 333 113 11 181 335 132 116 457
102 103 273 462 190 364 7 335 217 439 14 100 424
102 103 273 462 190 364 7 335 217 439 14 100 424
102 426 103 273 462 190 364 7 333 131 335 217 439 14 100 457 424
408 154 88 292 22 312 26 298 10 299 63 250 301 165 233 335 254
289 238 22 432 245 263 26 299 10 27 11 233
376 411 37 412 310 228 314 162 264 335 219 288 407 16
376 411 37 412 310 228 314 162 264 335 219 288 407 16
376 411 37 412 310 228 314 280 162 264 335 219 288 407 16



340 307 341 189 448 75 365 196 401 217 421 14 32 134 339
340 307 341 189 448 75 365 196 401 217 421 14 32 134 339
340 307 341 189 448 7 75 365 196 401 217 421 14 32 134 339
340 306 153 192 364 398 146 316 10 27 148 182 233 82
340 306 153 192 364 398 146 316 10 27 148 182 233 82
120 412 106 193 278 314 416 467 162 9 333 148 63 302 441
120 361 412 106 193 278 314 416 467 162 9 333 148 63 302 441
408 412 226 7 314 61 27 402 96 335 48 219 356
408 412 226 7 314 61 27 402 96 335 48 219 356
153 393 380 398 7 281 299 215 351 267 64 285 286 339
153 393 380 398 7 281 299 215 351 267 47 64 285 286 339
341 19 173 74 8 9 215 402 62 283 234 32 457
189 89 55 379 448 416 45 402 62 46 13 134 355 424
189 89 55 379 448 416 383 45 402 62 46 13 405 134 389 355 424
427 57 414 263 406 424
289 357 57 228 114 406 67
357 289 57 82 406 67
57 465 245 211 162 146 27 11 96 114 335 406 458
57 465 228 245 211 162 146 27 11 96 114 335 406 458
272 154 223 292 278 299 419 62 267 250 233 165 217 302 458
272 154 223 292 278 415 299 419 62 267 250 233 165 217 302 458
69 427 291 412 55 89 162 422 355 219 424
69 427 291 412 55 89 162 422 355 219 424
69 426 427 291 412 55 89 162 131 422 355 219 424
395 228 399 213 214 236 407
308 189 412 414 448 332 96 46 13 82 14
308 189 412 414 448 332 96 46 13 82 14
460 222 171 36 325 327 123 328 364 398 247 96 134 67
192 193 279 41 46 97 404
51 69 461 240 411 156 412 395 414 41 366 385 216 236 440 288
51 69 461 240 411 156 412 395 414 41 366 385 216 236 440 288
51 69 461 240 411 156 412 395 414 41 366 385 216 236 440 288
340 153 408 341 19 428 141 414 7 211 93 263 27 337
1 461 411 156 343 310 160 399 163 216 115 236 202
289 51 1 461 376 310 160 280 399 163 214 216 236 202
306 86 341 377 412 193 9 95 402 11 148 48 457 440 441 305
308 258 173 259 260 448 414 465 364 262 110 10 254
308 258 173 259 260 448 414 465 364 262 110 10 254
306 408 154 257 292 412 414 211 297 298 299 182 63 337
306 18 341 256 412 123 414 211 62 182 165 234 337 305
18 19 173 123 278 398 417 267 234 457 305
291 88 412 175 465 448 449 467 263 162 298 78 299 63 437 404 184
19 291 275 277 347 279 297 162 384 62 164 234 303
184
85 70 335 251
18 19 292 412 7 75 297 93 467 162 27 299 165 63 271 390
119 309 412 277 346 296 416 382 264 96 30 47 203 169
296 412 264 119 416 231 47 382 309 346 277 203 169 466 96 431 30 253
307 341 87 158 465 416 332 384 333 11 115 82 134 305
306 341 172 410 123 464 210 365 166 286 337 440 152
260 75 78 412 338 341 307 196 423 130 205 391 96 172 324 104 327 364 31 328
307 412 175 277 414 57 75 416 196 130 218 320 423 32 339
307 412 175 277 414 57 75 416 196 130 218 320 423 32 339
448 189 412 44 416 85 382 383 14 389 281 318 172 431 285 249 286 332
410 152 7 268 305 306 50 311 126 128 203 204 93 242 464 365 217 144
459 155 462 293 316 114 335 64 30 47
239 70 412 5 416 43 60 128 268 217 319 116 185 151
340 306 153 341 123 242 7 365 417 28 198 217 200
340 153 374 71 123 141 125 57 365 316 217 421 218 407
340 153 374 171 71 123 125 365 316 217 421 218 407 339
136 172 325 37 327 465 312 109 212 10 113 11 371
136 172 325 37 327 465 312 109 212 10 113 11 371
290 35 258 412 260 261 416 110 10 198 200 116 271 254
290 35 258 260 278 261 416 110 196 10 11 200 116 151 271 254
172 223 291 412 312 381 109 315 45 11 46 13 251 322
51 190 448 23 449 297 144 195 46 355 220
51 190 463 448 23 297 144 195 46 64 167 270 355 322
295
51 189 412 175 7 449 41 297 416 45 402 62 46 13 355 457
408 243 278 7 8 382 365 9 128 217 268 337 388 151
187 136 123 75 263 112 113 28 130 217 371 320 32 271
187 136 123 75 263 112 113 28 130 217 371 320 423 32 271
189 465 448 7 144 44 45 46 217 439 372 100 101
412 57 364 211 416 162 332 264 96 82 116 134 271
18 309 157 210 364 110 162 332 130 232 82 423 185 134 151 339
190 412 89 312 227 7 313 466 297 433 231 65 82 66 355 220
52 19 54 412 193 330 416 467 62 233 217 337 201 390
358
412 124 182 148
306 86 70 309 7 331 144 128 60 436 318 115 305 169
289 357 290 35 223 125 24 279 299 63 234 218 406 67
306 408 425 222 426 341 427 89 217 354 422 219
136 123 212 399 129 113 62 131 217 132 371 372
37 54 412 447 176 246 467 162 332 30 82 390 169
289 357 375 141 414 162 315 111 179 249 96 97 82 219
306 120 52 427 308 89 379 75 314 217 320 422 32 423
136 120 52 212 129 113 130 217 132 404 320 32 390 118
120 52 35 308 189 23 415 196 46 217 251 32 168 254
391 341 325 190 277 75 110 80 217 421 32 338 339
391 341 325 190 277 75 110 80 217 421 32 338 339
391 341 325 190 277 75 110 196 130 80 217 421 423 32 338 339


154 312 176 228 177 279 264 179 27 214 11 216 63 335
289 306 1 341 86 156 7 364 217 236 117 305
289 306 1 341 86 7 364 126 213 214 217 152 305
289 306 1 341 86 464 7 364 126 213 214 268 217 305
340 306 136 278 144 365 162 113 132 337 252
340 306 137 362 278 144 365 162 94 113 337 252 49
340 306 34 137 362 278 144 365 42 162 94 113 131 337 49
189 412 260 261 448 296 416 162 148 454 30 115
258 412 259 261 448 262 296 416 110 162 148 30 115
171 258 412 259 261 448 262 296 416 110 162 148 30 115
187 18 412 398 75 416 417 112 404 337 320 32 271 339
187 18 412 398 416 417 112 420 404 337 320 32 271 339
71 412 175 260 141 414 162 281 316 29 337 134 271
153 409 71 412 175 260 141 414 365 162 316 29 337 271
393 412 47 286
172
1 257 156 395 21 455 48 168 236 356
172
256 430 296 297 63 455 48 168 219 356
1 19 308 467 162 264 265 46 236 117 254
153 1 19 189 124 450 467 162 265 46 441
19 162 265 236
119 172 411 399 163 265 30
289 120 172 310 429 123 124 311 163 265 404
123 310 263 214 455
306 5 278 7 144 162 9 95 115 457
306 5 278 7 144 162 9 282 95 115 457
306 5 448 449 7 162 9 333 402 457 254 305
189 277 141 448 449 296 415 450 162 383 333 402 405 457 389 254
52 154 223 106 57 193 228 162 95 299 419 63 201
52 154 223 106 57 193 228 162 95 299 419 63 201
52 154 54 106 193 228 179 162 95 299 419 63 201 458
306 173 7 450 27 45 46 407 254
272 306 395 450 9 45 455 48 168 407 339 356
1 461 156 343 412 395 175 163 216 386 236 288
1 70 343 412 395 175 226 362 108 248 147 216 236
340 70 71 123 465 363 10 114 134
340 153 70 144 365 145 114 319 116 441
340 171 70 71 123 141 465 363 10 114 404 134 304
340 153 172 87 242 261 126 248 215 337
340 153 341 172 410 464 7 365 248 95 27 215 47 337 152
340 153 172 177 347 248 384 215 62 351 164 337
289 187 341 19 192 316 367 402 320 441 390
289 187 341 19 192 316 367 402 320 32 441 390
289 187 341 19 190 192 75 196 316 367 130 402 320 423 32 441 390
445 412 124 345 447 210 144 60 147 29 455 370 319 337 116 15
445 412 124 345 447 210 144 60 44 147 29 455 370 319 337 116 15
57 414 448 364 385 45
391 172 36 325 291 412 327 89 466 109 316 338 424 220
357 17 71 54 412 21 123 124 447 414 57 176 162 96 97 148 67
357 21 124 97
148 153 340 267 304 86 123 234 124 347 348 351 19 467 210 62 291 217
204 443 19 123 125 75 398 383 27 405 32 389 407 203
204 205 172 241 412 242 175 243 261 296 416 96 320 203
204 205 172 241 412 242 175 243 261 296 416 96 320 203
204 205 172 241 412 242 175 243 261 296 416 96 320 203
86 52 293 312 128 298 248 147 63 30 183 319 235 184
426 86 52 293 312 128 298 197 248 147 131 63 30 183 319 235 184
187 306 412 89 55 379 217 320 422 32 423 424 271
187 306 412 89 55 379 130 217 320 422 32 423 424 271
306 408 55 379 125 7 211 263 162 27 182 114 422 424 67
306 408 55 379 57 125 7 263 162 27 182 114 437 422 424 67
306 256 138 412 413 296 467 95 62 96 182 48 355
306 256 71 412 140 57 467 114 182 48 407 458
1 156 411 395 430 431 228 160 280 163 216 286 236 202 407 16
289 155 463 430 465 383 10 368 284 114 369 405 167 389
289 155 37 463 430 465 383 10 368 284 114 369 405 167 389
307 341 18 75 7 144 416 196 12 217 404 32 339
307 341 18 360 75 7 144 365 196 417 128 12 217 404 268 32 339
19 189 90 448 449 41 162 332 451 316 44 10 385 454 254
19 189 90 448 449 41 162 332 451 316 44 10 385 454 254
136 412 109 144 416 212 110 162 10 113 232 96
325 412 109 144 416 212 110 162 10 113 232 133 118
459 136 309 37 296 212 78 10 113 181 132 371 372 134 203
374 291 277 227 41 297 467 298 316 299 385 62 303 271
374 291 277 227 41 297 467 298 316 299 385 62 303 271
412 123 193 91 398 297 298 418 96 421 134 441 67
87 190 123 75 109 110 128 336 337 133 32 338
341 104 377 190 123 402 336 337 338
341 104 377 190 123 402 336 337 99 338
85 1 69 123 277 398 382 281 163 266 216 217 286 337 202 338
85 1 69 123 277 398 382 281 163 266 318 216 217 286 337 202 338
357 19 278 279 416 162 264 315 335 252 151 254 101
357 19 104 361 278 279 416 162 264 315 282 335 151 100 254 101
340 306 86 410 464 126 365 76 417 60 112 217 152 305
341 462 173 463 158 75 283 404 268 285 218 32 287
68 119 324 154 172 412 327 193 177 112 299 63 303
68 119 324 172 325 376 412 327 177 112 63 132 303
374 154 258 260 261 448 449 450 110 10 316 232 14 133
374 154 428 258 260 261 448 449 467 450 110 10 316 232 14 133
443 172 410 72 210 296 75 417 45 46 217 268 166
408 443 172 410 72 210 296 75 417 45 46 217 268 166
68 119 172 309 293 328 261 346 109 177 297 11 63 338
68 119 172 309 190 293 328 261 346 109 177 297 419 11 63 338
19 2 155 463 383 10 62 11 64 405 202 117 389
19 2 155 463 383 10 62 11 64 405 202 117 389
340 172 242 260 464 448 296 365 76 11 152 322
340 172 242 260 464 448 296 365 76 11 152 322
412 385 134
308 189 462 54 21 448 312 449 450 315 335 13 439 14
170 290 308 412 448 399 113 453
340 153 341 19 123 414 397 398 297 365 348 128 351 11 420 218 31
341 123 210 347 398 434 78 384 112 351 164 267 456 373
341 123 210 347 398 434 78 384 112 351 164 267 456 373
154 19 88 277 78 62 351 267 148 217 234 456 305
148 78 154 267 305 197 234 456 161 88 350 351 277 426 19 131 62 31 217
376 37 411 310 228 9 264 163 214 217 455 168 390 407
120 19 462 465 176 416 162 179 96 63 335 303 441
410 301 154 340 268 305 306 417 233 86 311 128 279 95 398 365 217 32
85 70 57 385 114 335 251
170 290 35 175 296 75 196 95 198 217 200 32
170 290 35 175 296 75 195 196 95 217 200 353 32
170 374 290 35 37 448 23 194 162 316 114 353 82
170 374 290 35 37 448 23 194 162 316 114 404 353
170 374 290 35 37 448 23 75 194 162 196 316 114 404 353
448 59 454 203
341 189 90 449 75 196 44 27 454 14 32 339
189 54 90 7 449 10 27 299 454 63 13 14
172 189 412 174 328 260 90 448 465 416 316 11 96
223 54 412 21 57 448 7 449 416 335 13 406 134
307 104 175 75 144 467 113 96 217 99 32 339
307 104 175 296 75 144 467 113 96 217 99 32 339
307 104 175 142 296 75 144 467 130 113 96 217 99 423 32 339
416
190 242 244 7 416 467 231 299 63 339 305 50 203
171 190 242 244 7 416 467 231 299 63 339 305 50 203
119 391 171 190 327 56 466 78 401 11 203 220 390
119 171 190 56 466 195 78 401 10 11 200 220 390
119 204 171 139 190 242 56 466 78 401 10 11 203 220 390
255 104 312 57 450 467 315 179 299 182 335 302 303 458 101
104 240 225 312 177 296 467 315 299 182 335 302 303 100 101



408 68 154 211 92 467 161 315 179 316 299 96 63 182 458
68 462 190 210 312 466 467 417 299 401 419 300 267 217 302 305 373
459 1 411 156 412 310 75 78 214 216 32 236
459 1 411 156 412 310 75 78 214 216 32 236
459 460 1 411 156 412 310 75 110 78 214 216 32 236
340 153 136 122 429 363 263 417 113 217 132 135
340 153 137 429 226 363 417 128 60 113 217 132 135
340 153 52 137 226 417 128 60 113 217 132 304 135
289 189 107 278 450 162 44 45 46 454 30 151 254
189 412 242 107 278 450 162 44 45 46 454 30 151 254
410 189 412 242 107 278 162 44 45 46 12 454 404 151 254
306 412 5 7 416 42 162 95 115 455 457
306 412 5 7 416 42 162 95 115 455 457
306 412 5 7 416 42 162 60 95 115 455 457
412 191 175 465 416 162 332 400 10 401 78 82
412 191 175 448 465 416 162 332 400 10 401 78 82
162 30 47
357 341 464 279 144 365 162 417 215 30 268 48 152
412 55 89 379 75 217 404 320 32 423 339
412 55 89 379 75 217 404 320 32 423 339
412 55 89 379 75 217 404 320 32 423 339
1 461 395 450 163 236
228 453 286 236 407
18 341 174 175 144 416 467 11 217 305 339
18 341 174 175 144 416 467 11 217 115 305 339
204 241 412 243 296 416 417 11 404 116 203
204 36 241 412 243 296 416 417 11 404 116 203
412 296 47 184
54 412 310 21 296 297 163 299 214 63 47 184 134
53 412 296 297 9 299 63 47 184 48 168 288 356
47 168 407
153 85 291 54 20 430 178 365 62 404 286 168 83 407 152 305
306 408 89 379 57 211 162 400 30 116 406
306 408 377 311 448 7 450 162 12 454 305
306 408 377 311 448 75 7 450 196 162 12 454 305
461 376 223 412 228 399 416 163 216 182
461 376 223 412 228 399 280 416 163 216 182
172 308 258 37 260 261 312 449 262 184
172 308 258 37 260 261 312 449 262 184
340 153 408 341 19 428 141 414 7 211 93 263 27 337
272 119 19 277 347 144 383 27 249 64 405 168 389
272 119 19 277 347 144 383 27 249 64 405 168 389
289 306 207 91 57 7 41 179 27 385 148 82 116 150
289 306 207 227 91 57 7 41 179 27 385 317 148 251 82 116
223 19 228 162 384 303
19 173 263 80 404 268 457 305
340 153 17 54 123 21 124 193 57 398 365 162
340 153 17 54 37 123 21 124 193 57 365 162 404
19 462 211 162 63 441
340 153 119 341 240 430 144 365 128 284 268 372
340 153 136 119 341 240 430 144 365 128 284 268 372
120 154 412 123 277 193 177 62 63 335 201 203 169
120 154 308 36 412 123 277 193 177 399 62 63 335 201 203 169
222 36 325 327 123 328 125 364 398 247 96 134 67
297 335 299 114 235 313 314 428 97 247 26 63 397 434 27 67 330 219
289 57 315 406 67
357 192 278 58 127 162 417 247 333 252 151 441
272 240 123 106 193 398 263 78 384 62 351 80 305
102 103 87 412 416 365 336 337 99 338
102 103 87 412 416 365 336 337 99 338
102 103 87 412 75 416 365 130 336 337 99 338
341 37 412 141 245 313 211 332 264 10 82 218 405 389 271
306 341 70 128 147 148 319 116 67
306 86 70 410 121 242 39 243 22 128 60 147 80 148 233 101


4 210 431 74 75 281 283 217 47 286 32 339
4 210 431 74 75 196 281 130 283 217 47 286 423 32 339
19 258 123 140 261 398 263 417 318 369 404 285 286 305
19 258 123 140 261 398 263 417 318 369 404 285 286 305
444 123 463 294 75 383 163 31 405 32 202 389 407
289 308 54 21 448 449 41 335 454 13 168 440 356
289 308 54 21 448 449 41 335 454 13 168 440 356
189 412 175 7 449 41 416 45 402 62 46 13 457
290 460 35 310 160 198 217 200 404 353 202 254
290 460 35 310 160 197 198 217 200 404 353 202 254
340 306 153 18 341 123 242 141 263 417 112 318 80 217 200 268
341 427 377 412 89 243 379 466 26 230 231 402 251 253 424 220 169
341 462 88 463 294 210 364 332 315 402 233 218 82 390 169
391 171 239 414 329 416 110 285 185 151 390 339 322 186
444 1 264 11 236 163 202 463 428 395 210 64 288 364 31 366 294 36
306 408 425 222 426 341 427 89 157 131 217 354 422 219
136 426 190 123 212 399 129 113 62 131 217 132 371 372
121 361 22 9
148 412 377 341 9 268 305 306 47 11 48 86 128 95 365 402 440 441
306 410 411 156 412 310 414 228 211 160 399 213 182 337
306 170 35 412 414 211 196 26 198 182 200 251 337 32
306 341 172 410 123 464 210 196 130 285 268 166 337 423 440 152
170 290 35 258 260 278 261 416 93 110 196 11 116 271 254 339
190 412 89 312 227 7 466 263 297 433 435 231 112 65 66 355 220
410 126 296 365 213 128 60 95 419 63 301 182 268 217 152
391 36 325 291 412 89 466 109 161 230 231 316 338 203 424 220
148 78 154 267 305 197 234 456 161 88 350 351 277 426 19 131 62 31 217
272 170 85 290 35 19 54 447 95 62 198 217 200
272 19 427 55 89 397 434 95 62 354 424 441
408 154 120 240 465 264 316 10 63 201 116 134
408 154 120 223 57 296 264 179 316 63 201 67
119 408 86 154 120 211 263 264 316 63 201 441


204 391 243 75 109 212 229 11 130 181 217 132 339
238 426 157 210 91 467 77 197 401 62 131 148 318 390

154 256 224 23 365 95 299 63 335 301 302 254
308 3 90 57 449 450 45 402 46 454 13
308 3 413 90 57 449 450 180 45 402 46 454 13
306 272 88 173 106 123 193 263 95 112 267 80 81 269 305
461 223 411 344 228 160 264 179 163 216 82 117 406 407 16
68 154 121 206 190 345 192 312 109 279 161 264 315 304