

343
343







374 393 412 47
172 393 412 47 203

393 47 286
172 393 47 286 203









57 263 406 441
89 57 364 7 263 162 128 406 441




153 140 431 75 162 283 182 32


140 431 182 217 151 185 186
57 228 406 67 441
223 447 114 228 82 161 162 57 244 289 67 68 179 256 441 146 406

120 414 164 132 201
57 406 67 441
289 37 447 192 57 332 247 96 406 67 441




1 256 2 223 366 407







276



71

137 7 75 416 113 181 182 217 319 135


189 37 258 259 447 448 450 45 29


330





2 155 462 395 463 210 364 163 288






412






93

450



412 59 198 199 217 203











461 395 366 216 441 288


412 124 182 441
412 124 182 148 441


332


57 211 406 67 441







68 172 53 291 189 412 249 46
428 57 179 441

357 223 63 406 67 441
441
441



412 385 134



416 162 27 437
416 162 27 437 32
416 162 27 437


332



341 245 211 467 405 389 271 441






















332









441





1 256 2 223 280 366 288
357 428 57 125 364 385 45 114 441
357 428 57 125 364 385 45 114 441
125 441
189 37 258 259 447 448 450 197 45 29





411 343 115



416 162 27 437 32
416 162 27 437 32

363 10


57 385 114





336



442 9 457




57



412 198


220

355





412 57 211 416 96 271
352



412 124 182 148 441




57 211 406 67 441





203




236
236 152

132
132 252

189 260
189 260

75

281 134

374 393 412 47 286
172 393 412 47 286 203
374 393 412 47 286
172 393 412 47 286 203

236 254
153 1 189 124 450 467 46 441 254

411 30
289 120 172 411 124 311 163 265 30



306 7 9 305


223 57

173 7 27 46 254

461 163 386 288

374 71 123 465 363 10 134
153 144 365 319 441

242 261
242 261








17 71 412 123 447 414 57 176 162 96 148 67













120 461 450 441



416



96





75 109 128 133 32
75 109 128 133 32



252















412 385 134







408 312 211



198

82
82

448 59 203
448 59 203




203

















263 441
363 263 441

289
289 450 30






47




1 120 461 411 395 431 160 280 450 163 216 202 16








47












291 275 279 297 62 164 234
18 123 278 398 267 234 200

398















341 319 67












210 7 365 28 198
433



441
441
57 465 228 245 211 162 146 27 11 96 114 406 458 441
193 457
416 162 27 437 32
416 162 27 437
365 286
412 10 198 200 151
352 82
154 223 57 193 228 162 200 201
172 327

175 75 196 32














