
























446 142 403





























































































































411 193 419




















275 115 116




















































































































































































































98




























































346
22































35 189 274 9 214






204 200




378 321

378 349 321