0
25
30
40
30
20
5
30
25
20
20
5
20
20
10
20
5
20
10
15
15
15
20
20
10
20
30
40
10
10
10
20
25
5
10
5
5
15
20
10
10
5
15
15
10
30
20
20
10
20
30
30
20
20
20
20
10
20
20
10
5
15
10
25
35
30
30
20
20
40
20
40
10
5
20
15
10
5
10
30
15
10
40
10
15
5
5
10
20
15
10
10
5
10
30
15
15
10
5
15
20
10
10
10
20
5
15
20
5
10
10
10
15
25
5
5
10
10
5
5
30
5
20
20
10
20
40
15
10
5
15
15
15
5
15
25
15
15
20
10
15
10
15
5
30
20
20
10
40
5
20
20
20
15
15
10
10
5
30
20
15
5
40
40
5
10
5
5
35
5
10
10
30
30
5
15
5
15
10
10
10
10
20
20
15
25
5
40
5
5
5
15
10
20
20
10
15
15
30
30
15
10
20
15
15
15
10
25
25
15
20
5
15
15
5
15
10
30
30
30
5
10
20
30
10
5
30
15
20
5
20
10
30
20
5
40
15
5
20
10
10
10
35
40
10
10
10
10
5
20
40
20
20
10
30
5
5
5
10
15
15
10
10
20
15
20
15
15
15
15
10
40
5
15
5
20
20
10
35
5
20
20
20
15
40
20
35
25
35
35
25
20
10
10
10
15
10
20
10
10
5
20
10
15
5
20
30
20
5
40
25
10
10
10
20
20
10
20
10
15
20
5
10
20
20
10
15
15
10
5
10
15
20
10
5
25
15
15
10
10
35
40
20
15
5
20
5
15
15
5
20
30
30
5
20
15
5
15
1
10
15
5
15
10
20
20
15
10
20
10
10
20
20
10
15
10
10
20
5
20
10
15
20
10
10
40
15
20
25
20
20
5
15
40
1
30
25
10
5
5
10
5
20
15
15
10
10
20
20
10
30
5
35
20
30
30
20
20
20
20
10
20
10
15
20
15
15
30
20
15
10
20
10
10
10
5
10
5
20
20
20
10
30
30
15
10
15
10
25
20
15
5
15
10
15
20
15
35
10
40
15
10
20
5
15
10
5
15
