0 0 0 0 0 0
45 49 49 45 65 65
60 62 63 60 80 80
80 82 83 80 100 100
39 52 43 65 60 50
58 64 58 80 80 65
78 84 78 100 109 85
44 48 65 43 50 64
59 63 80 58 65 80
79 83 100 78 85 105
45 30 35 45 20 20
50 20 55 30 25 25
60 45 50 70 80 80
40 35 30 50 20 20
45 25 50 35 25 25
65 80 40 75 45 80
40 45 40 56 35 35
63 60 55 71 50 50
83 80 75 91 70 70
30 56 35 72 25 35
55 81 60 97 50 70
40 60 30 70 31 31
65 90 65 100 61 61
35 60 44 55 40 54
60 85 69 80 65 79
35 55 30 90 50 40
60 90 55 100 90 80
50 75 85 40 20 30
75 100 110 65 45 55
55 47 52 41 40 40
70 62 67 56 55 55
90 82 87 76 75 85
46 57 40 50 40 40
61 72 57 65 55 55
81 92 77 85 85 75
70 45 48 35 60 65
95 70 73 60 85 90
38 41 40 65 50 65
73 76 75 100 81 100
115 45 20 20 45 25
140 70 45 45 75 50
40 45 35 55 30 40
75 80 70 90 65 75
45 50 55 30 75 65
60 65 70 40 85 75
75 80 85 50 100 90
35 70 55 25 45 55
60 95 80 30 60 80
60 55 50 45 40 55
70 65 60 90 90 75
10 55 25 95 35 45
35 80 50 120 50 70
40 45 35 90 40 40
65 70 60 115 65 65
50 52 48 55 65 50
80 82 78 85 95 80
40 80 35 70 35 45
65 105 60 95 60 70
55 70 45 60 70 50
90 110 80 95 100 80
40 50 40 90 40 40
65 65 65 90 50 50
90 85 95 70 70 90
25 20 15 90 105 55
40 35 30 105 120 70
55 50 45 120 135 85
70 80 50 35 35 35
80 100 70 45 50 60
90 130 80 55 65 85
50 75 35 40 70 30
65 90 50 55 85 45
80 105 65 70 100 60
40 40 35 70 50 100
80 70 65 100 80 120
40 80 100 20 30 30
55 95 115 35 45 45
80 110 130 45 55 65
50 85 55 90 65 65
65 100 70 105 80 80
90 65 65 15 40 40
95 75 110 30 100 80
25 35 70 45 95 55
50 60 95 70 120 70
52 65 55 60 58 62
35 85 45 75 35 35
60 110 70 100 60 60
65 45 55 45 45 70
90 70 80 70 70 95
80 80 50 25 40 50
105 105 75 50 65 100
30 65 100 40 45 25
50 95 180 70 85 45
30 35 30 80 100 35
45 50 45 95 115 55
60 65 60 110 130 75
35 45 160 70 30 45
60 48 45 42 43 90
85 73 70 67 73 115
30 105 90 50 25 25
55 130 115 75 50 50
40 30 50 100 55 55
60 50 70 140 80 80
60 40 80 40 60 45
95 95 85 55 125 65
50 50 95 35 40 50
60 80 110 45 50 80
50 120 53 87 35 110
50 105 79 76 35 110
90 55 75 30 60 75
40 65 95 35 60 45
65 90 120 60 85 70
80 85 95 25 30 30
105 130 120 40 45 45
250 5 5 50 35 105
65 55 115 60 100 40
105 95 80 90 40 80
30 40 70 60 70 25
55 65 95 85 95 45
45 67 60 63 35 50
80 92 65 68 65 80
30 45 55 85 70 55
60 75 85 115 100 85
40 45 65 90 100 120
70 110 80 105 55 80
65 50 35 95 115 95
65 83 57 105 95 85
65 95 57 93 100 85
65 125 100 85 55 70
75 100 95 110 40 70
20 10 55 80 15 20
95 125 79 81 60 100
130 85 80 60 85 95
48 48 48 48 48 48
55 55 50 55 45 65
130 65 60 65 110 95
65 65 60 130 110 95
65 130 60 65 95 110
65 60 70 40 85 75
35 40 100 35 90 55
70 60 125 55 115 70
30 80 90 55 55 45
60 115 105 80 65 70
80 105 65 130 60 75
160 110 65 30 65 110
90 85 100 85 95 125
90 90 85 100 125 90
90 100 90 90 125 85
41 64 45 50 50 50
61 84 65 70 70 70
91 134 95 80 100 100
106 110 90 130 154 90
100 100 100 100 100 100
45 49 65 45 49 65
60 62 80 60 63 80
80 82 100 80 83 100
39 52 43 65 60 50
58 64 58 80 80 65
78 84 78 100 109 85
50 65 64 43 44 48
65 80 80 58 59 63
85 105 100 78 79 83
35 46 34 20 35 45
85 76 64 90 45 55
60 30 30 50 36 56
100 50 50 70 76 96
40 20 30 55 40 80
55 35 50 85 55 110
40 60 40 30 40 40
70 90 70 40 60 60
85 90 80 130 70 80
75 38 38 67 56 56
125 58 58 67 76 76
20 40 15 60 35 35
50 25 28 15 45 55
90 30 15 15 40 20
35 20 65 20 40 65
55 40 85 40 80 105
40 50 45 70 70 45
65 75 70 95 95 70
55 40 40 35 65 45
70 55 55 45 80 60
90 75 75 55 115 90
75 80 85 50 90 100
70 20 50 40 20 50
100 50 80 50 50 80
70 100 115 30 30 65
90 75 75 70 90 100
35 35 40 50 35 55
55 45 50 80 45 65
75 55 70 110 55 85
55 70 55 85 40 55
30 30 30 30 30 30
75 75 55 30 105 85
65 65 45 95 75 45
55 45 45 15 25 25
95 85 85 35 65 65
65 65 60 110 130 95
95 65 110 65 60 130
60 85 42 91 85 42
95 75 80 30 100 110
60 60 60 85 85 85
48 72 48 48 72 48
190 33 58 33 33 58
70 80 65 85 90 65
50 65 90 15 35 35
75 90 140 40 60 60
100 70 70 45 65 65
65 75 105 85 35 65
75 85 200 30 55 65
60 80 50 30 40 40
90 120 75 45 60 60
65 95 75 85 55 55
70 130 100 65 55 80
20 10 230 5 10 230
80 125 75 85 40 95
55 95 55 115 35 75
60 80 50 40 50 50
90 130 75 55 75 75
40 40 40 20 70 40
50 50 120 30 80 80
50 50 40 50 30 30
100 100 80 50 60 60
55 55 85 35 65 85
35 65 35 65 65 35
75 105 75 45 105 75
45 55 45 75 65 45
65 40 70 70 80 140
65 80 140 70 40 70
45 60 30 65 80 50
75 90 50 95 110 80
75 95 95 85 95 95
90 60 60 40 40 40
90 120 120 50 60 60
85 80 90 60 105 95
73 95 62 85 85 65
55 20 35 75 20 45
35 35 35 35 35 35
50 95 95 70 35 110
45 30 15 65 85 65
45 63 37 95 65 55
45 75 37 83 70 55
95 80 105 100 40 70
255 10 10 55 75 135
90 85 75 115 115 100
115 115 85 100 90 75
100 75 115 85 90 115
50 64 50 41 45 50
70 84 70 51 65 70
100 134 110 61 95 100
106 90 130 110 90 154
106 130 90 90 110 154
100 100 100 100 100 100
40 45 35 70 65 55
50 65 45 95 85 65
70 85 65 120 105 85
45 60 40 45 70 50
60 85 60 55 85 60
80 120 70 80 110 70
50 70 50 40 50 50
70 85 70 50 60 70
100 110 90 60 85 90
35 55 35 35 30 30
70 90 70 70 60 60
38 30 41 60 30 41
78 70 61 100 50 61
45 45 35 20 20 30
50 35 55 15 25 25
60 70 50 65 90 50
50 35 55 15 25 25
60 50 70 65 50 90
40 30 30 30 40 50
60 50 50 50 60 70
80 70 70 70 90 100
40 40 50 30 30 30
70 70 40 60 60 40
90 100 60 80 90 60
40 55 30 85 30 30
60 85 60 125 50 50
40 30 30 85 55 30
60 50 100 65 85 70
28 25 25 40 45 35
38 35 35 50 65 55
68 65 65 80 125 115
40 30 32 65 50 52
70 60 62 60 80 82
60 40 60 35 40 60
60 130 80 70 60 60
60 60 60 30 35 35
80 80 80 90 55 55
150 160 100 100 95 65
31 45 90 40 30 30
61 90 45 160 50 50
1 90 45 40 30 30
64 51 23 28 51 23
84 71 43 48 71 43
104 91 63 68 91 63
72 60 30 25 20 30
144 120 60 50 40 60
50 20 40 20 20 40
30 45 135 30 45 90
50 45 45 50 35 35
70 65 65 70 55 55
50 75 75 50 65 65
50 85 85 50 55 55
50 70 100 30 40 40
60 90 140 40 50 50
70 110 180 50 60 60
30 40 55 60 40 55
60 60 75 80 60 75
40 45 40 65 65 40
70 75 60 105 105 60
60 50 40 95 85 75
60 40 50 95 75 85
65 73 55 85 47 75
65 47 55 85 73 75
50 60 45 65 100 80
70 43 53 40 43 53
100 73 83 55 73 83
45 90 20 65 65 20
70 120 40 95 95 40
130 70 35 60 70 35
170 90 45 60 90 45
60 60 40 35 65 45
70 100 70 40 105 75
70 85 140 20 85 70
60 25 35 60 70 80
80 45 65 80 90 110
60 60 60 60 60 60
45 100 45 10 45 45
50 70 50 70 50 50
80 100 80 100 80 80
50 85 40 35 85 40
70 115 60 55 115 60
45 40 60 50 40 75
75 70 90 80 70 105
73 115 60 90 60 60
73 100 60 65 100 60
70 55 65 70 95 85
70 95 85 70 55 65
50 48 43 60 46 41
110 78 73 60 76 71
43 80 65 35 50 35
63 120 85 55 90 55
40 40 55 55 40 70
60 70 105 75 70 120
66 41 77 23 61 87
86 81 97 43 81 107
45 95 50 75 40 50
75 125 100 45 70 80
20 15 20 80 10 55
95 60 79 81 100 125
70 70 70 70 70 70
60 90 70 40 60 120
44 75 35 45 63 33
64 115 65 65 83 63
20 40 90 25 30 90
40 70 130 25 60 130
99 68 83 51 72 87
65 50 70 65 95 80
65 130 60 75 75 60
95 23 48 23 23 48
50 50 50 50 50 50
80 80 80 80 80 80
70 40 50 25 55 50
90 60 70 45 75 70
110 80 90 65 95 90
35 64 85 32 74 55
55 104 105 52 94 75
55 84 105 52 114 75
100 90 130 55 45 65
43 30 55 97 40 65
45 75 60 50 40 30
65 95 100 50 60 50
95 135 80 100 110 80
40 55 80 30 35 60
60 75 100 50 55 80
80 135 130 70 95 90
80 100 200 50 50 100
80 50 100 50 100 200
80 75 150 50 75 150
80 80 90 110 110 130
80 90 80 110 130 110
100 100 90 90 150 140
100 150 140 90 100 90
105 150 90 95 150 90
100 100 100 100 100 100
50 150 50 150 150 50
55 68 64 31 45 55
75 89 85 36 55 65
95 109 105 56 75 85
44 58 44 61 58 44
64 78 52 81 78 52
76 104 71 108 104 71
53 51 53 40 61 56
64 66 68 50 81 76
84 86 88 60 111 101
40 55 30 60 30 30
55 75 50 80 40 40
85 120 70 100 50 50
59 45 40 31 35 40
79 85 60 71 55 60
37 25 41 25 25 41
77 85 51 65 55 51
45 65 34 45 40 34
60 85 49 60 60 49
80 120 79 70 95 79
40 30 35 55 50 70
60 70 55 90 125 105
67 125 40 58 30 30
97 165 60 58 65 50
30 42 118 30 42 88
60 52 168 30 47 138
40 29 45 36 29 45
60 59 85 36 79 105
70 94 50 66 94 50
30 30 42 70 30 42
70 80 102 40 80 102
60 45 70 95 45 90
55 65 35 85 60 30
85 105 55 115 85 50
45 35 45 35 62 53
70 60 70 85 87 78
76 48 48 34 57 62
111 83 68 39 92 82
75 100 66 115 60 66
90 50 34 70 60 44
150 80 44 80 90 54
55 66 44 85 44 56
65 76 84 105 54 96
60 60 60 105 105 105
100 125 52 71 105 52
49 55 42 85 42 37
71 82 64 112 64 59
45 30 50 45 65 50
63 63 47 74 41 41
103 93 67 84 71 61
57 24 86 23 24 86
67 89 116 33 79 116
50 80 95 10 10 45
20 25 45 60 70 90
100 5 5 30 15 65
76 65 45 91 92 42
50 92 108 35 92 108
58 70 45 42 40 45
68 90 65 82 50 55
108 130 95 102 80 85
135 85 40 5 40 85
40 70 40 60 35 40
70 110 70 90 115 70
68 72 78 32 38 42
108 112 118 47 68 72
40 50 90 65 30 55
70 90 110 95 60 75
48 61 40 50 61 40
83 106 65 85 86 65
74 100 72 46 90 72
49 49 56 66 49 61
69 69 76 91 69 86
45 20 50 50 60 120
60 62 50 40 62 60
90 92 75 60 92 85
70 120 65 125 45 85
70 70 115 60 130 90
110 85 95 50 80 95
115 140 130 40 55 55
100 100 125 50 110 50
75 123 67 95 95 85
75 95 67 83 125 95
85 50 95 80 120 115
86 76 86 95 116 56
65 110 130 95 60 65
65 60 110 65 130 95
75 95 125 95 45 75
110 130 80 80 70 60
85 80 70 90 135 75
68 125 65 80 65 115
60 55 145 40 75 150
45 100 135 45 65 135
70 80 70 110 80 70
50 50 77 91 95 77
75 75 130 95 75 130
80 105 105 80 105 105
75 125 70 115 125 70
100 120 120 90 150 100
90 120 100 100 150 120
91 90 106 77 130 106
110 160 110 100 80 110
150 100 120 90 100 120
120 70 120 85 75 130
80 80 80 80 80 80
100 100 100 100 100 100
70 90 90 125 135 90
100 100 100 100 100 100
120 120 120 120 120 120
