3
3
3
17
17
2
17
17
17
17
17
2
3
3
3
2
2
2
17
17
2
2
17
17
17
17
17
17
17
17
4
17
17
4
17
17
17
17
17
17
2
2
3
3
3
11
11
3
3
17
17
17
17
17
17
17
17
17
17
17
17
1
17
17
17
17
17
17
3
3
3
3
3
4
4
4
17
17
13
13
8
8
2
2
2
17
14
17
17
17
14
3
3
3
4
17
17
17
17
17
17
13
13
17
17
17
17
17
17
17
5
5
17
17
17
17
17
17
17
17
13
17
2
13
17
17
17
17
17
2
14
17
17
17
17
17
17
10
10
10
10
2
17
2
2
2
17
17
2
17
17
17
17
17
17
17
17
17
17
17
17
17
2
2
2
2
3
3
2
12
12
17
17
17
17
2
2
2
17
17
17
17
17
17
17
17
2
2
2
17
17
17
2
4
4
17
17
2
13
17
17
17
13
17
8
17
2
4
17
17
3
8
5
1
14
17
17
17
5
4
4
5
17
17
2
2
2
9
9
15
17
17
17
17
17
17
17
13
17
17
17
17
17
17
17
4
4
16
2
2
11
17
17
17
17
1
1
17
4
4
17
17
17
17
17
17
2
17
3
11
11
11
17
16
16
2
2
2
2
17
17
17
10
2
17
1
17
17
17
4
2
7
17
17
17
17
17
17
17
17
17
7
17
5
5
5
13
13
17
17
17
17
17
17
3
17
17
16
16
17
17
4
4
17
17
17
17
17
15
15
17
16
2
2
17
17
13
13
4
4
17
16
13
13
11
11
6
6
17
17
17
17
17
17
17
17
2
17
17
17
17
17
10
10
10
17
17
17
5
17
17
17
2
13
13
13
17
17
17
13
13
17
17
2
13
17
17
17
4
17
1
1
17
17
8
2
2
2
17
10
17
17
17
17
17
3
3
17
17
8
8
17
11
2
2
2
17
17
17
17
17
17
4
17
2
2
17
17
17
2
17
17
17
16
16
13
13
17
17
17
2
16
4
4
4
17
17
8
17
17
6
16
1
1
17
17
17
2
11
11
14
8
17
5
17
17
17
2
2
17
17
2
4
17
1
8
17
7
7
17
17
17
15
15
8
17
15
17
17
17
17
17
17
