
412162216444288366416310407163096461411343
412162216444288366416310407163096461411376
412162216444288366416310407163096280461411376
340162113372102339130365136132
340162113372102339130365136132
099348009340162113372102339130365457136132181137
412414045459448032309296449014360308189
412414045459448032309296449014360308189
139412045459414448032309296449014360308189
412393
412393172
412393172063288395366168402455297356415335054048
286393
286393172
151144438307305431281007018285115
286393172412337168306455439127007457333415252009
412337168306455439127007457333415252009
412337168306455439127007457333415252009
412414306144032305191398075018400096115
410412414306144032305191398339075018400096115
278162217151305005252007018333107
282278162217151305005252007018333107
462217286032158341002389405383258155173167
196423130462217286032158341002075389405383258155173167
427162414424306095364425128007089219422
427414306425
340082337286309408153332152336365169338
340082337286309408153332076152336365169338
162340414094286153032182431140075054283
162340414094286153032182431140075054283
340414094286037109401
217278144094286151185182431140285054186
217278144094286151185182431140285054186
278144094286421109239
289162114357097082146249447068223245161256219244179
357097249245
113414320306456062201136335277132054164120129
263113306062335
357082289088332097316037169447247192096
357088082097
215402019032457062008234283173009
341215402019032457062008234283173009
001407002288395366236223264256156280
001407002288395366236223264256156280
236016395288280376
340395288215386365163156016464
074340395288215386365163156016464
412088148402063288215395297366355467283299
356412088148402063288215395297366168355467283299048
340337162019232261087398109258365110133
268433340337162019232261087398336109258365110133
340162032124153341123417276365263018054268
409340162032124153341123417291365263018054268
450340414448088063449153341298467010189
450340414448088063449153341298467010189
071340222217144153208345341018404073421304060
141340222217144153208345341018307404073421304060
032320113217271182135319130416136007075181137
423032320130271121
450045193448097308037046259029447189258
450045193448097308037046259029447189258
046193097396108248
419
419209063088250297314312301330299154434
419209063088250297314312301052299154434
222217144208148345318445396447073339108
222217144208148345318445396447073339108
222217144208148345318445396447073339108
444163462366288395002210407155310364463
444163462366288395002210407155310364463
389405383444366407310214
286402064002431046462026449285341189463
286402064002431046462026449285341189463
412082260324327232346332322110119096391
412082260324327232346332322110119096391
412082260324327232346332322110119096391
412162414113390132416007129041137
285239306162414113390132416007129151041137
078465412162448063088175449467363010299308298
078465412162448063088175449467459363010299308298
243412427402377424379220230341089253231169466
433243412427402377424379220230341089253231169466
285278337217152151210005365008410007268009126
278162306307151305441004093007107115
282278162306307151305441004433007107115
175162450200114198316013023012044416090014195335
175162355200114198316013023012044353416090014195335
284289172261088249368258141341369003167240
284289172261088249368258141341369003167240
412459402199296217059198023454203044195
431459402023296382381
193218384234078267062398277347106080085269
193218384234078267062398350277347106080085269
193218384234078267062398350277347106080085269
260412172031341327307328338364324104205336096391
289193088063175284235297298404299263467154
269409289193088063175284235297298404299263467154
260045443217172046259242390296166364044072134
260045443217172046259242390296166364044072134
055412377379332341219056346408231169119251
055412377379332341219056346408231169119251
025441193314216051395288366063461264376299
343025193063390111460214
162414038175217144040307126421141039115096
162414038175217144040307126421141039115096
318094235331207043144128183248148034116237060319
318061007305226050128442426197131362238086070060
218402082210462390088364332233315341294463
284412371372018346368173169119369085240
284412371372018346368173093119369085240
185414390151339322416186391110239
185414390151339322416186171391110239
289162414315375097249357141082219111179096
202064366001163288444031236395011210264364428463294
061217124414032238307091075116273093398319
045372217448144046007439044189100101
045372217448144046007439044189100101
278414450402185449134013151452186007239
285278414450402185449134013151452186007239
412172448309312053408046249169219291068189
448309312408062
228292165026063067235114097247219314297397313434299330027335
306217144305126007457152365311095464268093009410
289218221290097197234125447024037463279035
306217427222408354219426089425341422
371217113372123132062131212136399129
443144031345172318043445464421410396166401
412414307185339305316277467416404421157
385412134
421032102217439196014308189100190
357162448254062198449037308279195044335189353
432
412414182337162306032027416211437
448306032023013173003189412414182337162027416211437
427306094281423424007422412414182337162032027416211437
113306032132130371339129412414182337162027416211437
066412065352297007312231355313089220433227466
064459032448332217259044296011428322189
064459032448332217259044296011381428322189
340172001217259337116012236243011463
340172001217259337116012236365243011463268
196130423457402032339320007011075416204190325157
412082010218029465316374367037036332075157
168290254198248011007195314333415035353170
278427424086282011055007089333219107422308
457113132007116011136335009333181376361399
462217424439102364007014103335100273190
462217424439102364007014103335100273190
131426333462217424439102364007014103335100457273190
063088026408154298250254301010292165299233312335022
289432238245299026011010233027263022
412162310288411314228264407219037335016376
412162310288411314228264407219037335016376
412162310288411314228264280407219037335016376
412217372113306135082408212136332096118
412217372113306135082408212136332096118
169412217372113306135082408212136332096118
340217448307032339196421075365341014401189
340217448307032339196421075365341014401189
340217448307032339196421007075365341014401189
340148082306153182146364316398010027233192
340148082306153182146364316398010027233192
412162148193278314063416009467120302333106
361412162148193278314063416009467120302333106
412402061219314335226027356007408096048
412402061219314335226027356007408096048
286393339064215267351153398380007281299285
047286393339064215267351153398380007281299285
074341215402019032457062008234283173009
045402424134448062379416046355089013189055
045402424134448062379416389405383046355089013189055
427057414424406263
289057114357406067228
357057082289406067
162057245406465114146458011335027096211
228162057245406465114146458011335027096211
278217267419223250233062458302154272292165299
278217267419223250233062415458302154272292165299
412162427424069055089355219291422
412162427424069055089355219291422
131412162427424069055426089355219291422
236407395399228214
412082414448332046013096308014189
412082414448332046013096308014189
460067134222327247036123328325364398096171
046193097279041404
385411414412288395366051216236069440461156041240
385411414412288395366051216236069440461156041240
385411414412288395366051216236069440461156041240
340414337019027428153408341007093141263211
001163236202160216115461310411399156343
001289163236202160216051461310280399376214
412148306095377086402441305011193457341440009048
448414260259364258010465110308254173262
448414260259364258010465110308254173262
063306408297154211298299257412414182337162032027416437
305306062123018211234341256412414182337162032027416437
278019305173457267018417123234398
184078465412162448063088175449467263404299437298
162303384019062234297275277347279164
184
070251335085
292165019412162063271390007297027018093299467075
412296346416309030264382277119203169096
431412296346416309030264382277253119203169096231466
307082465158332384305341333416011087115134
286337172210306152123341365410440464166
423196130260412172031341327307328338364324104205075096391
196130423412339414057032218175320307416277075
196130423412339414057032218175320307416277075
382412286172249448332431389383318044281416014285085189
306217144305126007242152365311203464268093204410
459064030114335462316155293
268412217185116151005043070416060319128239
340217417306341123153007200365028242198
071340217218125153123407365057316374421141
071340217218125153123407365339316374421171
465371113327172312011010212325037136109
465371113327172312011010212325037136109
412271260290261116258200198416110254035010
011278271260290261116258200196416151110254035010
412172045312315322046223011013381291251109
448220297023046144051449355195190
167322448064297023046144270051463355195190
295
297051355412045402046175007457449416062041013189
217278337408007151008382243388009365268
217113187371320032271028130123112136075263
423217113187371320032271028130123112136075263
465045372217448144046007439044189100101
271412162082134416332264364116057211096
130423185162082134309210332232364151018339110157
066412065082297007312231355313089220433227466190
412217019193390337416062052330467201054233
358
412182124
318331144305306436309070128007169086060115
289218406290063357234125223024299067279035
306217427222408354219426089425341422
371217113372123132062131212136399129
412162082390246030332037467054169176447
289162414315375097249357141082219111179096
032217427320306379314075423089120422052
032217113320132390136404130212120129052
032217046308168023254251196415120189052
032217338341325339421080277075110391190
032217338341325339421080277075110391190
423196130032217338341325339421080277075110391190
455335168312189308408264011120304154006052361
455335168312129399408264011120304154334052361
216063312176335228011027264177154179214279
289217001306305341236007364086156117
289217001306152305341213007364086126214
268289217001306464305341213007364086126214
340162144113278337132306365252136
340162144113094278337049306365252362137
131340162144113094278337049306034365042362137
412162261448030148260416454296189115
412162261448030259148258416262296110115
412162261448030259148258416262296110115171
412187337032271320404018339417112416398075
412187337032271320404018339417112416420398
412162414175337271260281071134316029141
409412162414175337271260153071365316029141
412393286
172
001168395257236455021356156048
172
063168296256297455219356430048
019162001265254264236467308117
019162001265124153450467441189
019162236265
030172163265411399119
310289172163265124429123311404120
123455263310214
278162144306457095115005007009
282278162144306457095115005007009
162448402457254449306333305007005009
162448450457402254449277296333389405383141415189
162063095419223228052299201154057193106
162063095419223228052299201154057193106
179162063095419458228052299201154054193106
045306407450046007254173027
272045306407450168339395356009455048
001412395216236175288461163156343386
001412395216236175226070147362248343108
340465114363123010071070134
340144114441153116365070145319
340465114363123010071404070134141304171
340172215337153248126261242087
047340172215337153248095152341410365007027464
340172215337153248384062351164177347
289441019187402390341320316367192
289441019187032402390341320316367192
196130423289441019187032402390341075320316367192190
412144337015445124455210370029147345447116060319
044412144337015445124455210370029147345447116060319
385057414045364448
412172327036424325338316089391466220109
124162414412021357067097017057123447071176096054
124021357097
217340148267019153124086351210123304348291062467347234
019125032407443123027075203398389405383204
412172261175242203320416204296243205096241
412172261175242203320416204296243205096241
412172261175242203320416204296243205096241
030235063086184248128052147183298293319312
131426197030235063086184248128052147183298293319312
412424217187306379271032423320089055422
130412424217187306379271032423320089055422
162424306182379114125067408055422027007211263
162424306182379114057067408125055422027007437263
138412095062256306413355296182467048096
412407057256306458114140182467048071
001163286395236216228160156431407202430280016411
289465284368010114430389383405369155463167
289465284368010114037430389383405369155463167
217032307144339196341404018075012007416
217032307144339196341404018075365012417007360268
385162448332454019449254316044451010090041189
385162448332454019449254316044451010090041189
162412113232144416010212109110136096
162412113232144416010212325109110118133
113371459078132372309136037296212203010134181
385303271297298062227467316374277299291041
385303271297298062227467316374277299291041
412441067123297193091398418298096134421
032337123336075087338190109110128133
377337123336402104341338190
377337123336402104341099338190
286217001163216337281202123382398277266069338085
318286217001163216337281202123382398277266069338085
278162019357151335254416264252315101279
282278162019357151335254416264104100315101279361
340217306410152365305112076417086126464060
462218032287341158075283404173268285463
412172063327193324303112068177299154119
412172063327132324303112068177325376119
261260450448258010449232316374014110154133
467428261260450448258010449232316374014110154133
045172443217046296210417268072410075166
045172443217046296210408417268072410075166
063172309261297328346011293338068109177119
419063172309261297328346011293190338068109177119
019064002202062010155011117389383405463
019064002202062010011155117389383405463
340172260448242296011152365322076464
340172260448242296011152365322076464
385412134
448462450315449439312054014308189021335013
412448113290308399170453
420414019218340031123153297351365341397398348011
210341267078384351456123347398112373164434
210341267078384351456123347398112373164434
217267088148019062351305078456234277154
131197426161031217267088148019062351305078456350234277154
217168163310390407455228037411009376264214
462162019063441416465303096176335120179
340217417306311305410032095365154398086268233301279
385057114070251335085
290217095032200175296196075198170035
290217095032200175296196075195170035353
082290162448114194037023170316374035353
290162448114194037023170404316374035353
075290162448114194037023170404316374196035353
059448454203
454032341449339196044027090075014189
454063007449010013054027090299014189
412172448328465416260011096090316189174
412057448007416223021406449013054134335
307032217175144113104467339075099096
307032217175144113296104467339075099096
130423307032217175144113296104467339142075099096
416
231416242063339305050299203007244467190
231416242063339305050299203007171244467190
119327078401011203056220466391171190
119200078401011010056220466195171190
119242078401011203010056220466204139171190
303458182335104450315255467312302057179299101
303177182335104296315225467312302100240299101
449339011037052195189316353096014451
259339011365049110129316133376109118
439339011099100075142316121190101273
458063316408182299315467096161179154068211092
217462267419210305299373302467068312300190
412459001310078032236216411075156214
412459001310078032236216411075156214
460412459001310078032236110216411075156214
340217113417153135263429122132363136
340217113417226153135128429060132363137
340217113417226153135128304060132052137
289162045450278030046151044454254107189
412162045450278242030046151044454254107189
412162045410278242404046151044012454254107189
412162306457095115455005416007042
412162306457095115455005416007042
412162306457095115455005416060007042
412162082332175191465010416400401
412162082332448175191465010416400401
162030
162030152215357144464341048279
412217055032379320404075423339089
412217055032379320404075423339089
412217055032379320404075423339089
001163450395236461
453286236228407
175217144305416339018011467341174
175217144305416339018011115467341174
412296417243416203404011116241204
412296417243416203404011036116241204
296412184
412296184063310163297054134021299214
412296184063168288297053356009299048
407168
407168286062152083305153291178430365054020404085
162030306057379116408406089400211
377162450306448305408012007454311
196377162450306448305408012075007454311
412163216182228399461416376223
412163216182228399280461416376223
261260172449258184308037262312
261260172449258184308037262312
340414337019027428153408341007093141263211
064249019168144277389405383272027347119
064249019168144277389405383272027347119
385289082148116150306207027007091057041179
251227385289082148116317306207027007091057041179
223228162303384019
019305173457404263268080
124340162193123153057017054365398021
124340162193123153057017054365404037021
462162019063441211
340144284341153372430365268240119
340144284341153372430365268136240119
412063193201062120203335169154123277177
399308412063193201062120203335036169154123277177
125067134222327247036123328325364398096
428026063067235114097247219314297397313434299330027335
289057067315406
278162252357151058417247333441127192
078305062384351123193106272398263240080
412337102338416336365099087103
412337102338416336365099087103
130412337102338416336365099087075103
245271412082010218313341389405037141332264211
306148116070147128319341067
080306148086242070147128039243233410022060101121
412337032465416336075110096133
196130423412337032465416336075110096133
032286217281004210339431283075074
423196130032286217281004210339431283075074
019261286417305123318404258398263285369140
019261286417305123318404258398263285369140
031163032444407202123389383405075463294
289448021308168449054335013454440041356
289448021308168449054335013454440041356
412045402046175007457449416062041013189
290217310200160404254198202460035353
197290217310200160404254198202460035353
112318018340217417306341123153263200268141242080
251026243412427402377424379220230341089253231169466
218402082210462390088364332233315341294463169
285185414390151339322416186171391110239329
202064366001163288444031236395011210264364428463294036
131306217427222408354219426089425341422157
426371217113372123132062131212136399129190
361121022009
268047412148306095377086402441305011365341440009048
310411228156160399213412414182337162306032027416211437
200032198196251170035412414182337162306027416211437
423196130285337172210306152123341268410440464166
011278271260290261116258170196416093110254035339
435066412065263297007312231355112089220433227466190
213268217063095419152365410301182128126296060
231161412203230036424325338316089391466220109
131197426161031217267088148019062351305078456350234277154
290217095019200062272447054198170035085
434019424427062441095354272397055089
316201116063465154010120134264240
316201296063223154057120067264179
316201086063441154263120211264119
104339242011099321177109365139022
104339449011099378177109365014022
011217130243075339212132204109181391229
131197426238210062390401467077157
104339272011099349177109365348022
063095335254023154365256301302224299
045450057402046003454449013090308
413045450057402046003454449013090308180
267088306193305269095173081112106080
082228216411407264461016117160223344
345068264304161109192121315154312190279206
