0
0
0
0
0
0
0
0
0
0
0
0
0
0
0
0
109
109
109
31
31
0
0
84
84
0
0
0
0
75
75
75
75
75
75
52
52
0
0
0
0
0
0
0
0
0
20
20
112
112
6
6
110
110
12
12
4
4
25
25
16
16
16
41
41
41
61
61
61
0
0
0
51
51
103
103
103
25
25
65
65
103
103
41
21
21
36
36
101
101
88
88
0
0
0
103
28
28
85
85
98
98
0
0
49
49
74
44
63
0
0
76
76
82
47
81
90
90
121
121
60
60
23
110
28
0
0
57
4
0
0
85
0
1
0
0
0
17
85
85
8
8
70
111
0
0
0
0
0
0
0
0
0
0
0
0
0
0
0
0
0
45
45
45
45
21
21
42
42
0
39
39
0
52
0
82
82
21
21
0
0
0
0
34
34
76
16
47
47
47
66
93
93
14
120
120
0
0
105
65
0
0
0
21
0
0
78
80
103
78
72
107
110
30
31
45
72
72
24
24
91
91
60
90
90
35
120
103
25
25
90
0
0
17
29
110
99
110
28
0
0
81
82
0
0
0
0
0
0
0
0
0
0
0
0
0
0
0
0
0
0
72
72
30
30
0
0
0
0
0
73
73
73
21
21
21
0
0
0
0
114
114
114
0
0
68
68
0
0
0
0
0
0
0
0
0
31
31
34
54
62
62
97
43
76
76
76
0
0
49
49
0
0
106
112
69
101
101
0
0
63
63
87
94
0
65
65
109
6
0
0
0
0
0
0
0
0
0
0
5
5
85
85
0
0
0
0
0
0
0
0
0
0
29
29
0
0
93
0
105
0
38
38
38
38
38
0
0
0
76
0
0
0
0
0
0
0
0
0
0
0
0
0
0
0
0
0
0
0
0
0
0
0
0
0
0
0
0
0
116
116
0
0
43
43
43
69
69
0
0
0
0
0
0
0
0
0
66
0
0
0
0
102
102
66
117
117
46
46
0
105
65
65
0
2
2
32
32
76
23
82
109
0
0
0
0
111
41
41
0
0
90
90
20
20
0
102
102
120
0
0
0
103
63
94
47
0
0
82
112
0
0
80
91
17
0
54
0
0
0
0
0
0
0
0
0
0
0
0
0
0
0
0
1
0
0
0
0
0