2:0 80 113 124 130 133 174 204 219 267 275 320 345 437 438
3:0 113 124 130 133 174 204 219 267 275 320 345 437 438
5:0 44 68 187 200 232 242 246 251 349 394 407
6:0 44 68 187 232 242 246 251 349 407
8:0 54 114 175 193 243 252 281 287 300 323 330 392 453
9:0 54 114 175 193 243 252 281 287 300 323 330 392 453
11:0 33 173
12:0 33 106 334
14:0 40
15:0 40 106 334
17:0 185 193 228 413
18:0 185 193 228 413
20:0 68 103 154 172 179 253 382
22:0 18 98 161 184 185 206 253 297 310
24:0 21 50 184 228 251 305 342 415
25:0 3 117 175 179 186 204 217 227 252 253 268 273 321 344 417
26:0 3 21 45 97 117 175 179 186 204 217 227 252 253 268 273 321 344 364 417 435
28:0 68 175 219 232 341 400
30:0 36 48 50 68 116 130 204 228 251
31:0 36 44 45 48 50 68 116 130 154 204 228 242 251 260 305 390
33:0 36 48 50 68 93 133 251 457
34:0 30 31 32 36 43 48 50 68 93 133 251 260 390 457
35:0 102 133 150 186 187 204 217 253 273 312 313 343 345 383
36:0 1 45 102 111 133 150 186 187 204 217 227 236 253 266 273 309 312 313 322 343 345 358 361 381 383
38:0 39 50 83 95 175 185 286 288 326 336 384 394 412
39:0 185 186 195 204 217 253 273 313 343 383
40:0 1 34 38 102 185 186 195 204 217 253 273 304 313 343 358 383
42:0 16 18 95 98 174 185 228 413 417
44:0 75 175 204 275 298 321
45:0 51 71 75 79 175 204 230 236 275 298 321 381
47:0 60 68 97 103 113 175 228 230 232
49:0 97 103 226 234 390
51:0 103 179 185 228 246 251 253
53:0 6 39 95 133 175 204 274 316 386
55:0 60 95 109 113 193 227 238 248 281 287 426
57:0 68 96 179 193 227 251 265 279 343
59:0 34 36 37 38 43 52 83 97 172 179 219 234 242 336 394
61:0 54 114 150 170 227 283 287 301
62:0 34 54 55 56 114 145 150 187 227 283 287 301 341 346 358 426
64:0 112 227 379 385
65:0 112 227 379 385
67:0 27 68 96 113 227 265 370 379 418
68:0 27 68 96 113 227 265 370 379 418
70:0 115 141 227 275 311 321 345
71:0 21 35 51 74 77 78 115 141 227 275 311 321 345 378
73:0 62 109 114 219 229 243 330 367
75:0 5 174 175 359
76:0 5 174 175 359
78:0 24 32 33 37 38 95 204 234
80:0 23 187 248 300 382
85:0 48 114 119 175 185 413 458
87:0 21 32 50 122 195 252 254 255 256 333 346
89:0 114 122 174 212 254 255 256 286 325 425
91:0 33 36 43 61 103 112 128 229 333 341 350 420
93:0 50 114 149 195 288 310
94:0 50 114 149 195 288 310
97:0 112 260 274 385 427
99:0 97 114 133 321
103:0 73 77 78 79 174 236 253 267 275 381 384
105:0 24 103 130 187 195 197 246 442
106:0 33 68 183 229 252 253 418
107:0 33 136 170 193 229 252 253
110:0 60 103 149 174 288
112:0 68 130 174 179 222 242 306 407 422 423 424
113:0 186 204 253 383
117:0 13 50 62 82 150 175 190 225 330
119:0 34 56 60 114 300
121:0 33 56 61 106 107 293 322 408
122:0 204 253 321 361
124:0 47 93 96 186 252 253 273 357 381 383 417
125:0 2 27 96 112 223 238 253 364
126:0 2 5 103 112 183 187 223 238 253 394
130:0 33 150 175
134:0 36 45 174 175 197 204 226 273 281 313 321 343 376
135:0 36 44 45 174 175 197 204 226 273 281 313 321 343 376
136:0 36 45 174 175 197 204 226 273 281 313 321 343 376
139:0 21 48 61 62 114 191 330 378 390
141:0 61 62 103 109 175 229
143:0 103 118 253 254 256 316
148:0 48 54 113 114 225 245
149:0 48 54 113 114 225 245
153:0 22 68 73 175 267 275 320 378 437
154:0 22 68 73 175 267 275 320 378 437
156:0 24 37 154 179 193 306 326 336 343 394
157:0 24 37 154 179 193 306 326 336 343 394
159:0 232 300 337 346 349 453
160:0 232 300 346 349 453
162:0 38 116 163 179 204 228 271 274 343
164:0 17 18 48 97 101 119 185 297
166:0 60 103 117 205 227
168:0 49 50 60 226 228 390
169:0 16 18 95 98 174 185 228 413 417
171:0 54 60 97 103 133
176:0 64 119 193 217 248 253 326 375 381 417
178:0 65 98 114 185 287 297
180:0 28 34 36 103 115 219 260 316
181:0 28 34 36 103 115 219 260 316
182:0 51 71 75 77 79 80 175 204 236 275 298 321 381
183:0 21 47 145 150 204 227 253 313 321
184:0 21 34 47 48 113 133 145 150 187 195 204 217 227 248 253 287 313 321 453
185:0 253 313
186:0 8 34 54 55 56 114 145 150 170 187 227 283 287 301 341 346 358 426
188:0 38 93 115 133 227 244 312
189:0 38 93 115 133 227 244 312
192:0 174 227 230 267
195:0 24 34 68 105 174 219 227 254 255 256
196:0 36 44 45 174 175 197 204 226 273 281 313 321 343 376
197:0 36 44 45 174 175 197 204 226 273 281 313 321 343 376
199:0 23 133 187 248 300 303 382
202:0 150 204 227
205:0 42 68 129 175 279 328 379
208:0 111 175 328 350
210:0 115 118 185 217 265 370
212:0 17 68 113 179 219 226 403 405 410
217:0 36 38 68 69 187 204 232 238 242 281 370 400
219:0 108 151 174 254 255 256 262
221:0 33 34 38 44 90 174 333 341 420
224:0 48 103 114 175 199 323
229:0 68 83 99 179 228 364 386
230:0 13 50 62 82 150 175 190 225 330
232:0 33 34 36 38 68 90 116 204 283 316 387 420 457
233:0 159
237:0 33 136 170 183 193 252 253 418
242:0 68 118 186 204 217 253 312 383 426
247:0 23 116 174 200 228 349 372
248:0 23 116 174 228 334 349 372
253:0 13 24 72 73 225 242 300 306 320 345
254:0 13 24 72 73 225 242 300 306 320 345
256:0 68 83 97 179 226 265 297 306 364 400
257:0 68 83 97 119 179 226 265 297 306 364 400
259:0 23 38 44 56 68 124 174 243 253 281 287 300 301
260:0 23 38 44 56 68 124 174 243 253 281 287 300 301
262:0 43 242 281 305 310 343 382 422 423 424
264:0 42 175 204 228 321
266:0 33 40 173
267:0 33 40 106 334
268:0 33 40 173
269:0 33 40 106 334
271:0 54 55 68 72 73 75 175 230 321
272:0 54 55 56 61 68 71 73 75 154 175 230 252 321 346
274:0 36 73 98 117 133 206 384 417
275:0 1 13 36 73 74 98 106 117 133 206 252 267 326 384
277:0 18 48 99 119 228 287 413
279:0 16 97 98 228 392 403
281:0 50 109 194 212 227 261 262 288 425
282:0 50 109 194 204 212 227 261 262 288 381 425
284:0 54 56 60 61 97 114 170 193 226 341
286:0 74 77 147 204 206 313 358
288:0 34 133 173 174 175 185 228 281 303 306 343 359 400
289:0 34 116 154 163 174 179 228 253 306 400
291:0 16 185 232 400 405
292:0 16 185 232 318 400 405
294:0 36 108 265 283 326 359
295:0 36 108 265 283 326 359
297:0 68 185 193 197 223 238 279 364 418
301:0 33 38 39 45 185 193 204 226 253 273 274 313 321 343 358 383 426
305:0 23 34 103 174 265 407 457
306:0 23 34 103 174 265 407 457
308:0 193 223 226 252 384 385 418 427
310:0 174 242 253 415 423
315:0 253 326 346
317:0 123 151 174 194
319:0 36 37 38 56
321:0 34 37 38 90 111 174 321 392
323:0 23 34 38 111 184 246 254 255 256 281 336 426
326:0 133 243 248 326
329:0 16 44 90 98 116 175 242 341 364
330:0 16 44 90 98 116 175 242 341 364
332:0 51 68 223 265 298 320 345 417
334:0 97 99 114 119 228 297 384 407
340:0 36 37 56 175 209 349
342:0 34 232 300 349
346:0 105 112 174 243 321
348:0 28 103 174 229 440
350:0 33 54 95 109 113 114 150 175 225 243 300 321
354:0 50 109 193 194 228 286 310
356:0 185 194 262 286 288
358:0 105 129
362:0 50 117 191 311 420
364:0 90 111 174 254 255 256 281 346 392
365:0 90 111 174 254 255 256 281 346 392
367:0 34 48 55 109 112 128 287 300 330 334 392
368:0 34 48 55 109 112 128 287 300 330 334
372:0 37 56 82 349 407 424
373:0 37 56 82 334 349 407
388:0 34 37 38 74 133 254 255 256 276 321 328
389:0 34 37 38 74 133 254 255 256 321 328
391:0 24 68 116 227 252 253 274 299 417
392:0 24 68 116 227 252 253 274 299 303 417
394:0 1 48 97 175 281 297 300 392 458
395:0 1 48 97 117 175 281 297 300 346 392 458
397:0 28 31 38 193 228 297 310
398:0 28 31 38 193 228 297 310
400:0 38 98 154 316 346
404:0 36 98 336 400 423 424
405:0 36 98 336 400 423 424
407:0 42 71 73 74 75 78 79 80 170 178 191 253 275 312 320 326 346 390 437
409:0 18 21 23 37 38 174 242 359
411:0 34 38 68 90 103 116 174 184 350
419:0 3 154 163 210 226 316
421:0 75 230 267 311 312 320 321
423:0 68 90 124 133 174 243 254 255 256 262 281 376
424:0 3 21 68 228 251 252 343
426:0 34 50 95 114 194 262 311
428:0 175 186 227 252 313 327 415 458
429:0 60 103 109 174 194 195 212 262 286 288 408 417 425
430:0 18 64 65 101 103 109 119 185 195 196 212 297 372 375 413
432:0 28 39 44 98 175 313 372
435:0 38 43 114 123 184 228 242 310 386
444:0 34 37 38 184 225 232 341
445:0 34 37 38 184 225 232 341
448:0 44 97 103 136 170 179 238 242 266 299 327 383 418
450:0 34 174 254 255 256 279 303
452:0 18 28 97 103 109 163 185 228 400
454:0 68 96 223 238 252 265 358 364 382 418
457:0 60 97 150 175 186 204 321
460:0 23 38 73 74 130 345
461:0 44 68 97 115 163 193 228 251 252 274 306 386 420 458
462:0 161
463:0 34 133 174 187 222 265 330 359
464:0 68 130 174 179 222 242 306 407 422 423 424
465:0 73 93 133 175 267 283 384 437
466:0 2 27 96 112 223 238 253 364
467:0 2 5 103 112 183 187 223 238 253 394
468:0 38 45 64 118 119 186 193 204 217 226 227 248 253 266 273 281 326 345 375 381 417
469:0 17 18 95 141 179 185
470:0 36 44 45 174 175 197 204 226 273 281 313 321 343 376
471:0 36 45 174 175 197 204 226 273 281 313 321 343 376
472:0 13 17 38 40 68 97 163 226 232 328 364 379 440
473:0 31 33 34 38 44 90 133 174 333 341 420
474:0 111 159
475:0 45 50 95 109 194 196 204 212 227 248 261 262 286 288 345 381 425
476:0 38 88 106 222 457
477:0 185 194 262 286 288
478:0 44 50 117 191 242 311 423
700:0 28 29 33 36 39 44 45 91 92 98 104 129 156 164 173 174 175 182 189 197 203 204 207 213 214 215 216 218 226 231 237 240 241 247 263 270 273 281 290 313 321 343 363 376 387 445
