1:0 15 29 76 92 104 111 148 156 173 174 182 189 202 203 207 210 213 214 216 218 230 237 241
2:0 15 29 76 92 104 111 148 156 173 174 182 189 202 203 207 210 213 214 216 218 230 237 241
3:0 15 29 46 63 76 92 104 111 148 156 173 174 182 189 202 203 207 210 213 214 216 218 230 237 241
4:0 7 15 29 70 91 92 104 111 126 129 156 173 174 182 189 203 207 210 213 214 216 218 223 225 231 237 241 249
5:0 7 15 29 70 91 92 104 111 126 129 156 173 174 182 189 203 207 210 213 214 216 218 223 225 231 237 241 249
6:0 7 15 19 29 46 63 70 89 91 92 104 111 126 129 156 173 174 182 189 201 203 207 210 211 213 214 216 218 223 225 231 237 241 249
7:0 8 29 57 59 70 91 92 104 111 127 156 173 174 182 189 196 203 205 207 213 214 216 218 223 231 237 240 249 250
8:0 8 29 57 59 70 91 92 104 111 127 156 173 174 182 189 196 203 205 207 213 214 216 218 223 231 237 240 249 250
9:0 8 29 46 57 59 63 70 89 91 92 104 111 127 156 173 174 182 189 196 203 205 207 213 214 216 218 223 231 237 240 249 250
12:0 63 76 92 94 104 129 148 156 171 173 174 182 202 203 207 213 214 216 218 230 237 241
15:0 15 63 92 104 129 156 173 174 182 188 202 203 207 210 213 214 216 218 230 237 241
16:0 19 92 104 129 156 168 173 174 182 189 197 203 207 211 213 214 216 218 237 241
17:0 19 92 104 129 156 168 173 174 182 189 197 203 207 211 213 214 216 218 237 241
18:0 19 63 92 104 129 156 168 173 174 182 189 197 203 207 211 213 214 216 218 237 241
19:0 29 59 87 91 92 104 111 129 156 168 173 174 182 189 196 203 207 213 214 216 218 231 237 241 247 249
20:0 15 29 46 59 63 70 87 91 92 104 111 129 156 168 173 174 182 189 196 203 207 213 214 216 218 231 237 241 247 249
21:0 19 92 104 129 156 168 173 174 182 189 197 203 207 211 213 214 216 218 237 241
22:0 19 63 92 104 129 156 168 173 174 182 189 197 203 207 211 213 214 216 218 237 241
23:0 29 70 89 91 92 104 156 168 173 174 182 188 202 203 207 213 214 216 218 237 241
24:0 29 63 70 89 91 92 104 156 168 173 174 182 188 202 203 207 213 214 216 218 237 241
25:0 9 29 70 87 92 104 111 129 148 156 173 174 182 189 192 197 203 205 207 213 214 216 218 223 231 237 240
26:0 9 29 63 70 87 92 104 111 129 148 156 168 173 174 182 189 192 197 203 205 207 213 214 216 218 223 231 237 240
27:0 15 29 70 89 91 92 104 111 129 156 168 173 174 182 189 197 201 203 205 207 210 213 214 216 218 223 231 237 241 249
28:0 15 29 63 70 89 91 92 104 111 129 156 168 173 174 182 189 197 201 203 205 207 210 213 214 216 218 223 231 237 241 249
29:0 29 59 87 92 104 111 156 168 173 174 182 189 197 203 207 213 214 216 218 231 237 240 241
30:0 29 59 70 87 92 104 111 156 168 173 174 182 189 197 203 207 213 214 216 218 231 237 240 241 249
31:0 7 8 9 29 46 57 59 63 70 87 89 92 104 111 126 156 168 173 174 182 189 196 197 201 203 207 210 213 214 216 218 223 231 237 240 241 247 249
32:0 29 59 87 92 104 111 156 168 173 174 182 189 197 203 207 213 214 216 218 231 237 240 241
33:0 29 59 70 87 92 104 111 156 168 173 174 182 189 197 203 207 213 214 216 218 231 237 240 241 249
34:0 7 8 9 29 46 57 59 63 70 87 89 92 104 111 126 156 168 173 174 182 189 196 197 201 203 207 210 213 214 216 218 223 231 237 240 241 247 249
35:0 7 8 9 29 59 70 76 87 92 94 104 111 126 138 148 156 171 173 174 182 189 192 197 203 205 207 213 214 216 218 223 231 237 240 241 244 247
36:0 7 8 9 29 59 63 70 76 87 92 94 104 111 126 138 148 156 171 173 174 182 189 192 197 203 205 207 213 214 216 218 223 231 237 240 241 244 247
37:0 29 91 92 104 126 129 156 173 174 182 203 207 213 214 216 218 231 237 241
38:0 29 46 63 91 92 104 126 129 156 173 174 182 203 207 213 214 216 218 231 237 241
39:0 7 8 9 29 59 70 76 87 92 94 104 111 126 138 148 156 171 173 174 182 189 192 197 203 205 207 213 214 216 218 223 237 240 241 244 247
40:0 7 8 9 29 59 63 70 76 87 92 94 104 111 126 138 148 156 171 173 174 182 189 192 197 203 205 207 213 214 216 218 223 237 240 241 244 247
41:0 92 104 129 156 168 173 174 182 197 202 203 207 211 213 214 216 218 237 241
42:0 63 92 104 129 156 168 173 174 182 197 202 203 207 211 213 214 216 218 237 241
43:0 15 76 92 104 148 156 173 174 182 188 202 203 207 213 214 216 218 230 237 241
44:0 15 76 92 104 148 156 173 174 182 188 202 203 207 213 214 216 218 230 237 241
45:0 15 63 76 92 104 148 156 173 174 182 188 202 203 207 213 214 216 218 230 237 241
46:0 15 76 91 92 104 148 156 168 173 174 182 188 202 203 207 210 213 214 216 218 230 237 241 249
47:0 15 63 76 91 92 104 148 156 168 173 174 182 188 202 203 207 210 213 214 216 218 230 237 241 249
48:0 76 92 94 104 129 156 168 173 174 182 188 202 203 207 213 214 216 218 230 237 241
49:0 63 76 92 94 104 129 148 156 168 173 174 182 188 202 203 207 213 214 216 218 230 237 241
50:0 15 89 91 92 104 156 168 173 174 182 188 189 203 207 213 214 216 218 237 241 249
51:0 15 63 89 91 92 104 156 168 173 174 182 188 189 203 207 213 214 216 218 237 241 249
52:0 29 87 92 104 111 129 138 156 168 171 173 174 182 189 192 196 197 203 207 213 214 216 218 231 237 241 244 247
53:0 29 46 63 87 92 104 111 129 138 156 168 171 173 174 182 189 192 196 197 203 207 213 214 216 218 231 237 241 244 247
54:0 8 29 57 59 70 91 92 104 127 129 148 156 173 174 182 189 196 203 207 213 214 216 218 223 231 237 240 244 249 250
55:0 8 29 57 59 63 70 91 92 104 127 129 148 156 173 174 182 189 196 203 207 210 213 214 216 218 223 231 237 240 244 249 250
56:0 7 8 9 29 70 87 91 92 104 111 129 156 168 173 174 182 189 197 203 207 213 214 216 218 223 231 237 241 244 249
57:0 7 8 9 29 63 70 87 91 92 104 111 129 156 168 173 174 182 189 197 203 207 213 214 216 218 223 231 237 241 244 249
58:0 29 46 91 92 104 126 129 156 173 174 182 203 207 213 214 216 218 225 231 237 241 249
59:0 29 46 63 91 92 104 126 129 156 173 174 182 203 207 213 214 216 218 225 231 237 241 249
60:0 29 57 59 92 94 104 111 127 156 168 173 174 182 196 203 207 213 214 216 218 237 240 250
61:0 8 29 57 59 70 89 92 94 104 111 127 156 168 173 174 182 189 196 197 203 207 213 214 216 218 237 240 249 250
62:0 8 29 57 59 63 70 89 92 94 104 111 127 156 168 173 174 182 189 196 197 203 207 213 214 216 218 223 237 240 249 250
63:0 7 8 9 29 92 94 104 138 148 156 168 171 173 174 182 192 203 207 213 214 216 218 223 237 240 241 244 247
64:0 7 8 9 29 91 92 94 104 138 148 156 168 171 173 174 182 192 203 207 213 214 216 218 223 237 240 241 244 247
65:0 7 8 9 29 63 91 92 94 104 138 148 156 168 171 173 174 182 192 203 207 213 214 216 218 223 237 240 241 244 247
66:0 7 8 9 29 70 89 91 92 104 126 156 168 173 174 182 189 197 203 207 213 214 216 218 223 237 241 249
67:0 7 8 9 29 70 89 91 92 104 126 156 168 173 174 182 189 197 203 207 213 214 216 218 223 237 241 249
68:0 7 8 9 29 63 70 89 91 92 104 126 156 168 173 174 182 189 197 203 207 213 214 216 218 223 237 241 249
69:0 15 76 92 104 148 156 173 174 182 188 202 203 207 213 214 216 218 230 237 241
70:0 15 76 92 104 148 156 173 174 182 188 202 203 207 213 214 216 218 230 237 241
71:0 15 63 76 92 104 148 156 173 174 182 188 202 203 207 213 214 216 218 230 237 241
72:0 15 57 59 92 104 156 173 174 182 188 196 202 203 207 213 214 216 218 237 240 250
73:0 15 57 59 63 92 104 156 173 174 182 188 196 202 203 207 213 214 216 218 237 240 250
74:0 7 29 70 89 91 92 104 111 126 156 173 174 182 189 201 203 205 207 213 214 216 218 223 237 241 249
75:0 7 29 70 89 91 92 104 111 126 156 173 174 182 189 201 203 205 207 213 214 216 218 223 237 241 249
76:0 7 29 46 63 70 89 91 92 104 111 126 156 173 174 182 189 201 203 205 207 210 213 214 216 218 223 237 241 249
77:0 29 92 104 126 129 156 173 174 182 203 207 213 214 216 218 231 237 241
78:0 29 63 92 104 126 129 156 173 174 182 203 207 213 214 216 218 231 237 241
79:0 29 57 59 70 89 91 92 94 104 126 129 138 148 156 171 173 174 182 189 192 196 203 207 213 214 216 218 231 237 240 241 244 247
80:0 8 29 57 59 63 70 89 91 92 94 104 126 129 138 148 156 171 173 174 182 189 192 196 203 207 210 213 214 216 218 223 231 237 240 241 244 247 249
81:0 87 92 104 129 148 156 173 174 182 192 203 205 207 214 216 218 237 240
82:0 63 87 92 104 129 148 156 173 174 182 192 203 205 207 214 216 218 237 240
83:0 15 19 29 92 104 129 156 168 173 174 182 189 197 203 207 211 213 214 216 218 231 237 241 244
84:0 19 92 104 129 156 168 173 174 182 189 203 207 211 213 214 216 218 237 241
85:0 19 63 92 104 129 156 168 173 174 182 189 203 207 211 213 214 216 218 237 241
86:0 29 57 59 92 104 127 156 173 174 182 196 203 207 213 214 216 218 237 240 250
87:0 29 57 59 63 92 104 127 156 173 174 182 196 203 207 213 214 216 218 237 240 250
88:0 7 8 9 87 92 104 126 156 168 173 174 182 188 189 192 202 203 207 213 214 216 218 223 237 241
89:0 7 8 9 63 87 92 104 126 156 168 173 174 182 188 189 192 202 203 207 213 214 216 218 223 237 241
90:0 57 59 92 104 129 156 173 174 182 196 203 207 213 214 216 218 237 240 250
91:0 57 59 63 92 104 129 156 173 174 182 196 203 207 213 214 216 218 237 240 250
92:0 87 92 94 104 138 156 168 171 173 174 182 192 202 203 207 213 214 216 218 237 240 241 244 247
93:0 87 92 94 104 138 156 168 171 173 174 182 192 202 203 207 213 214 216 218 237 240 241 244 247
94:0 7 8 9 29 63 70 87 92 94 104 138 156 168 171 173 174 182 192 202 203 207 213 214 216 218 223 237 240 241 244 247 249
95:0 29 46 70 89 91 92 104 156 173 174 182 189 201 203 207 213 214 216 218 231 237 241 249
96:0 7 8 9 29 92 94 104 138 148 156 171 173 174 182 192 203 207 213 214 216 218 223 237 240 241 244 247
97:0 7 8 9 29 63 92 94 104 138 148 156 171 173 174 182 192 203 207 213 214 216 218 223 237 240 241 244 247
98:0 15 57 59 70 92 104 156 168 173 174 182 189 196 203 207 210 213 214 216 218 237 240 249 250
99:0 15 57 59 63 70 92 104 156 168 173 174 182 189 196 203 207 210 213 214 216 218 237 240 249 250
100:0 29 87 92 104 129 148 156 173 174 182 192 203 205 207 214 216 218 237 240
101:0 29 63 87 92 104 129 148 156 173 174 182 192 203 205 207 214 216 218 237 240
102:0 70 76 92 94 104 138 148 156 168 171 173 174 182 188 202 203 205 207 213 214 216 218 237 241 244
103:0 29 63 70 76 92 94 104 138 148 156 168 171 173 174 182 188 202 203 205 207 213 214 216 218 237 241 244
104:0 7 9 29 59 70 89 91 92 104 126 156 168 173 174 182 189 196 197 201 203 207 213 214 216 218 223 231 237 241 249
105:0 7 9 29 59 63 70 89 91 92 104 126 156 168 173 174 182 189 196 197 201 203 207 213 214 216 218 223 231 237 241 249
106:0 29 70 92 104 129 156 168 173 174 182 189 197 203 207 213 214 216 218 223 237 241 249
107:0 7 8 9 29 70 92 104 129 156 168 173 174 182 189 197 203 207 213 214 216 218 223 237 241 249
108:0 7 8 9 15 29 57 59 63 70 87 89 92 104 111 126 138 156 168 171 173 174 182 189 196 201 203 205 207 213 214 216 218 223 231 237 240 241 244 247 249
109:0 87 92 104 126 156 168 173 174 182 188 192 203 205 207 213 214 216 218 237 241
110:0 63 87 92 104 126 156 168 173 174 182 188 192 203 205 207 213 214 216 218 237 241
111:0 29 46 59 70 87 89 91 92 104 126 156 173 174 182 189 192 196 201 203 205 207 213 214 216 218 231 237 241 249
112:0 7 9 29 46 57 59 63 70 87 89 91 92 104 126 156 173 174 182 189 192 196 201 203 205 207 210 213 214 216 218 223 231 237 241 249
113:0 29 59 63 70 76 87 92 94 104 111 126 138 148 156 173 174 182 189 192 196 201 203 205 207 213 214 216 218 223 231 237 240 241 244 247 249
114:0 15 29 63 76 92 104 148 156 168 173 174 182 188 202 203 207 213 214 216 218 230 237 241 244
115:0 7 8 9 29 46 57 59 63 70 87 89 92 104 126 156 173 174 182 189 192 196 201 203 207 210 213 214 216 218 223 231 237 240 241 247 249
116:0 29 57 59 92 104 127 129 156 173 174 182 196 203 207 213 214 216 218 225 237 240 250
117:0 29 57 59 63 92 104 127 129 156 173 174 182 196 203 207 213 214 216 218 225 237 240 250
118:0 57 59 92 104 127 129 156 173 174 182 196 203 207 213 214 216 218 237 240
119:0 57 59 63 92 104 127 129 156 173 174 182 196 203 207 213 214 216 218 237 240
120:0 57 59 87 92 94 104 127 129 148 156 173 174 182 192 196 203 207 213 214 216 218 237 240 244 250
121:0 57 59 63 87 92 94 104 127 129 138 148 156 171 173 174 182 192 196 203 207 213 214 216 218 237 240 244 250
122:0 7 8 9 29 63 76 87 92 94 104 138 148 156 168 171 173 174 182 189 192 203 207 213 214 216 218 223 237 241 244 247
123:0 15 29 63 92 104 129 156 168 173 174 182 197 203 207 210 211 213 214 216 218 237 241 249
124:0 8 29 59 63 92 94 104 138 156 168 171 173 174 182 189 196 203 207 213 214 216 218 223 230 237 240 244 247
125:0 7 8 9 29 63 70 87 92 94 104 129 148 156 168 173 174 182 189 192 197 203 207 213 214 216 218 223 231 237 240 249
126:0 7 9 29 63 70 92 94 104 126 156 168 173 174 182 189 197 203 207 213 214 216 218 223 231 237 241 249
127:0 15 29 63 70 92 104 156 168 173 174 182 203 207 210 213 214 216 218 237 241 249
128:0 29 57 59 63 70 87 89 92 104 126 156 173 174 182 192 196 203 207 213 214 216 218 231 237 241 249
130:0 29 46 57 59 63 70 87 92 104 126 127 156 173 174 182 192 196 201 203 207 213 214 216 218 225 237 240 249 250
131:0 29 57 59 63 70 87 92 94 104 138 156 171 173 174 182 192 196 203 207 213 214 216 218 225 231 237 240 249 250
133:0 29 92 104 129 156 173 174 182 189 197 203 207 213 214 216 218 231 237 240 241 247
134:0 29 46 57 59 63 92 104 127 129 156 173 174 182 189 196 197 203 207 213 214 216 218 231 237 240 241 247 250
135:0 29 46 63 87 92 104 129 148 156 173 174 182 189 192 197 203 207 213 214 216 218 231 237 240 241 247
136:0 29 46 63 92 104 126 129 156 173 174 182 189 192 197 203 207 213 214 216 218 231 237 240 241 247
137:0 59 63 87 92 94 104 129 138 148 156 168 171 173 174 182 192 196 203 207 214 216 218 231 237 240 241 244
138:0 29 57 59 92 104 156 168 173 174 182 196 201 203 205 207 213 214 216 218 237 240 249 250
139:0 29 57 59 63 92 104 156 168 173 174 182 196 201 203 205 207 213 214 216 218 237 240 249 250
140:0 59 92 104 156 168 173 174 182 196 201 202 203 205 207 213 214 216 218 237 240 249
141:0 15 29 57 59 63 92 104 156 168 173 174 182 196 201 202 203 205 207 210 213 214 216 218 237 240 249 250
142:0 19 29 46 63 89 92 104 126 129 156 173 174 182 197 201 203 207 211 213 214 216 218 225 231 237 240 249
143:0 7 8 9 29 57 59 63 70 76 87 89 92 94 104 111 126 156 173 174 182 189 192 196 201 203 205 207 213 214 216 218 223 237 240 241 244 247 249
144:0 19 46 59 63 92 104 129 156 173 174 182 189 196 197 201 203 207 211 214 216 218 237 240 241 249
145:0 19 46 63 87 92 104 129 148 156 173 174 182 189 192 197 201 203 207 211 214 216 218 237 240 241 249
146:0 19 46 63 92 104 126 129 156 173 174 182 189 197 201 203 207 211 214 216 218 237 240 241 249
147:0 29 57 59 87 92 104 126 127 129 156 173 174 182 192 196 197 203 207 213 214 216 218 225 231 237 240
148:0 29 57 59 87 92 104 126 127 129 156 173 174 182 192 196 197 203 207 213 214 216 218 225 231 237 240
149:0 7 8 9 19 29 57 59 63 70 87 92 104 126 127 129 156 173 174 182 189 192 196 197 201 203 207 210 211 213 214 216 218 223 225 231 237 240 249 250
150:0 7 8 9 29 59 63 70 76 87 92 94 104 126 129 138 148 156 171 173 174 182 189 192 196 197 203 207 214 216 218 223 231 237 240 241 244 247 249
151:0 7 8 9 15 19 29 46 57 59 63 70 76 87 89 91 92 94 104 111 126 127 129 138 148 156 168 171 173 174 182 188 189 192 196 197 201 202 203 205 207 210 211 213 214 216 218 223 225 230 231 237 240 241 244 247 249 250
152:0 15 29 76 92 104 148 156 173 174 182 189 197 202 203 207 213 214 216 218 230 231 237 241
153:0 15 29 70 76 92 104 148 156 173 174 182 189 197 202 203 207 210 213 214 216 218 230 231 237 241 249
154:0 15 29 63 70 76 89 92 104 148 156 173 174 182 189 197 202 203 207 210 213 214 216 218 230 231 237 241 249
155:0 15 29 91 92 104 111 126 129 156 173 174 182 189 197 203 205 207 213 214 216 218 231 237 241
156:0 15 29 46 70 91 92 104 111 126 129 156 173 174 182 189 197 203 205 207 210 213 214 216 218 231 237 241 249
157:0 7 9 15 29 46 63 70 89 91 92 104 111 126 129 156 173 174 182 189 197 203 205 207 210 213 214 216 218 223 231 237 241 249
158:0 8 15 29 57 59 91 92 104 156 173 174 182 189 196 197 203 207 213 214 216 218 223 231 237 240 250
159:0 8 15 29 46 57 59 70 91 92 104 156 173 174 182 189 196 197 203 207 210 213 214 216 218 223 231 237 240 249 250
160:0 8 15 29 46 57 59 63 70 89 91 92 104 156 173 174 182 189 196 197 203 207 210 213 214 216 218 223 231 237 240 249 250
161:0 7 8 9 15 29 57 91 92 104 111 129 156 168 173 174 182 189 197 203 205 207 210 213 214 216 218 223 231 237 241 247
162:0 7 8 9 15 29 57 63 70 91 92 104 111 129 156 168 173 174 182 189 197 203 205 207 210 213 214 216 218 223 231 237 241 247
163:0 19 92 104 129 138 148 156 168 171 173 174 182 189 197 203 207 211 213 214 216 218 237 241
164:0 19 63 92 104 129 138 148 156 168 171 173 174 182 189 197 203 207 211 213 214 216 218 237 241
165:0 8 9 29 76 91 92 104 129 148 156 168 173 174 182 202 203 205 207 213 214 216 218 223 230 237 241
166:0 8 9 29 63 76 91 92 104 129 148 156 168 173 174 182 202 203 205 207 213 214 216 218 223 230 237 241
167:0 76 91 92 94 104 148 156 168 173 174 182 188 202 203 207 213 214 216 218 237 241
168:0 63 76 91 92 94 104 148 156 168 173 174 182 188 202 203 207 213 214 216 218 237 241
169:0 19 63 92 104 129 156 168 173 174 182 197 202 203 207 211 213 214 216 218 237 241
170:0 57 87 92 104 127 148 156 173 174 182 192 203 207 213 214 216 218 237 240 250
171:0 57 63 87 92 104 127 148 156 173 174 182 192 203 207 213 214 216 218 237 240 250
172:0 29 87 92 104 111 129 148 156 173 174 182 189 192 197 203 205 207 213 214 216 218 231 237 240
173:0 29 76 92 94 104 111 126 138 148 156 171 173 174 182 189 192 196 197 203 205 207 213 214 216 218 231 237 240 241 244 247
174:0 29 76 92 94 104 111 126 138 148 156 171 173 174 182 189 192 196 197 203 205 207 213 214 216 218 237 240 241 244 247
175:0 29 76 92 94 104 111 126 129 138 148 156 173 174 182 189 192 197 203 205 207 213 214 216 218 237 240 241 244 247 249
176:0 19 29 63 76 92 94 104 111 126 129 138 148 156 173 174 182 189 192 197 203 205 207 211 213 214 216 218 237 240 241 244 247 249
177:0 76 92 94 104 129 138 148 156 168 171 173 174 182 197 202 203 207 213 214 216 218 237 241 244
178:0 19 63 76 92 94 104 129 138 148 156 168 171 173 174 182 197 202 203 207 213 214 216 218 237 241 244
179:0 29 87 92 104 111 129 148 156 173 174 182 192 203 207 213 214 216 218 231 237 240
180:0 7 9 29 70 87 92 104 111 129 148 156 173 174 182 192 203 207 213 214 216 218 223 231 237 240 249
181:0 7 9 29 63 70 87 92 104 111 129 148 156 173 174 182 192 203 207 213 214 216 218 223 231 237 240 249
182:0 15 63 76 92 104 148 156 173 174 182 202 203 207 213 214 216 218 230 237 241
183:0 8 29 57 59 92 104 111 127 129 156 173 174 182 189 196 203 205 207 213 214 216 218 223 231 237 240 250
184:0 8 29 57 59 63 70 92 104 111 127 129 156 173 174 182 189 196 203 205 207 213 214 216 218 223 231 237 240 249 250
185:0 7 8 9 29 70 89 91 92 104 111 156 168 173 174 182 189 201 203 205 207 213 214 216 218 223 237 241 244 249
186:0 8 29 57 59 63 70 89 92 94 104 111 127 156 168 173 174 182 189 196 197 203 207 213 214 216 218 223 237 240 249 250
187:0 29 76 92 104 111 148 156 173 174 182 202 203 207 213 214 216 218 230 237 241
188:0 29 76 92 104 111 148 156 173 174 182 202 203 207 213 214 216 218 230 237 241
189:0 29 63 76 92 104 111 148 156 173 174 182 202 203 207 213 214 216 218 230 237 241
190:0 7 8 9 15 29 70 87 92 104 111 129 138 156 168 171 173 174 182 189 192 197 203 207 210 213 214 216 218 223 231 237 241 247 249
191:0 15 76 92 104 148 156 173 174 182 188 202 203 207 213 214 216 218 230 237 241
192:0 15 63 76 92 104 148 156 173 174 182 188 202 203 207 213 214 216 218 230 237 241
193:0 29 76 92 104 129 148 156 168 173 174 182 197 202 203 207 213 214 216 218 237 241
194:0 8 29 57 89 91 92 104 111 148 156 173 174 182 188 189 201 203 205 207 213 214 216 218 223 231 237 240 249 250
195:0 8 29 57 63 70 89 91 92 104 111 148 156 173 174 182 188 189 201 203 205 207 213 214 216 218 223 231 237 240 249 250
196:0 15 29 63 92 94 104 129 138 148 156 171 173 174 182 189 192 197 203 207 213 214 216 218 231 237 240 241 244 247
197:0 15 29 63 92 94 104 129 138 148 156 171 173 174 182 189 192 197 203 207 213 214 216 218 231 237 240 241 244 247
198:0 19 92 104 129 138 156 168 171 173 174 182 189 196 197 203 207 211 213 214 216 218 237 241 244 247
199:0 8 29 57 59 63 70 89 91 92 94 104 126 129 138 148 156 171 173 174 182 189 192 196 203 207 210 213 214 216 218 223 231 237 240 241 244 247 249 250
200:0 29 87 92 94 104 111 129 138 148 156 168 171 173 174 182 192 203 207 213 214 216 218 237 240 241 244 247
203:0 29 70 87 89 92 94 104 129 138 156 168 171 173 174 182 189 192 203 207 213 214 216 218 231 237 241 244 247 249
204:0 29 70 76 92 104 111 156 173 174 182 202 203 205 207 213 214 216 218 230 237 241 249
205:0 29 63 70 76 92 104 111 156 173 174 182 201 202 203 205 207 213 214 216 218 230 237 241 249
206:0 29 70 76 87 91 92 104 111 138 156 168 171 173 174 182 189 192 203 205 207 213 214 216 218 231 237 240 241 244 249
207:0 15 29 70 92 104 129 156 168 173 174 182 188 197 201 203 207 210 213 214 216 218 231 237 241 249
208:0 15 29 46 63 70 89 91 92 104 111 156 173 174 182 189 201 203 205 207 213 214 216 218 225 231 237 241 249
209:0 7 8 9 29 46 70 87 92 104 111 156 168 173 174 182 188 189 192 197 203 207 213 214 216 218 223 237 240 241 247 249
210:0 7 8 9 29 46 63 70 87 92 104 111 156 168 173 174 182 188 189 192 197 203 207 213 214 216 218 223 237 240 241 247 249
211:0 29 57 59 92 104 111 127 129 156 173 174 182 188 196 203 205 207 213 214 216 218 237 240 250
212:0 15 29 63 70 92 104 129 156 168 173 174 182 197 201 203 207 210 211 213 214 216 218 237 241 249
213:0 29 70 89 91 92 104 111 148 156 173 174 182 188 189 201 203 205 207 213 214 216 218 237 241 249
214:0 15 29 70 89 92 104 156 168 173 174 182 197 203 207 210 213 214 216 218 237 241 249
215:0 8 15 29 57 59 70 91 92 104 111 129 138 156 168 171 173 174 182 189 196 197 203 207 210 213 214 216 218 223 231 237 240 244 247 249
216:0 7 8 9 15 29 46 70 89 91 92 104 111 129 156 168 173 174 182 189 192 203 205 207 210 213 214 216 218 223 237 241 249
217:0 7 8 9 15 29 46 63 70 89 91 92 104 111 129 156 168 173 174 182 189 192 203 205 207 210 213 214 216 218 223 237 241 249
218:0 92 104 111 126 156 173 174 182 189 203 205 207 213 214 216 218 237 241 249
219:0 63 70 89 92 104 111 126 156 173 174 182 189 203 205 207 213 214 216 218 237 241 249
220:0 29 46 59 70 89 92 104 111 156 173 174 182 189 196 197 203 207 213 214 216 218 237 240 249
221:0 29 46 59 63 70 89 92 104 111 156 173 174 182 189 196 197 203 207 213 214 216 218 237 240 249
222:0 29 57 70 89 92 94 104 111 156 173 174 182 189 201 203 205 207 213 214 216 218 237 240 241 249 250
223:0 57 63 92 104 111 129 156 168 173 174 182 189 203 207 213 214 216 218 237 240 250
224:0 57 63 92 104 111 129 156 168 173 174 182 189 203 207 213 214 216 218 237 240 250
225:0 19 29 59 92 104 129 156 168 173 174 182 189 196 197 203 207 213 214 216 218 237 240
226:0 29 57 59 92 104 127 129 156 173 174 182 189 196 203 207 213 214 216 218 237 240 250
227:0 15 19 92 104 129 156 168 173 174 182 189 197 201 203 207 211 213 214 216 218 237 241
228:0 29 46 76 92 104 126 129 138 156 168 171 173 174 182 188 189 197 203 207 213 214 216 218 231 237 241 247 249
229:0 29 46 63 70 76 92 104 126 129 138 156 168 171 173 174 182 188 189 197 203 207 213 214 216 218 231 237 241 247 249
230:0 29 57 59 63 92 104 127 129 156 173 174 182 196 203 207 213 214 216 218 225 237 240 250
231:0 29 46 70 89 92 104 111 156 173 174 182 189 201 203 205 207 213 214 216 218 237 241 249
232:0 29 46 63 70 89 92 104 111 156 173 174 182 189 201 203 205 207 213 214 216 218 237 241 249
233:0 59 63 87 92 94 104 111 129 138 148 156 168 171 173 174 182 192 196 203 207 214 216 218 231 237 240 241 244
234:0 29 46 89 92 94 104 129 138 148 156 168 171 173 174 182 189 197 203 207 213 214 216 218 237 240 241 244
236:0 29 70 92 104 129 156 168 173 174 182 189 197 203 207 213 214 216 218 237 241 249
237:0 29 70 91 92 104 129 156 168 173 174 182 189 197 203 207 213 214 216 218 237 241 249
238:0 8 59 92 94 104 138 156 168 171 173 174 182 189 196 203 207 213 214 216 218 223 230 237 240 244 247
239:0 7 8 9 29 87 92 94 104 129 148 156 168 173 174 182 189 192 197 203 207 213 214 216 218 223 237 240
240:0 7 9 29 92 94 104 126 156 168 173 174 182 189 197 203 207 213 214 216 218 223 231 237 241
241:0 7 8 9 29 57 59 63 70 87 89 92 104 111 156 173 174 182 189 192 196 201 203 205 207 213 214 216 218 223 230 231 237 240 241 244 247 249
242:0 29 59 63 70 76 87 92 94 104 111 126 138 148 156 173 174 182 189 192 196 201 203 205 207 213 214 216 218 223 237 240 241 247 249
243:0 15 29 46 63 70 87 91 92 104 129 148 156 173 174 182 189 192 197 201 203 207 214 216 218 231 237 240 241 244 249
244:0 15 29 46 63 70 76 91 92 104 126 129 148 156 173 174 182 189 197 201 203 207 214 216 218 231 237 240 241 244 249
245:0 15 29 46 57 59 63 91 92 104 127 129 156 173 174 182 189 196 197 201 203 207 214 216 218 231 237 240 241 244 249 250
246:0 29 63 89 91 92 104 156 173 174 182 189 197 201 203 207 213 214 216 218 237 240 241
247:0 29 63 89 91 92 104 156 173 174 182 189 197 201 203 207 213 214 216 218 237 240 241
248:0 7 15 29 46 57 63 70 89 91 92 104 126 156 171 173 174 182 189 197 201 203 207 210 213 214 216 218 223 225 231 237 240 241 249
249:0 19 29 46 57 59 63 70 87 89 92 94 104 127 129 138 156 171 173 174 182 189 192 196 197 201 202 203 207 211 214 216 218 225 231 237 240 241 244 247 249 250
250:0 19 46 63 70 76 87 89 92 94 104 126 129 138 148 156 171 173 174 182 189 192 197 201 202 203 207 211 214 216 218 225 237 240 241 244 247 249
251:0 63 76 92 94 104 111 129 138 148 156 171 173 174 182 189 197 201 202 203 207 214 216 218 230 237 240 241 244 247
