1:0 13 14 15 22 29 33 34 36 38 45 72 73 74 75 76 77 79 80 88 92 99 102 104 111 113 115 117 130 148 156 164 173 174 182 189 202 203 204 207 210 213 214 216 218 219 230 235 237 241 246
2:0 13 14 15 22 29 33 34 36 38 45 72 73 74 75 76 77 79 80 88 92 99 102 104 111 113 115 117 130 148 156 164 173 174 182 189 202 203 204 207 210 213 214 216 218 219 230 235 237 241 246
3:0 13 14 15 22 29 33 34 36 38 45 46 63 72 73 74 75 76 77 79 80 88 92 99 102 104 111 113 115 117 130 148 156 164 173 174 182 189 202 203 204 207 210 213 214 216 218 219 230 235 237 241 246
4:0 5 7 10 14 15 25 29 34 36 38 43 44 45 52 53 66 68 69 70 82 83 91 92 99 102 104 108 111 115 117 126 129 130 156 157 163 164 173 174 182 184 187 189 200 203 207 210 213 214 216 218 223 225 231 237 241 242 246 249 251
5:0 5 7 10 14 15 25 29 34 36 38 43 44 45 52 53 66 68 69 70 82 83 91 92 99 102 104 108 111 115 117 126 129 130 156 157 163 164 173 174 182 184 187 189 200 203 207 210 213 214 216 218 223 225 231 237 241 242 246 249 251
6:0 5 7 10 14 15 17 19 25 29 34 36 38 43 44 45 46 52 53 63 66 68 69 70 82 83 89 90 91 92 99 102 104 108 111 115 117 126 129 130 156 157 163 164 173 174 182 184 187 189 200 201 203 207 210 211 213 214 216 218 223 225 231 237 241 242 246 249 251
7:0 5 8 25 29 33 34 36 38 39 44 54 55 56 57 58 59 61 66 68 69 70 91 92 93 99 102 104 110 111 114 115 117 127 130 145 156 164 173 174 175 182 189 192 193 196 203 205 207 213 214 216 218 223 229 231 237 240 243 249 250
8:0 5 8 25 29 33 34 36 38 39 44 54 55 56 57 58 59 61 66 68 69 70 91 92 93 99 102 104 110 111 114 115 117 127 130 145 156 164 173 174 175 182 189 192 193 196 203 205 207 213 214 216 218 223 229 231 237 240 243 249 250
9:0 5 8 25 29 33 34 36 38 39 44 46 54 55 56 57 58 59 61 63 66 68 69 70 89 90 91 92 93 99 102 104 110 111 114 115 117 127 130 145 156 164 173 174 175 182 189 192 193 196 203 205 207 213 214 216 218 223 229 231 237 240 243 249 250
10:0 33 81
11:0 33 81 106
12:0 13 16 18 33 36 38 48 60 63 72 76 77 78 79 81 92 93 94 99 100 102 104 106 115 117 129 148 149 156 164 171 173 174 182 202 203 207 213 214 216 218 219 230 237 241
13:0 40 81
14:0 40 81 106
15:0 14 15 31 36 38 40 41 42 63 72 81 92 97 99 102 104 106 115 116 117 129 130 156 164 173 174 182 188 202 203 207 210 213 214 216 218 228 230 237 241
16:0 13 16 17 18 19 28 33 36 38 92 97 98 99 102 104 115 117 119 129 143 156 164 168 173 174 182 185 189 193 197 203 207 211 213 214 216 218 228 237 241
17:0 13 16 17 18 19 28 33 36 38 92 97 98 99 102 104 115 117 119 129 143 156 164 168 173 174 182 185 189 193 197 203 207 211 213 214 216 218 228 237 241
18:0 13 16 17 18 19 28 33 36 38 63 92 97 98 99 102 104 115 117 119 129 143 156 164 168 173 174 182 185 189 193 197 203 207 211 213 214 216 218 228 237 241
19:0 29 33 34 36 38 39 44 55 59 61 68 85 87 91 92 98 99 102 103 104 111 116 117 129 130 154 156 158 162 164 168 172 173 174 179 182 189 196 203 207 213 214 216 218 228 231 237 241 247 249
20:0 15 29 33 34 36 38 39 44 46 55 58 59 61 63 68 70 85 87 91 92 98 99 102 103 104 111 116 117 129 130 154 156 158 162 164 168 172 173 174 179 182 184 189 196 203 207 213 214 216 218 228 231 237 241 247 249
21:0 13 18 19 31 36 38 43 45 49 64 65 92 97 98 99 102 104 117 119 129 143 156 161 164 168 173 174 182 184 185 189 197 203 206 207 211 213 214 216 218 228 237 241
22:0 13 18 19 31 36 38 43 45 49 63 64 65 92 97 98 99 102 104 117 119 129 143 156 161 164 168 173 174 182 184 185 189 197 203 206 207 211 213 214 216 218 228 237 241
23:0 21 29 34 35 36 38 40 43 44 51 70 72 89 90 91 92 99 102 103 104 114 117 130 137 156 157 164 168 173 174 180 182 188 202 203 207 213 214 216 218 228 237 241 242 251
24:0 21 29 34 35 36 38 40 43 44 51 63 70 72 89 90 91 92 99 102 103 104 114 117 130 137 156 157 164 168 173 174 180 182 188 202 203 207 213 214 216 218 228 237 241 242 251
25:0 3 5 6 9 19 21 25 29 34 36 38 39 45 47 57 66 69 70 80 84 85 86 87 92 97 98 99 102 104 111 113 115 117 129 130 146 148 156 164 173 174 179 182 184 186 189 192 197 203 204 205 207 213 214 216 217 218 223 227 231 237 240
26:0 3 5 6 9 19 21 25 29 34 36 38 39 45 47 57 63 66 69 70 80 84 85 86 87 92 97 98 99 102 104 111 113 115 117 129 130 146 148 156 164 168 173 174 179 182 184 186 189 192 197 203 204 205 207 213 214 216 217 218 223 227 231 237 240
27:0 10 14 15 28 29 34 36 38 40 66 68 69 70 89 90 91 92 99 102 104 111 117 129 130 154 156 157 163 164 168 173 174 175 182 189 197 201 203 205 207 210 213 214 216 218 219 223 229 231 232 237 241 249
28:0 10 14 15 28 29 34 36 38 40 63 66 68 69 70 89 90 91 92 99 102 104 111 117 129 130 154 156 157 163 164 168 173 174 175 182 189 197 201 203 205 207 210 213 214 216 218 219 223 229 231 232 237 241 249
29:0 10 24 29 33 34 36 38 39 40 44 45 48 50 59 68 85 87 92 99 102 104 111 115 116 117 130 142 154 156 164 168 173 174 182 186 189 197 203 204 207 213 214 216 218 231 236 237 240 241 251
30:0 10 24 29 32 33 34 36 38 39 40 44 45 48 50 55 58 59 61 68 70 85 87 92 99 102 104 111 115 116 117 130 142 154 156 164 168 173 174 182 186 189 197 203 204 207 213 214 216 218 231 236 237 240 241 249 251
31:0 5 6 7 8 9 10 24 25 29 32 33 34 36 38 39 40 44 45 46 48 50 53 55 57 58 59 61 63 66 68 69 70 85 87 89 90 92 99 102 104 111 115 116 117 126 130 142 154 156 157 164 168 173 174 182 186 189 196 197 201 203 204 207 210 213 214 216 218 223 231 236 237 240 241 247 249 251
32:0 24 29 30 31 32 33 34 36 38 40 43 48 50 59 68 85 87 92 93 99 102 104 111 115 116 117 130 133 142 156 164 168 173 174 182 186 189 197 203 207 213 214 216 218 231 234 237 240 241 251
33:0 24 29 30 31 32 33 34 36 38 40 43 48 50 55 58 59 61 68 70 85 87 92 93 99 102 104 111 115 116 117 130 133 142 156 164 168 173 174 182 186 189 197 203 207 213 214 216 218 231 234 237 240 241 249 251
34:0 5 6 7 8 9 24 25 29 30 31 32 33 34 36 37 38 40 43 46 48 50 53 55 57 58 59 61 63 66 68 69 70 85 87 89 90 92 93 99 102 104 111 115 116 117 126 130 133 142 156 157 164 168 173 174 182 186 189 196 197 201 203 207 210 213 214 216 218 223 231 234 237 240 241 247 249 251
35:0 1 3 5 7 8 9 25 29 34 36 38 45 47 53 55 58 59 61 66 68 69 70 76 80 85 86 87 92 94 99 100 102 104 107 111 113 115 117 118 126 129 130 133 138 146 148 149 150 156 161 164 171 173 174 182 184 186 187 189 192 196 197 203 204 205 207 213 214 216 217 218 223 227 231 236 237 240 241 244 247
36:0 1 3 5 7 8 9 25 29 34 36 38 45 47 53 55 58 59 61 63 66 68 69 70 76 80 85 86 87 92 94 99 100 102 104 107 111 113 115 117 118 126 129 130 133 138 146 148 149 150 156 161 164 171 173 174 182 184 186 187 189 192 196 197 203 204 205 207 213 214 216 217 218 223 227 231 236 237 240 241 244 247
37:0 29 34 36 38 39 46 50 52 53 83 91 92 95 98 99 102 104 109 115 117 126 129 130 156 164 173 174 175 180 182 185 203 207 213 214 216 218 219 231 237 241
38:0 29 34 36 38 39 46 50 52 53 63 83 91 92 95 98 99 102 104 109 115 117 126 129 130 156 164 173 174 175 180 182 185 203 207 213 214 216 218 219 231 237 241
39:0 1 3 5 7 8 9 25 29 34 36 38 47 50 53 55 58 59 61 66 68 69 70 76 80 85 86 87 92 94 99 100 102 104 111 115 117 126 130 138 146 148 149 156 161 164 171 173 174 182 184 185 186 189 192 195 196 197 203 204 205 207 213 214 216 217 218 223 237 240 241 244 247
40:0 1 3 5 7 8 9 25 29 34 36 38 47 50 53 55 58 59 61 63 66 68 69 70 76 80 85 86 87 92 94 99 100 102 104 111 115 117 126 130 138 146 148 149 156 161 164 171 173 174 182 184 185 186 189 192 195 196 197 203 204 205 207 213 214 216 217 218 223 237 240 241 244 247
41:0 13 16 17 18 36 38 44 48 72 92 98 99 102 104 109 114 117 129 141 156 164 168 173 174 175 182 185 197 202 203 207 211 212 213 214 216 218 228 237 241
42:0 13 16 17 18 36 38 44 48 63 72 92 98 99 102 103 104 109 114 117 129 141 156 164 168 173 174 175 182 185 197 202 203 207 211 212 213 214 216 218 228 237 241
43:0 14 15 36 38 51 71 72 73 75 76 77 78 79 80 92 99 102 104 115 117 148 156 164 173 174 175 182 188 202 203 204 207 213 214 216 218 230 235 236 237 241
44:0 14 15 36 38 51 71 72 73 75 76 77 78 79 80 92 99 102 104 115 117 148 156 164 173 174 175 182 188 202 203 204 207 213 214 216 218 230 235 236 237 241
45:0 14 15 34 36 38 51 63 71 72 73 75 76 77 78 79 80 92 99 102 104 115 117 148 156 164 173 174 175 182 188 202 203 204 207 213 214 216 218 230 235 236 237 241
46:0 10 14 15 34 36 38 60 68 72 74 76 77 78 91 92 99 102 103 104 113 115 117 130 141 147 148 156 163 164 168 173 174 175 182 188 202 203 206 207 210 213 214 216 218 228 230 235 237 241 249
47:0 10 14 15 34 36 38 60 63 68 72 74 76 77 78 91 92 99 102 103 104 113 115 117 130 141 147 148 156 163 164 168 173 174 175 182 188 202 203 206 207 210 213 214 216 218 228 230 235 237 241 249
48:0 33 36 38 48 50 60 72 76 77 78 79 92 93 94 99 102 103 104 115 117 129 141 148 149 156 164 168 173 174 182 188 193 202 203 207 213 214 216 218 226 230 237 241
49:0 13 16 18 33 36 38 48 50 60 63 72 76 77 78 79 92 93 94 99 100 102 103 104 115 117 129 141 148 149 156 164 168 173 174 182 188 193 202 203 207 213 214 216 218 226 230 237 241
50:0 10 15 28 34 36 38 45 89 90 91 92 99 102 103 104 117 156 157 163 164 168 173 174 182 185 188 189 203 207 213 214 216 218 222 228 237 241 246 249 251
51:0 10 15 28 34 36 38 45 63 89 90 91 92 99 102 103 104 117 156 157 161 163 164 168 173 174 182 185 188 189 203 207 213 214 216 218 222 228 237 241 246 249 251
52:0 6 10 29 34 36 38 44 45 55 61 85 87 92 95 99 102 103 104 111 117 129 130 133 138 154 156 163 164 168 171 173 174 180 182 185 189 192 196 197 203 204 207 213 214 216 218 231 237 241 244 247
53:0 6 10 29 34 36 38 44 45 46 55 61 63 85 87 92 95 99 102 103 104 111 117 129 130 133 138 154 156 163 164 168 171 173 174 180 182 185 189 192 196 197 203 204 207 213 214 216 218 231 237 241 244 247
54:0 5 6 8 10 25 29 34 36 38 39 50 55 56 57 58 59 60 61 66 68 69 70 80 91 92 93 94 95 99 102 103 104 113 117 127 129 130 133 148 154 156 161 164 173 174 182 189 193 196 203 207 213 214 216 218 223 231 237 238 240 244 248 249 250
55:0 5 6 8 10 25 29 34 36 38 39 50 55 56 57 58 59 60 61 63 66 68 69 70 80 91 92 93 94 95 99 102 103 104 113 117 127 129 130 133 148 154 156 161 164 173 174 182 189 193 196 203 207 210 213 214 216 218 223 231 237 238 240 244 248 249 250
56:0 2 5 6 7 8 9 10 25 29 34 36 37 38 43 66 67 68 69 70 85 87 91 92 96 99 102 103 104 111 116 117 118 129 130 154 156 157 164 168 173 174 179 182 189 193 197 203 207 213 214 216 218 223 231 237 238 241 244 249 251
57:0 2 5 6 7 8 9 10 25 29 34 36 37 38 43 63 66 67 68 69 70 85 87 91 92 96 99 102 103 104 111 116 117 118 129 130 154 156 157 164 168 173 174 179 182 189 193 197 203 207 213 214 216 218 223 231 237 238 241 244 249 251
58:0 29 34 36 37 38 43 44 46 52 53 82 83 91 92 97 99 102 104 115 117 126 129 130 156 164 172 173 174 182 203 207 213 214 216 218 219 225 231 237 241 242 249
59:0 29 34 36 37 38 43 44 46 52 53 63 82 83 91 92 97 99 100 102 104 115 117 126 129 130 156 164 172 173 174 182 203 207 213 214 216 218 219 225 231 237 241 242 245 249
60:0 3 29 34 36 38 54 55 56 57 58 59 61 74 92 94 95 99 102 104 111 114 117 127 130 133 142 145 149 150 156 164 168 170 173 174 182 186 187 196 203 207 213 214 216 218 237 240 250
61:0 3 5 8 25 29 34 36 38 54 55 56 57 58 59 61 66 68 69 70 74 89 90 92 94 95 99 102 104 111 114 117 118 127 130 133 142 145 149 150 156 164 168 170 173 174 182 186 187 189 196 197 203 207 213 214 216 218 237 240 249 250
62:0 3 5 8 25 29 34 36 38 54 55 56 57 58 59 61 63 66 68 69 70 74 89 90 92 94 95 99 102 104 111 114 117 118 127 130 133 142 145 149 150 156 164 168 170 173 174 182 186 187 189 196 197 203 207 213 214 216 218 223 237 240 249 250
63:0 5 7 8 9 25 29 34 36 38 66 68 69 86 92 94 99 100 102 104 112 113 115 117 118 130 138 148 149 156 161 164 168 171 173 174 182 192 193 203 207 213 214 216 218 223 227 237 240 241 244 247
64:0 5 7 8 9 25 29 34 36 38 50 60 66 68 69 86 91 92 93 94 99 100 102 104 105 112 113 115 117 118 130 134 138 148 149 156 161 164 168 171 173 174 182 192 193 203 207 213 214 216 218 223 227 237 240 241 244 247 248
65:0 5 7 8 9 25 29 34 36 38 50 60 63 66 68 69 86 91 92 93 94 99 100 102 104 105 112 113 115 117 118 130 134 138 148 149 156 161 164 168 171 173 174 182 192 193 203 207 213 214 216 218 223 227 237 240 241 244 247 248
66:0 2 5 7 8 9 25 27 29 34 36 37 38 43 53 66 67 68 69 70 89 90 91 92 96 99 102 104 113 116 117 118 126 130 156 157 164 168 173 174 182 184 189 193 197 203 206 207 213 214 216 218 223 227 233 237 238 241 249
67:0 2 5 7 8 9 25 27 29 34 36 37 38 43 53 66 67 68 69 70 89 90 91 92 96 99 102 104 113 116 117 118 126 130 156 157 164 168 173 174 182 184 189 193 197 203 206 207 213 214 216 218 223 227 233 237 238 241 249
68:0 2 5 7 8 9 25 27 29 34 36 37 38 43 53 63 66 67 68 69 70 89 90 91 92 96 99 102 104 113 116 117 118 126 130 156 157 164 168 173 174 182 184 189 193 197 203 206 207 213 214 216 218 223 227 233 237 238 241 249
69:0 14 15 21 22 35 36 38 51 72 74 75 76 77 78 79 92 99 102 104 115 117 141 142 148 156 164 173 174 182 186 188 202 203 207 213 214 216 218 227 230 235 237 241
70:0 14 15 21 22 35 36 38 51 72 74 75 76 77 78 79 92 99 102 104 115 117 141 142 148 156 164 173 174 182 186 188 202 203 207 213 214 216 218 227 230 235 237 241
71:0 14 15 21 22 34 35 36 38 51 63 72 74 75 76 77 78 79 92 99 102 104 115 117 141 142 148 156 164 173 174 182 186 188 202 203 207 213 214 216 218 227 230 235 237 241
72:0 14 15 35 36 38 40 48 51 55 56 57 58 59 61 62 72 92 99 102 103 104 109 112 114 115 117 130 132 156 164 173 174 182 188 196 202 203 207 213 214 216 218 219 229 237 240 243 250
73:0 14 15 35 36 38 40 48 51 55 56 57 58 59 61 62 63 72 92 99 102 103 104 109 112 114 115 117 130 132 156 164 173 174 182 188 196 202 203 207 213 214 216 218 219 229 237 240 243 250
74:0 5 7 29 33 34 36 38 53 66 68 69 70 88 89 90 91 92 99 102 104 106 111 117 118 120 126 153 156 157 164 173 174 182 189 201 203 205 207 213 214 216 218 222 223 229 237 241 249
75:0 5 7 29 33 34 36 38 53 66 68 69 70 88 89 90 91 92 99 102 104 106 111 117 118 120 126 153 156 157 164 173 174 182 189 201 203 205 207 213 214 216 218 222 223 229 237 241 249
76:0 5 7 25 29 33 34 36 38 46 53 63 66 68 69 70 88 89 90 91 92 99 102 104 106 111 117 118 120 126 153 156 157 164 173 174 182 189 201 203 205 207 210 213 214 216 218 222 223 229 237 241 249
77:0 23 24 29 32 33 34 36 37 38 39 45 52 53 67 83 92 95 97 98 99 102 104 115 117 126 129 130 156 164 172 173 174 182 203 204 207 213 214 216 218 231 237 241
78:0 23 24 29 31 32 33 34 36 37 38 39 45 52 53 63 67 83 92 95 97 98 99 102 104 115 117 126 129 130 156 164 172 173 174 182 203 204 207 213 214 216 218 231 237 241
79:0 6 23 29 33 34 36 38 45 50 53 55 57 58 59 61 70 86 89 90 91 92 93 94 99 100 102 104 115 117 126 129 130 133 138 148 149 156 161 164 171 173 174 182 187 189 192 196 203 207 213 214 216 218 219 231 237 240 241 244 247 248
80:0 5 6 8 23 25 29 33 34 36 38 45 50 53 55 57 58 59 61 63 66 68 69 70 86 89 90 91 92 93 94 99 100 102 104 110 115 117 126 129 130 133 138 148 149 156 161 164 171 173 174 182 187 189 192 196 203 207 210 213 214 216 218 219 223 231 237 240 241 244 247 248 249
81:0 33 36 38 48 49 84 85 86 87 92 97 99 100 102 103 104 115 117 129 148 156 164 173 174 182 192 199 203 205 207 214 216 218 237 240
82:0 33 36 38 48 49 63 84 85 86 87 92 97 99 100 102 103 104 115 117 129 148 156 161 164 173 174 182 192 199 203 205 207 214 216 218 237 240
83:0 13 14 15 16 18 19 28 29 31 34 36 38 43 64 92 97 98 99 102 104 115 117 119 129 130 156 163 164 168 173 174 175 182 189 193 197 203 206 207 210 211 213 214 216 218 226 231 237 241 244
84:0 18 19 31 34 36 38 45 48 64 65 67 92 97 98 99 102 104 114 115 117 129 130 143 156 161 164 168 173 174 175 182 185 189 203 207 211 213 214 216 218 228 237 241
85:0 18 19 31 34 36 38 45 48 63 64 65 67 92 97 98 99 102 104 114 115 117 129 130 143 156 161 164 168 173 174 175 182 185 189 203 207 211 213 214 216 218 228 237 241
86:0 6 21 29 32 34 36 38 45 50 55 57 58 59 61 62 64 70 92 99 102 104 117 122 127 130 156 164 173 174 175 182 195 196 203 207 213 214 216 218 219 227 237 240 250
87:0 6 21 29 32 34 36 38 45 50 55 57 58 59 61 62 63 64 70 92 99 102 104 117 122 127 130 156 164 173 174 175 182 195 196 203 207 213 214 216 218 219 227 237 240 250
88:0 1 7 8 9 34 50 53 72 85 87 92 99 102 103 104 106 107 114 117 120 122 124 126 139 151 153 156 164 168 173 174 182 188 189 192 202 203 207 212 213 214 216 218 223 237 241
89:0 1 7 8 9 34 50 53 63 72 85 87 92 99 102 103 104 106 107 114 117 120 122 124 126 139 151 153 156 164 168 173 174 182 188 189 192 202 203 207 212 213 214 216 218 223 237 241
90:0 33 36 38 43 48 55 57 58 59 61 62 92 99 100 102 103 104 110 112 115 117 120 128 129 153 156 161 164 173 174 182 196 203 207 213 214 216 218 229 237 240 250
91:0 33 36 38 43 48 55 57 58 59 61 62 63 92 99 100 102 103 104 110 112 115 117 120 128 129 131 153 156 161 164 173 174 182 191 196 203 207 213 214 216 218 229 237 240 250
92:0 72 85 87 92 94 95 99 101 102 104 109 114 117 120 122 138 149 153 156 164 168 171 173 174 180 182 192 194 195 202 203 207 212 213 214 216 218 237 240 241 244 247
93:0 72 85 87 92 94 95 99 101 102 104 109 114 117 120 122 138 149 153 156 164 168 171 173 174 180 182 192 194 195 202 203 207 212 213 214 216 218 237 240 241 244 247
94:0 5 7 8 9 25 29 34 36 38 63 66 68 69 70 72 85 87 92 94 95 99 101 102 104 109 114 117 118 120 122 130 138 149 153 156 164 168 171 173 174 180 182 192 194 195 202 203 207 212 213 214 216 218 223 237 240 241 244 247 249
95:0 20 21 29 33 34 36 38 46 70 88 89 90 91 92 99 102 103 104 106 117 120 130 153 156 157 159 164 173 174 175 182 189 201 203 207 213 214 216 218 231 237 241 249
96:0 1 5 7 8 9 25 29 34 36 38 50 66 68 69 86 92 93 94 95 96 99 100 102 104 112 113 115 117 118 130 133 138 139 148 149 156 161 164 171 173 174 182 192 203 207 213 214 216 218 223 237 240 241 244 247 248
97:0 1 5 7 8 9 25 29 34 36 38 50 63 66 68 69 86 92 93 94 95 96 99 100 102 104 112 113 115 117 118 130 133 138 139 148 149 156 161 164 171 173 174 182 192 203 207 213 214 216 218 223 237 240 241 244 247 248
98:0 11 12 14 15 21 23 34 36 38 43 55 57 58 59 61 70 91 92 99 102 104 106 114 117 133 145 152 156 164 168 173 174 175 182 189 196 203 207 210 213 214 216 218 232 237 240 249 250
99:0 11 12 14 15 21 23 34 36 38 43 55 57 58 59 61 63 70 91 92 99 102 104 106 114 117 133 145 152 156 164 168 173 174 175 182 189 196 203 207 210 213 214 216 218 232 237 240 249 250
100:0 29 33 36 49 85 86 87 92 97 99 100 102 103 104 113 115 117 120 129 148 153 156 164 173 174 182 192 203 205 207 214 216 218 237 240 243
101:0 29 33 36 49 63 85 86 87 92 97 99 100 102 103 104 113 115 117 120 129 130 148 153 156 164 173 174 182 192 203 205 207 214 216 218 237 240 243
102:0 36 38 70 72 73 76 77 78 79 92 93 94 95 99 100 102 104 115 117 120 121 138 140 148 149 153 156 164 168 171 173 174 182 188 202 203 205 207 213 214 216 218 230 235 236 237 241 244 246
103:0 23 29 36 38 63 70 72 73 76 77 78 79 92 93 94 95 99 100 102 104 115 117 120 121 138 140 148 149 153 156 164 168 171 173 174 182 188 202 203 205 207 213 214 216 218 230 235 236 237 241 244 246
104:0 5 7 9 14 25 29 31 34 36 37 38 39 43 45 53 55 58 59 61 66 68 69 70 89 90 91 92 99 102 103 104 116 117 125 126 130 155 156 157 164 168 173 174 182 187 189 195 196 197 198 201 203 206 207 213 214 216 218 223 231 237 241 246 249
105:0 5 7 9 14 25 29 31 34 36 37 38 39 43 45 53 55 58 59 61 63 66 68 69 70 89 90 91 92 99 102 103 104 116 117 125 126 130 155 156 157 164 168 173 174 182 187 189 195 196 197 198 201 203 206 207 213 214 216 218 223 231 237 241 246 249
106:0 5 24 25 26 27 29 33 34 36 38 66 68 69 70 92 96 99 102 104 116 117 118 129 130 136 146 156 164 168 170 173 174 179 182 183 189 193 197 203 207 213 214 216 218 223 229 237 241 249
107:0 4 5 7 8 9 25 29 33 34 36 38 66 68 69 70 92 97 99 102 104 117 118 129 130 136 146 156 164 168 170 173 174 182 183 189 197 203 207 213 214 216 218 223 228 229 237 241 249
108:0 3 5 7 8 9 14 15 21 23 25 29 34 35 36 38 48 50 53 55 57 58 59 61 63 66 68 69 70 85 87 89 90 92 99 102 103 104 111 117 122 126 130 138 156 164 168 171 173 174 182 187 189 196 201 203 205 207 213 214 216 218 222 223 231 237 240 241 244 247 249
109:0 33 53 60 85 87 92 99 102 103 104 108 114 117 120 123 124 126 139 149 153 156 164 168 173 174 182 188 192 194 203 205 207 213 214 216 218 220 237 241
110:0 33 53 60 63 85 87 92 99 102 103 104 108 114 117 120 123 124 126 139 149 153 156 164 168 173 174 182 188 192 194 203 205 207 213 214 216 218 220 237 241
111:0 23 29 30 31 32 34 36 37 38 39 43 46 53 58 59 68 70 85 87 89 90 91 92 99 102 104 117 126 130 156 157 164 173 174 179 182 184 189 192 196 201 203 205 207 213 214 216 218 222 228 231 237 241 242 249
112:0 5 6 7 9 23 25 29 30 31 32 34 36 37 38 39 43 46 53 55 57 58 59 61 63 66 68 69 70 85 87 89 90 91 92 99 102 104 117 126 130 156 157 164 173 174 179 182 184 189 192 196 201 203 205 207 210 213 214 216 218 222 223 228 231 237 241 242 249
113:0 1 3 5 25 29 34 36 38 39 45 47 53 55 58 59 61 63 66 68 69 70 76 85 86 87 92 94 99 100 102 104 107 111 113 115 117 118 121 126 130 135 138 148 149 156 161 164 173 174 182 189 192 196 201 203 205 207 213 214 215 216 217 218 223 230 231 237 240 241 244 247 249
114:0 14 15 20 21 22 29 34 36 38 63 71 72 74 76 77 78 79 92 93 99 102 104 115 117 130 132 133 148 156 164 168 173 174 175 182 188 202 203 207 213 214 216 218 230 235 237 241 244
115:0 4 5 7 8 9 23 25 29 34 36 38 39 43 44 46 50 53 55 57 58 59 61 63 66 68 69 70 85 87 89 90 92 99 102 104 116 117 126 130 146 156 157 164 173 174 179 182 185 189 192 193 196 201 203 207 210 213 214 216 218 219 223 231 237 240 241 247 249
116:0 29 36 38 43 50 55 56 57 58 59 61 62 82 92 97 99 102 104 108 114 117 127 129 130 145 150 156 164 173 174 175 182 190 196 203 207 213 214 216 218 225 237 239 240 250
117:0 29 36 38 43 50 55 56 57 58 59 61 62 63 82 92 97 99 102 104 108 114 117 127 129 130 145 150 156 164 173 174 175 182 190 196 203 207 213 214 216 218 225 237 239 240 250
118:0 14 30 31 32 36 38 39 48 55 56 57 58 59 60 61 64 92 97 99 102 104 114 117 127 129 130 156 164 173 174 175 182 196 203 207 213 214 216 218 237 240
119:0 14 30 31 32 36 38 39 48 55 56 57 58 59 60 61 63 64 92 97 99 102 104 114 117 127 129 130 156 164 173 174 175 182 196 203 207 213 214 216 218 237 240
120:0 33 36 38 48 55 56 57 58 59 61 62 85 86 87 92 94 99 100 102 104 105 106 107 112 113 115 117 127 129 130 148 149 156 161 164 173 174 182 192 196 203 207 213 214 216 218 229 237 239 240 244 250
121:0 33 36 38 48 55 56 57 58 59 61 62 63 85 86 87 92 94 99 100 102 104 105 106 107 109 112 113 115 117 127 129 130 138 148 149 156 161 164 171 173 174 182 192 196 203 207 213 214 216 218 229 237 239 240 244 250
122:0 3 5 7 8 9 25 29 34 36 38 60 63 66 68 69 76 85 86 87 92 93 94 95 96 99 100 102 104 112 113 115 117 118 130 138 148 149 156 164 168 170 171 173 174 182 189 192 203 207 213 214 216 218 219 223 226 227 237 241 244 247 248
123:0 13 14 15 17 29 36 38 43 49 63 68 92 97 98 99 102 104 113 116 117 129 130 156 163 164 168 173 174 179 182 197 203 206 207 210 211 213 214 216 218 219 226 228 237 241 249
124:0 1 3 5 8 25 29 34 36 37 38 47 55 58 59 61 63 66 68 69 80 92 93 94 96 99 100 102 104 115 117 118 122 130 138 142 146 149 156 164 168 171 173 174 181 182 186 189 195 196 203 207 212 213 214 216 218 223 230 237 240 244 247
125:0 2 5 7 8 9 25 27 29 34 36 38 43 63 66 68 69 70 84 85 86 87 92 94 96 98 99 100 102 103 104 112 113 115 117 118 129 130 146 148 149 156 164 168 173 174 182 189 192 197 203 207 213 214 216 218 223 228 231 237 238 240 249
126:0 2 5 7 9 25 29 34 36 38 43 52 53 63 66 68 69 70 92 94 99 100 102 103 104 108 109 112 117 118 123 126 130 146 149 156 164 168 173 174 182 185 189 197 203 207 213 214 216 218 223 231 237 238 241 249
127:0 11 12 14 15 20 29 31 34 36 38 63 66 69 70 88 92 99 102 104 106 116 117 156 163 164 168 173 174 175 182 186 203 207 210 213 214 216 218 237 241 249
128:0 23 29 30 32 33 34 36 37 38 39 43 53 57 58 59 63 70 85 87 89 90 92 98 99 102 104 117 126 130 156 164 173 174 182 184 192 196 203 207 213 214 216 218 228 231 237 241 249
129:0 33 145 150 175 179
130:0 29 33 34 36 37 38 43 44 46 53 55 56 57 58 59 61 63 70 82 85 87 92 99 102 104 115 117 126 127 130 145 150 156 164 173 174 175 179 182 192 196 201 203 207 213 214 216 218 225 237 239 240 249 250
131:0 29 32 34 36 38 44 45 47 54 55 56 57 58 59 61 62 63 70 76 82 85 87 92 94 99 102 104 109 115 117 130 138 149 156 164 171 173 174 182 192 193 195 196 203 207 213 214 216 218 219 225 231 237 240 248 249 250
132:0 144
133:0 28 29 33 34 36 38 39 44 45 74 92 98 99 102 104 115 116 117 129 130 156 164 173 174 175 182 189 197 203 204 207 213 214 216 218 226 231 237 240 241 247
134:0 28 29 33 34 36 38 39 44 45 46 54 55 56 57 58 59 61 62 63 74 92 98 99 102 104 114 115 116 117 127 129 130 151 156 164 173 174 175 182 189 196 197 203 204 207 213 214 216 218 226 231 237 240 241 247 250
135:0 24 28 29 33 34 36 38 39 42 44 45 46 63 74 84 85 86 87 92 97 98 99 102 104 115 116 117 129 130 148 156 164 173 174 175 182 189 192 197 203 204 207 213 214 216 218 226 231 237 240 241 247
136:0 28 29 33 34 36 38 39 43 44 45 46 52 53 63 74 83 92 98 99 102 104 115 116 117 123 126 129 130 156 164 173 174 175 182 189 192 197 203 204 207 213 214 216 218 226 231 237 240 241 247
137:0 33 36 38 58 59 60 63 85 86 87 92 94 97 99 100 102 104 105 112 115 117 129 130 138 148 149 156 159 160 161 164 168 171 173 174 176 182 192 196 199 203 207 214 216 218 231 237 240 241 244
138:0 21 29 30 34 36 38 43 44 48 55 56 57 58 59 61 62 88 92 99 102 104 110 114 115 117 131 132 156 164 168 173 174 182 196 201 203 205 207 213 214 216 218 237 240 246 249 250
139:0 21 29 30 32 34 36 38 43 44 48 55 56 57 58 59 61 62 63 66 69 88 92 99 102 104 110 114 115 117 130 131 132 156 164 168 173 174 182 196 201 203 205 207 213 214 216 218 237 240 246 249 250
140:0 10 28 34 36 38 43 55 56 57 58 59 61 62 71 72 88 91 92 99 102 104 106 115 117 156 163 164 168 173 174 175 182 196 201 202 203 205 207 213 214 216 218 229 237 240 246 249
141:0 10 13 14 15 25 28 29 34 36 38 43 55 56 57 58 59 61 62 63 66 69 71 72 88 91 92 99 102 104 106 115 117 130 156 163 164 168 173 174 175 182 196 201 202 203 205 207 210 213 214 216 218 229 237 240 246 249 250
142:0 13 17 18 19 29 36 38 44 46 48 53 63 82 88 89 92 97 99 102 104 115 117 126 129 143 156 164 173 174 182 184 193 197 201 203 207 211 213 214 216 218 225 228 231 237 240 246 249
143:0 5 6 7 8 9 25 29 33 34 36 38 53 55 57 58 59 61 63 66 68 69 70 76 85 87 89 90 92 94 99 102 104 106 111 115 117 118 120 122 126 130 133 142 149 150 156 157 164 173 174 182 186 187 189 192 196 201 203 204 205 207 213 214 216 218 223 237 240 241 244 247 249
144:0 13 16 18 19 36 38 46 54 55 58 59 61 63 64 92 97 99 102 104 115 117 129 143 156 164 170 173 174 181 182 189 196 197 201 203 207 211 214 216 218 237 240 241 249
145:0 13 18 19 36 38 46 63 64 65 84 85 86 87 92 97 99 102 104 113 115 117 129 143 148 156 164 173 174 182 189 192 197 201 203 207 211 214 216 218 237 240 241 249
146:0 13 17 18 19 36 38 43 46 52 53 63 64 83 92 97 99 102 104 115 117 126 129 143 156 164 173 174 182 189 197 201 203 207 211 214 216 218 219 237 240 241 249
147:0 21 29 34 35 36 38 43 48 53 54 55 56 57 58 59 61 63 82 85 86 87 92 97 99 102 104 113 114 115 117 126 127 129 130 156 164 173 174 182 192 196 197 200 203 207 213 214 216 218 219 225 231 237 239 240 245
148:0 21 29 32 34 35 36 38 43 48 53 54 55 56 57 58 59 61 63 82 85 86 87 92 97 99 102 104 113 114 115 117 126 127 129 130 156 164 173 174 182 192 196 197 200 203 207 213 214 216 218 219 225 231 237 239 240 245
149:0 7 8 9 13 17 19 21 29 32 34 35 36 38 43 48 53 54 55 56 57 58 59 61 63 70 82 85 86 87 92 97 99 102 104 113 114 115 117 126 127 129 130 156 164 173 174 182 189 192 196 197 200 201 203 207 210 211 213 214 216 218 219 223 225 231 237 239 240 245 249 250
150:0 5 6 7 8 9 25 29 34 36 38 50 53 54 55 58 59 61 63 66 68 69 70 76 85 86 87 92 93 94 99 100 102 104 105 112 115 117 118 120 126 129 130 133 138 148 149 156 161 164 171 173 174 182 189 192 196 197 203 207 214 216 218 219 223 231 237 240 241 244 247 248 249
151:0 1 5 6 7 8 9 13 14 15 18 19 25 29 32 34 36 38 46 53 55 57 58 59 61 63 66 68 69 70 72 76 82 85 86 87 89 90 91 92 94 99 100 102 104 111 115 117 118 120 121 126 127 129 130 135 138 143 144 148 149 153 156 157 161 164 168 171 173 174 182 188 189 192 196 197 201 202 203 205 207 210 211 213 214 216 218 223 225 230 231 237 240 241 244 246 247 249 250
152:0 14 15 22 29 33 34 45 68 73 75 76 77 80 92 104 113 115 148 156 173 174 175 182 189 197 202 203 207 213 214 216 218 219 230 231 235 237 241 246
153:0 14 15 22 29 33 34 45 68 70 73 75 76 77 80 92 104 113 115 148 156 173 174 175 182 189 197 202 203 207 210 213 214 216 218 219 230 231 235 237 241 246 249
154:0 14 15 22 29 33 34 45 63 68 70 73 75 76 77 80 89 92 104 113 115 148 156 173 174 175 182 189 197 202 203 207 210 213 214 216 218 219 230 231 235 237 241 246 249
155:0 15 29 33 37 38 43 52 53 66 91 92 98 104 108 111 126 129 154 156 172 173 174 179 182 189 193 197 203 205 207 213 214 216 218 231 237 241
156:0 15 29 33 37 38 43 46 52 53 66 70 91 92 98 104 108 111 126 129 154 156 172 173 174 179 182 189 193 197 203 205 207 210 213 214 216 218 231 237 241 249
157:0 7 9 15 29 33 37 38 43 46 52 53 63 66 70 89 91 92 98 104 108 111 126 129 154 156 172 173 174 179 182 189 193 197 203 205 207 210 213 214 216 218 223 231 237 241 249
158:0 8 10 13 15 29 37 43 44 55 56 57 58 59 66 91 92 99 103 104 156 157 163 173 174 182 184 189 196 197 203 207 213 214 216 218 223 231 237 240 242 246 250
159:0 8 10 13 15 29 37 43 44 46 55 56 57 58 59 66 70 91 92 99 103 104 156 157 163 173 174 182 184 189 196 197 203 207 210 213 214 216 218 223 231 237 240 242 246 249 250
160:0 8 10 13 15 29 37 43 44 46 55 56 57 58 59 63 66 70 89 91 92 99 103 104 156 157 163 173 174 182 184 189 196 197 203 207 210 213 214 216 218 223 231 237 240 242 246 249 250
161:0 7 8 9 15 21 29 33 38 57 91 92 98 104 111 116 129 133 146 154 156 163 168 173 174 179 182 189 197 203 205 207 210 213 214 216 218 223 228 231 237 241 247
162:0 7 8 9 10 15 21 29 33 38 57 63 70 91 92 98 104 111 116 129 133 146 154 156 163 168 173 174 179 182 189 197 203 205 207 210 213 214 216 218 223 228 231 237 241 247
163:0 17 18 19 33 36 45 48 64 92 93 95 101 104 115 119 129 138 143 148 156 168 171 173 174 182 185 189 193 197 203 207 211 213 214 216 218 237 241
164:0 17 18 19 33 36 45 48 63 64 92 93 95 101 104 115 119 129 138 143 148 156 168 171 173 174 182 185 189 193 197 203 207 211 213 214 216 218 237 241
165:0 4 8 9 29 33 38 48 60 76 91 92 97 104 112 113 115 117 129 148 156 168 173 174 182 202 203 205 207 213 214 216 218 219 223 226 230 237 241
166:0 4 8 9 29 33 38 48 60 63 76 91 92 97 104 112 113 115 117 129 148 156 168 173 174 182 202 203 205 207 213 214 216 218 219 223 226 230 237 241
167:0 40 49 50 60 74 76 81 91 92 94 97 101 103 104 132 141 148 154 156 168 169 173 174 182 184 188 202 203 207 213 214 216 218 226 228 237 241
168:0 40 49 50 60 63 74 76 81 91 92 94 97 101 103 104 132 141 148 154 156 168 169 173 174 182 184 188 202 203 207 213 214 216 218 226 228 237 241
169:0 13 16 17 18 19 36 38 44 48 63 72 92 98 99 102 103 104 109 114 117 129 141 156 164 168 173 174 175 182 185 197 202 203 207 211 212 213 214 216 218 228 237 241
170:0 36 48 55 56 57 58 85 86 87 92 103 104 109 113 127 145 148 156 173 174 175 182 192 203 207 209 213 214 216 218 237 240 250
171:0 36 48 55 56 57 58 63 85 86 87 92 103 104 109 113 127 145 148 156 173 174 175 182 192 203 207 209 213 214 216 218 237 240 250
172:0 3 29 39 47 80 84 85 86 87 92 104 111 117 129 146 148 156 173 174 179 182 184 186 189 192 197 203 204 205 207 213 214 216 217 218 227 231 237 240
173:0 1 29 47 53 76 80 92 94 102 104 111 118 126 129 133 138 146 148 150 156 171 173 174 182 184 186 187 189 192 196 197 203 204 205 207 213 214 216 217 218 227 231 237 240 241 244 247
174:0 1 29 47 53 76 80 92 94 102 104 111 126 138 146 148 156 171 173 174 182 184 185 186 189 192 195 196 197 203 204 205 207 213 214 216 217 218 237 240 241 244 247
175:0 29 38 45 53 64 76 92 94 104 111 118 119 126 129 138 148 156 173 174 182 186 189 192 193 197 203 204 205 207 213 214 216 217 218 219 227 237 240 241 244 247 248 249
176:0 19 29 38 45 53 63 64 76 92 94 104 111 118 119 126 129 138 148 156 173 174 182 186 189 192 193 197 203 204 205 207 211 213 214 216 217 218 219 227 237 240 241 244 247 248 249
177:0 43 64 65 76 92 94 98 100 101 104 109 114 129 138 148 156 168 171 173 174 182 185 197 202 203 207 211 213 214 216 218 219 237 241 244 248
178:0 19 43 63 64 65 76 92 94 98 100 101 104 109 114 129 138 148 156 168 171 173 174 182 185 197 202 203 207 211 213 214 216 218 219 237 241 244 248
179:0 29 33 34 36 45 84 85 86 87 92 103 104 111 113 115 129 148 156 173 174 178 182 192 203 207 213 214 216 218 219 231 237 240
180:0 7 9 29 33 34 36 45 70 84 85 86 87 92 103 104 111 113 115 129 148 156 173 174 178 182 192 203 207 213 214 216 218 219 223 231 237 240 249
181:0 7 9 29 33 34 36 45 63 70 84 85 86 87 92 103 104 111 113 115 129 148 156 173 174 178 182 192 203 207 213 214 216 218 219 223 231 237 240 249
182:0 14 15 36 38 51 63 71 72 73 75 76 77 78 79 80 92 99 102 104 115 117 148 156 164 173 174 175 182 188 202 203 204 207 213 214 216 218 230 235 236 237 241
183:0 8 29 33 38 39 48 55 56 57 58 59 61 92 104 111 113 127 129 133 146 156 173 174 182 184 187 189 193 195 196 203 205 207 213 214 216 217 218 223 231 237 240 248 250
184:0 8 29 33 38 39 48 55 56 57 58 59 61 63 70 92 104 111 113 127 129 133 146 156 173 174 182 184 187 189 193 195 196 203 205 207 213 214 216 217 218 223 231 237 240 248 249 250
185:0 7 8 9 21 29 67 70 88 89 91 92 102 104 111 120 156 157 164 168 173 174 175 182 185 189 201 203 205 207 213 214 216 218 223 237 241 244 249
186:0 3 5 8 25 29 34 36 38 54 55 56 57 58 59 61 63 66 68 69 70 74 89 90 92 94 95 99 102 104 111 114 117 118 127 130 133 142 145 149 150 156 164 168 170 173 174 182 186 187 189 195 196 197 203 207 213 214 216 218 223 237 240 249 250
187:0 6 29 33 38 39 45 72 73 76 77 78 79 92 93 97 104 111 115 133 148 150 156 173 174 178 182 202 203 207 213 214 216 218 227 230 235 237 241
188:0 6 29 33 38 39 45 72 73 76 77 78 79 92 93 97 104 111 115 133 148 150 156 173 174 178 182 202 203 207 213 214 216 218 227 230 235 237 241
189:0 6 29 33 38 39 45 63 72 73 76 77 78 79 92 93 97 104 111 115 133 148 150 156 173 174 178 182 202 203 207 213 214 216 218 227 230 235 237 241
190:0 3 7 8 9 10 15 21 28 29 39 68 70 85 87 92 97 102 103 104 111 129 138 154 156 168 171 173 174 180 182 189 192 197 203 207 210 213 214 216 218 223 226 228 231 237 241 247 249 251
191:0 15 71 72 74 76 92 104 148 150 156 173 174 182 188 202 203 207 213 214 216 218 230 235 237 241
192:0 1 15 63 71 72 74 75 76 80 92 104 148 150 156 173 174 182 188 202 203 207 213 214 216 218 230 235 237 241
193:0 17 18 29 33 48 49 76 92 98 103 104 129 141 148 156 168 173 174 179 182 186 193 197 202 203 207 211 213 214 216 218 237 241
194:0 8 21 29 34 39 54 55 57 58 89 91 92 104 111 114 133 148 156 173 174 182 184 187 188 189 201 203 205 207 213 214 216 218 219 223 231 237 240 246 249 250
195:0 8 21 29 34 39 54 55 57 58 63 70 89 91 92 104 111 114 133 148 156 173 174 182 184 187 188 189 201 203 205 207 213 214 216 218 219 223 231 237 240 246 249 250
196:0 15 28 29 33 34 36 38 39 44 45 60 63 74 92 93 94 98 99 102 104 115 116 117 129 130 138 148 156 164 171 173 174 175 182 189 192 197 203 204 207 213 214 216 218 226 231 234 237 240 241 244 247
197:0 15 28 29 33 34 36 38 39 44 45 63 74 92 94 98 99 102 103 104 109 115 116 117 129 130 138 148 156 164 171 173 174 175 182 185 189 192 197 203 204 207 212 213 214 216 218 226 228 231 236 237 240 241 244 247
198:0 17 18 19 64 65 92 98 101 104 114 119 129 138 143 156 168 171 173 174 182 185 189 196 197 203 207 211 212 213 214 216 218 228 237 241 244 247 251
199:0 6 8 23 29 33 34 36 38 45 50 53 55 57 58 59 61 63 70 86 89 90 91 92 93 94 99 100 102 104 115 117 126 129 130 133 138 148 149 156 161 164 171 173 174 182 187 189 192 196 203 207 210 213 214 216 218 219 223 231 237 240 241 244 247 248 249 250
200:0 29 45 60 85 87 92 94 95 103 104 109 111 129 138 148 149 156 168 171 173 174 180 182 192 194 195 203 207 212 213 214 216 218 220 237 240 241 244 247
201:0 237
202:0 68 102 194 219 243
203:0 23 29 33 36 45 60 70 85 87 89 92 93 94 97 104 129 133 138 156 168 171 173 174 182 189 192 193 203 207 213 214 216 218 226 231 237 241 242 244 247 248 249 251
204:0 29 33 36 38 42 70 76 92 104 111 115 117 120 129 153 156 164 173 174 175 182 191 202 203 205 207 213 214 216 218 229 230 237 241 249
205:0 29 33 36 38 42 63 70 76 92 104 111 115 117 120 129 153 156 164 173 174 175 182 191 201 202 203 205 207 213 214 216 218 229 230 237 241 249
206:0 29 31 32 36 44 53 70 76 85 87 91 92 99 103 104 111 117 137 138 156 157 168 171 173 174 180 182 189 192 203 205 207 213 214 216 218 228 231 237 240 241 244 246 249
207:0 12 13 15 17 28 29 40 68 70 89 92 98 103 104 106 129 156 163 168 173 174 182 185 188 197 201 203 207 210 213 214 216 218 231 232 237 241 249
208:0 15 20 21 29 33 34 36 38 46 63 70 88 89 90 91 92 99 102 103 104 106 111 117 120 130 153 156 157 159 164 173 174 175 182 189 201 203 205 207 213 214 216 218 225 231 237 241 242 249
209:0 7 8 9 29 33 36 39 43 44 46 70 85 87 92 99 104 111 115 118 122 142 156 168 173 174 182 184 185 188 189 192 197 203 204 207 213 214 215 216 217 218 223 237 240 241 242 247 249
210:0 7 8 9 29 33 36 39 43 44 46 63 70 85 87 92 99 104 111 115 118 122 142 156 168 173 174 182 184 185 188 189 192 197 203 204 207 213 214 215 216 217 218 223 237 240 241 242 247 249
211:0 29 33 36 38 40 42 48 55 56 57 58 59 61 92 104 106 107 111 114 127 129 156 173 174 175 182 188 191 196 203 205 207 213 214 216 218 237 240 250
212:0 13 14 15 17 29 36 38 43 49 63 68 70 92 97 98 99 102 104 113 116 117 129 130 156 163 164 168 173 174 179 182 197 201 203 206 207 210 211 213 214 216 218 219 226 228 232 237 241 249
213:0 29 35 70 89 91 92 104 110 111 117 132 148 156 173 174 182 188 189 201 203 205 207 213 214 216 218 219 227 230 237 241 249
214:0 15 29 30 31 33 36 43 68 69 70 88 89 92 104 106 117 156 168 173 174 175 179 182 197 203 207 210 213 214 216 218 224 237 241 249
215:0 8 10 15 29 43 44 57 58 59 68 70 91 92 97 98 103 104 111 115 129 138 154 156 163 168 171 173 174 180 182 185 189 193 196 197 203 207 210 213 214 216 218 223 231 232 236 237 240 244 247 249 251
216:0 7 8 9 10 15 29 36 37 43 46 68 69 70 89 91 92 104 111 116 122 129 154 156 163 168 173 174 182 185 189 192 203 205 207 210 213 214 216 218 223 230 232 237 241 242 249
217:0 7 8 9 10 15 29 36 37 43 46 63 68 69 70 89 91 92 104 111 116 122 129 154 156 163 168 173 174 182 185 189 192 203 205 207 210 213 214 216 218 223 230 232 237 241 242 249
218:0 34 52 53 88 92 104 106 111 123 126 133 151 156 157 173 174 182 189 203 205 207 213 214 216 218 237 241 249
219:0 34 52 53 63 70 88 89 92 104 106 111 123 126 133 151 156 157 173 174 182 189 203 205 207 213 214 216 218 237 241 249
220:0 18 29 33 34 36 44 46 54 58 59 70 89 92 104 111 133 156 157 173 174 181 182 189 196 197 203 207 213 214 216 218 237 240 246 249
221:0 18 29 30 31 33 34 36 44 46 54 58 59 63 70 89 92 104 111 133 156 157 173 174 181 182 189 196 197 203 207 213 214 216 218 237 240 246 249
222:0 29 33 54 57 58 61 70 89 92 94 103 104 105 106 111 131 133 145 156 157 173 174 182 189 201 203 205 207 213 214 216 218 219 237 240 241 243 246 249 250
223:0 48 53 54 55 57 58 60 61 62 63 92 103 104 111 114 116 129 133 156 168 173 174 182 189 190 199 203 207 213 214 216 218 237 240 250
224:0 48 53 54 55 57 58 60 61 62 63 92 103 104 111 114 116 129 132 133 156 168 173 174 182 189 190 199 203 207 213 214 216 218 237 240 250
225:0 6 19 29 58 59 62 92 98 104 129 150 156 168 173 174 182 189 191 196 197 203 207 213 214 216 217 218 229 237 240 248
226:0 16 17 21 29 33 36 48 56 57 58 59 61 92 97 104 109 114 127 129 145 156 173 174 182 189 196 203 207 213 214 216 218 237 239 240 250
227:0 15 18 19 28 31 43 64 65 92 97 104 129 143 156 168 173 174 182 189 197 201 203 207 210 211 213 214 216 218 228 237 241
228:0 29 43 44 46 52 53 68 76 83 92 99 104 123 126 129 138 156 168 171 173 174 179 180 182 185 188 189 197 203 207 213 214 216 218 228 231 237 241 242 247 249 251
229:0 29 43 44 46 52 53 63 68 70 76 83 92 99 104 123 126 129 138 156 168 171 173 174 179 180 182 185 188 189 197 203 207 213 214 216 218 228 231 237 241 242 247 249 251
230:0 29 36 38 43 50 55 56 57 58 59 61 62 63 82 92 97 99 102 104 108 114 117 127 129 130 145 150 156 164 173 174 175 182 190 196 203 207 213 214 216 218 225 237 239 240 250
231:0 29 33 34 36 38 45 46 55 70 71 89 92 104 111 116 156 173 174 175 182 189 201 203 205 207 213 214 216 218 227 237 241 246 249
232:0 29 30 31 33 34 36 38 45 46 55 63 70 71 89 92 104 111 116 156 173 174 175 182 189 201 203 205 207 213 214 216 218 227 229 237 241 246 249
233:0 33 36 38 58 59 60 63 85 86 87 92 94 97 99 100 102 104 105 111 112 115 117 129 130 138 148 149 156 159 160 161 164 168 171 173 174 176 182 192 196 199 203 207 214 216 218 231 237 240 241 244
234:0 23 28 29 33 36 43 44 46 50 89 92 94 95 104 109 113 115 129 138 148 156 168 171 173 174 180 182 189 197 203 207 213 214 216 218 219 237 240 241 244
235:0 1 2 3 4 5 6 7 8 9 10 11 12 13 14 15 16 17 18 19 20 21 22 23 24 25 26 27 28 29 30 31 32 33 34 35 36 37 38 39 40 41 42 43 44 45 46 47 48 49 50 51 52 53 54 55 56 57 58 59 60 61 62 63 64 65 66 67 68 69 70 71 72 73 74 75 76 77 78 79 80 81 82 83 84 85 86 87 88 89 90 91 92 93 94 95 96 97 98 99 100 101 102 103 104 105 106 107 108 109 110 111 112 113 114 115 116 117 119 121 122 123 124 125 126 127 128 129 130 131 132 133 134 135 136 137 138 139 140 141 142 143 145 146 147 148 149 150 151 152 154 155 156 157 158 159 160 161 162 163 164 166 167 168 169 170 171 172 173 174 175 176 177 178 179 180 181 182 183 184 185 186 187 188 189 190 191 192 193 194 195 196 197 198 199 200 201 202 203 204 205 206 207 208 209 210 211 212 213 214 215 216 217 218 219 220 221 222 223 224 225 226 227 228 229 230 231 232 233 234 235 236 237 238 239 240 241 242 243 244 245 246 247 248 249 250 251
236:0 29 33 70 92 99 104 129 136 146 156 168 170 173 174 182 183 189 197 203 207 213 214 216 218 229 237 241 249
237:0 27 29 33 68 70 91 92 97 98 99 104 116 129 136 146 156 167 168 170 173 174 182 183 189 197 203 207 213 214 216 218 228 229 237 241 249
238:0 1 8 47 58 59 80 92 93 94 96 104 118 122 138 142 146 156 168 171 173 174 181 182 186 189 195 196 203 207 212 213 214 216 218 223 230 237 240 244 247
239:0 2 7 8 9 27 29 43 85 87 92 94 96 98 103 104 112 113 129 146 148 156 168 173 174 182 189 192 197 203 207 213 214 216 218 223 228 237 238 240
240:0 2 5 7 9 29 43 52 53 92 94 103 104 108 109 112 123 126 146 156 168 173 174 182 185 189 197 203 207 213 214 216 218 223 231 237 238 241
241:0 7 8 9 23 29 33 34 45 57 58 59 63 69 70 85 87 89 92 104 111 117 156 173 174 179 182 189 192 196 201 203 205 207 208 213 214 215 216 217 218 223 230 231 237 240 241 244 247 249
242:0 1 3 5 25 29 34 36 38 39 45 47 53 55 58 59 61 63 66 68 69 70 76 85 86 87 92 94 99 100 102 104 107 111 113 115 117 118 121 126 130 135 138 148 149 156 161 164 173 174 182 189 192 196 201 203 205 207 213 214 215 216 217 218 223 230 231 237 240 241 244 247 249
243:0 15 29 43 44 46 63 70 84 85 87 91 92 98 104 115 129 148 156 173 174 182 189 192 197 201 203 207 209 214 216 218 231 237 240 241 242 244 249
244:0 15 23 29 43 44 46 52 53 63 70 76 83 91 92 104 126 129 148 156 173 174 182 189 197 201 203 207 214 216 218 231 237 240 241 244 249
245:0 15 16 29 43 44 46 54 55 56 57 58 59 61 62 63 91 92 104 127 129 156 173 174 182 189 196 197 201 203 207 214 216 218 231 237 240 241 243 244 249 250
246:0 23 29 37 43 44 63 89 91 92 99 103 104 116 156 157 173 174 182 184 189 197 200 201 203 207 213 214 216 218 228 237 240 241 242 246
247:0 23 29 37 43 44 63 89 91 92 99 103 104 116 156 157 173 174 182 184 189 197 200 201 203 207 213 214 216 218 228 237 240 241 242 246
248:0 7 15 23 29 37 43 44 46 53 57 58 63 70 85 89 91 92 99 103 104 116 126 156 157 171 173 174 182 184 189 197 200 201 203 207 210 213 214 216 218 223 225 228 231 237 240 241 242 246 249
249:0 16 18 19 29 46 56 57 58 59 63 70 85 87 89 92 94 104 105 127 129 138 156 171 173 174 177 182 189 192 196 197 201 202 203 207 211 214 216 218 219 225 231 237 240 241 244 246 247 248 249 250
250:0 16 18 19 46 53 63 70 76 85 87 89 92 94 104 105 126 129 138 148 156 171 173 174 182 189 192 197 201 202 203 207 211 214 216 218 219 221 225 237 240 241 244 246 247 248 249
251:0 63 73 76 92 93 94 104 105 111 129 138 148 156 171 173 174 182 189 195 197 201 202 203 207 214 215 216 218 219 226 230 237 240 241 244 246 247 248
424:0 3 7 8 9 10 15 21 28 29 39 68 70 85 87 92 97 102 103 104 111 129 138 154 156 168 171 173 174 180 182 189 192 197 203 207 210 213 214 216 218 223 226 228 231 237 241 247 249 251
429:0 29 45 60 85 87 92 94 95 103 104 109 111 129 138 148 149 156 168 171 173 174 180 182 192 194 195 203 207 212 213 214 216 218 220 237 240 241 244 247
430:0 17 18 19 64 65 92 98 101 104 114 119 129 138 143 156 168 171 173 174 182 185 189 196 197 203 207 211 212 213 214 216 218 228 237 241 244 247 251
461:0 8 10 15 29 43 44 57 58 59 68 70 91 92 97 98 103 104 111 115 129 138 154 156 163 168 171 173 174 180 182 185 189 193 196 197 203 207 210 213 214 216 218 223 231 232 236 237 240 244 247 249 251
462:0 33 36 38 48 49 63 84 85 86 87 92 97 99 100 102 103 104 115 117 129 148 156 161 164 173 174 182 192 199 203 205 207 214 216 218 237 240
463:0 3 5 7 8 9 14 15 21 23 25 29 34 35 36 38 48 50 53 55 57 58 59 61 63 66 68 69 70 85 87 89 90 92 99 102 103 104 111 117 122 126 130 138 156 164 168 171 173 174 182 187 189 196 201 203 205 207 213 214 216 218 222 223 231 237 240 241 244 247 249
464:0 5 6 7 9 23 25 29 30 31 32 34 36 37 38 39 43 46 53 55 57 58 59 61 63 66 68 69 70 85 87 89 90 91 92 99 102 104 117 126 130 156 157 164 173 174 179 182 184 189 192 196 201 203 205 207 210 213 214 216 218 222 223 228 231 237 241 242 249
465:0 14 15 20 21 22 29 34 36 38 63 71 72 74 76 77 78 79 92 93 99 102 104 115 117 130 132 133 148 156 164 168 173 174 175 182 188 202 203 207 213 214 216 218 230 235 237 241 244
466:0 2 5 7 8 9 25 27 29 34 36 38 43 63 66 68 69 70 84 85 86 87 92 94 96 98 99 100 102 103 104 112 113 115 117 118 129 130 146 148 149 156 164 168 173 174 182 189 192 197 203 207 213 214 216 218 223 228 231 237 238 240 249
467:0 2 5 7 9 25 29 34 36 38 43 52 53 63 66 68 69 70 92 94 99 100 102 103 104 108 109 112 117 118 123 126 130 146 149 156 164 168 173 174 182 185 189 197 203 207 213 214 216 218 223 231 237 238 241 249
468:0 19 29 38 45 53 63 64 76 92 94 104 111 118 119 126 129 138 148 156 173 174 182 186 189 192 193 197 203 204 205 207 211 213 214 216 217 218 219 227 237 240 241 244 247 248 249
469:0 17 18 29 33 48 49 76 92 98 103 104 129 141 148 156 168 173 174 179 182 186 193 197 202 203 207 211 213 214 216 218 237 241
470:0 28 29 33 34 36 38 39 44 45 74 92 98 99 102 104 115 116 117 129 130 156 164 173 174 175 182 189 197 203 204 207 213 214 216 218 226 231 237 240 241 247
471:0 28 29 33 34 36 38 39 44 45 74 92 98 99 102 104 115 116 117 129 130 156 164 173 174 175 182 189 197 203 204 207 213 214 216 218 226 231 237 240 241 247
472:0 12 13 15 17 28 29 40 68 70 89 92 98 103 104 106 129 156 163 168 173 174 182 185 188 197 201 203 207 210 213 214 216 218 231 232 237 241 249
473:0 18 29 30 31 33 34 36 44 46 54 58 59 63 70 89 92 104 111 133 156 157 173 174 181 182 189 196 197 203 207 213 214 216 218 237 240 246 249
474:0 33 36 38 58 59 60 63 85 86 87 92 94 97 99 100 102 104 105 111 112 115 117 129 130 138 148 149 156 159 160 161 164 168 171 173 174 176 182 192 196 199 203 207 214 216 218 231 237 240 241 244
700:0 28 29 33 34 36 38 39 44 45 74 92 98 99 102 104 115 116 117 129 130 156 164 173 174 175 182 189 197 203 204 207 213 214 216 218 226 231 237 240 241 247
