0:0 50 50 50 50 50 50
1:0 45 49 49 65 65 45
2:0 60 62 63 80 80 60
3:0 80 82 83 100 100 80
4:0 39 52 43 60 50 65
5:0 58 64 58 80 65 80
6:0 78 84 78 109 85 100
7:0 44 48 65 50 64 43
8:0 59 63 80 65 80 58
9:0 79 83 100 85 105 78
10:0 45 30 35 20 20 45
11:0 50 20 55 25 25 30
12:0 60 45 50 80 80 70
13:0 40 35 30 20 20 50
14:0 45 25 50 25 25 35
15:0 65 80 40 45 80 75
16:0 40 45 40 35 35 56
17:0 63 60 55 50 50 71
18:0 83 80 75 70 70 91
19:0 30 56 35 25 35 72
20:0 55 81 60 50 70 97
21:0 40 60 30 31 31 70
22:0 65 90 65 61 61 100
23:0 35 60 44 40 54 55
24:0 60 85 69 65 79 80
25:0 35 55 30 50 40 90
26:0 60 90 55 90 80 100
27:0 50 75 85 20 30 40
28:0 75 100 110 45 55 65
29:0 55 47 52 40 40 41
30:0 70 62 67 55 55 56
31:0 90 82 87 75 85 76
32:0 46 57 40 40 40 50
33:0 61 72 57 55 55 65
34:0 81 92 77 85 75 85
35:0 70 45 48 60 65 35
36:0 95 70 73 85 90 60
37:0 38 41 40 50 65 65
38:0 73 76 75 81 100 100
39:0 115 45 20 45 25 20
40:0 140 70 45 75 50 45
41:0 40 45 35 30 40 55
42:0 75 80 70 65 75 90
43:0 45 50 55 75 65 30
44:0 60 65 70 85 75 40
45:0 75 80 85 100 90 50
46:0 35 70 55 45 55 25
47:0 60 95 80 60 80 30
48:0 60 55 50 40 55 45
49:0 70 65 60 90 75 90
50:0 10 55 25 35 45 95
51:0 35 80 50 50 70 120
52:0 40 45 35 40 40 90
53:0 65 70 60 65 65 115
54:0 50 52 48 65 50 55
55:0 80 82 78 95 80 85
56:0 40 80 35 35 45 70
57:0 65 105 60 60 70 95
58:0 55 70 45 70 50 60
59:0 90 110 80 100 80 95
60:0 40 50 40 40 40 90
61:0 65 65 65 50 50 90
62:0 90 85 95 70 90 70
63:0 25 20 15 105 55 90
64:0 40 35 30 120 70 105
65:0 55 50 45 135 85 120
66:0 70 80 50 35 35 35
67:0 80 100 70 50 60 45
68:0 90 130 80 65 85 55
69:0 50 75 35 70 30 40
70:0 65 90 50 85 45 55
71:0 80 105 65 100 60 70
72:0 40 40 35 50 100 70
73:0 80 70 65 80 120 100
74:0 40 80 100 30 30 20
75:0 55 95 115 45 45 35
76:0 80 110 130 55 65 45
77:0 50 85 55 65 65 90
78:0 65 100 70 80 80 105
79:0 90 65 65 40 40 15
80:0 95 75 110 100 80 30
81:0 25 35 70 95 55 45
82:0 50 60 95 120 70 70
83:0 52 65 55 58 62 60
84:0 35 85 45 35 35 75
85:0 60 110 70 60 60 100
86:0 65 45 55 45 70 45
87:0 90 70 80 70 95 70
88:0 80 80 50 40 50 25
89:0 105 105 75 65 100 50
90:0 30 65 100 45 25 40
91:0 50 95 180 85 45 70
92:0 30 35 30 100 35 80
93:0 45 50 45 115 55 95
94:0 60 65 60 130 75 110
95:0 35 45 160 30 45 70
96:0 60 48 45 43 90 42
97:0 85 73 70 73 115 67
98:0 30 105 90 25 25 50
99:0 55 130 115 50 50 75
100:0 40 30 50 55 55 100
101:0 60 50 70 80 80 140
102:0 60 40 80 60 45 40
103:0 95 95 85 125 65 55
104:0 50 50 95 40 50 35
105:0 60 80 110 50 80 45
106:0 50 120 53 35 110 87
107:0 50 105 79 35 110 76
108:0 90 55 75 60 75 30
109:0 40 65 95 60 45 35
110:0 65 90 120 85 70 60
111:0 80 85 95 30 30 25
112:0 105 130 120 45 45 40
113:0 250 5 5 35 105 50
114:0 65 55 115 100 40 60
115:0 105 95 80 40 80 90
116:0 30 40 70 70 25 60
117:0 55 65 95 95 45 85
118:0 45 67 60 35 50 63
119:0 80 92 65 65 80 68
120:0 30 45 55 70 55 85
121:0 60 75 85 100 85 115
122:0 40 45 65 100 120 90
123:0 70 110 80 55 80 105
124:0 65 50 35 115 95 95
125:0 65 83 57 95 85 105
126:0 65 95 57 100 85 93
127:0 65 125 100 55 70 85
128:0 75 100 95 40 70 110
129:0 20 10 55 15 20 80
130:0 95 125 79 60 100 81
131:0 130 85 80 85 95 60
132:0 48 48 48 48 48 48
133:0 55 55 50 45 65 55
134:0 130 65 60 110 95 65
135:0 65 65 60 110 95 130
136:0 65 130 60 95 110 65
137:0 65 60 70 85 75 40
138:0 35 40 100 90 55 35
139:0 70 60 125 115 70 55
140:0 30 80 90 55 45 55
141:0 60 115 105 65 70 80
142:0 80 105 65 60 75 130
143:0 160 110 65 65 110 30
144:0 90 85 100 95 125 85
145:0 90 90 85 125 90 100
146:0 90 100 90 125 85 90
147:0 41 64 45 50 50 50
148:0 61 84 65 70 70 70
149:0 91 134 95 100 100 80
150:0 106 110 90 154 90 130
151:0 100 100 100 100 100 100
152:0 45 49 65 49 65 45
153:0 60 62 80 63 80 60
154:0 80 82 100 83 100 80
155:0 39 52 43 60 50 65
156:0 58 64 58 80 65 80
157:0 78 84 78 109 85 100
158:0 50 65 64 44 48 43
159:0 65 80 80 59 63 58
160:0 85 105 100 79 83 78
161:0 35 46 34 35 45 20
162:0 85 76 64 45 55 90
163:0 60 30 30 36 56 50
164:0 100 50 50 76 96 70
165:0 40 20 30 40 80 55
166:0 55 35 50 55 110 85
167:0 40 60 40 40 40 30
168:0 70 90 70 60 60 40
169:0 85 90 80 70 80 130
170:0 75 38 38 56 56 67
171:0 125 58 58 76 76 67
172:0 20 40 15 35 35 60
173:0 50 25 28 45 55 15
174:0 90 30 15 40 20 15
175:0 35 20 65 40 65 20
176:0 55 40 85 80 105 40
177:0 40 50 45 70 45 70
178:0 65 75 70 95 70 95
179:0 55 40 40 65 45 35
180:0 70 55 55 80 60 45
181:0 90 75 75 115 90 55
182:0 75 80 85 90 100 50
183:0 70 20 50 20 50 40
184:0 100 50 80 50 80 50
185:0 70 100 115 30 65 30
186:0 90 75 75 90 100 70
187:0 35 35 40 35 55 50
188:0 55 45 50 45 65 80
189:0 75 55 70 55 85 110
190:0 55 70 55 40 55 85
191:0 30 30 30 30 30 30
192:0 75 75 55 105 85 30
193:0 65 65 45 75 45 95
194:0 55 45 45 25 25 15
195:0 95 85 85 65 65 35
196:0 65 65 60 130 95 110
197:0 95 65 110 60 130 65
198:0 60 85 42 85 42 91
199:0 95 75 80 100 110 30
200:0 60 60 60 85 85 85
201:0 48 72 48 72 48 48
202:0 190 33 58 33 58 33
203:0 70 80 65 90 65 85
204:0 50 65 90 35 35 15
205:0 75 90 140 60 60 40
206:0 100 70 70 65 65 45
207:0 65 75 105 35 65 85
208:0 75 85 200 55 65 30
209:0 60 80 50 40 40 30
210:0 90 120 75 60 60 45
211:0 65 95 75 55 55 85
212:0 70 130 100 55 80 65
213:0 20 10 230 10 230 5
214:0 80 125 75 40 95 85
215:0 55 95 55 35 75 115
216:0 60 80 50 50 50 40
217:0 90 130 75 75 75 55
218:0 40 40 40 70 40 20
219:0 50 50 120 80 80 30
220:0 50 50 40 30 30 50
221:0 100 100 80 60 60 50
222:0 55 55 85 65 85 35
223:0 35 65 35 65 35 65
224:0 75 105 75 105 75 45
225:0 45 55 45 65 45 75
226:0 65 40 70 80 140 70
227:0 65 80 140 40 70 70
228:0 45 60 30 80 50 65
229:0 75 90 50 110 80 95
230:0 75 95 95 95 95 85
231:0 90 60 60 40 40 40
232:0 90 120 120 60 60 50
233:0 85 80 90 105 95 60
234:0 73 95 62 85 65 85
235:0 55 20 35 20 45 75
236:0 35 35 35 35 35 35
237:0 50 95 95 35 110 70
238:0 45 30 15 85 65 65
239:0 45 63 37 65 55 95
240:0 45 75 37 70 55 83
241:0 95 80 105 40 70 100
242:0 255 10 10 75 135 55
243:0 90 85 75 115 100 115
244:0 115 115 85 90 75 100
245:0 100 75 115 90 115 85
246:0 50 64 50 45 50 41
247:0 70 84 70 65 70 51
248:0 100 134 110 95 100 61
249:0 106 90 130 90 154 110
250:0 106 130 90 110 154 90
251:0 100 100 100 100 100 100
