1:0 174 219|113 80|174 113|174 80|113 320|345 80|80 320|113 219|345 320|80 219|345 219|320 219|204 345|204 80|204 219
4:0 44 200|44 251|246 44|349 44|349 200
7:0 243 287|281 287|54 243|175 300|54 175|300 287|54 193|175 287|175 243|300 114|281 114|193 300|193 287|193 114|54 300|243 193|54 281|243 300|54 287|281 300|54 114
16:0 228 314|193 185|228 185|314 185
19:0 68 103 154 172 207 179 44 253
21:0 206 98|143 185|161 185|310 98|310 185|98 185|206 310|143 98|206 143|161 98|310 143
23:0 21 228 180 251 305
27:0 68 306 157 175 229 232 14 219
29:0 68 204 36 251 48 116 50
32:0 68 36 93 251 48 133 50
37:0 257 175 244 95 180 336 185 50
41:0 18 16|174 98|174 16|98 16|98 185|18 98|228 98|228 185|185 16|228 16|18 185|18 228
43:0 175 75|75 235|275 235|204 75|204 235|275 175|275 75|175 235
46:0 175 113|103 206|175 230|228 113|60 230|103 60|230 113|60 113|206 113|206 228
48:0 103 324|324 226|103 226
50:0 103 157 228 246 251 185 253
52:0 204 274 244 95 180 133
54:0 238 193 60 94 95 248 113 287
56:0 68 157 193 279 179 265 96 251
58:0 34 257 37 242 336 83 219
60:0 61 114|170 54|301 150|61 150|346 61|54 61|346 301|170 301|346 114|346 150|170 61|54 114|170 346|170 114|170 150|54 346
63:0 227 112|7 8|7 9|8 9|7 112|9 112
66:0 227 96|227 113|227 265|27 96|27 113|96 113
69:0 227 235|275 115|275 235|345 235|115 235|227 115|275 227|275 345
72:0 243 109|62 114|109 219|109 229|243 219|229 62
77:0 204 172 37 38 24 95
79:0 187 173|187 214|187 23|173 214|23 214|23 300|173 23|214 300
83:0 119 174 175 193 211 297 98 16
84:0 283 98|283 48|114 98|114 48|175 98|98 48|114 185|98 185|48 185
86:0 122 21 227 195 333 252 32 50
88:0 325 286|122 114|122 212|212 286|174 212|174 114|325 122|325 174|122 174|212 114|325 212|174 286|325 114
90:0 103 229|103 112|229 61|229 112|103 61|61 112
92:0 310 149|261 288|114 149|195 288|310 288|261 114|149 288|195 149|310 261|310 195
95:0 175 335
96:0 7 8|272 7|272 8|7 9|272 9|8 9|272 112|7 112|9 112
98:0 21 114
102:0 275 235|275 236|244 235|275 174|235 236|246 235|174 235
104:0 103 246|187 103
108:0 187 173|187 214|187 174|222 174|173 214|173 265|174 214|173 174|214 265
109:0 60 149|60 220|103 149|103 60|261 220|149 220|103 261|103 220
111:0 68 306 222 157 174 242 179 14
113:0 215 217
114:0 93 115|267 115|73 93|267 133|175 115|115 133|73 267|175 267|73 115|73 133
115:0 23 193|23 219|193 219|23 50|306 23|116 50|219 50|306 219
116:0 190 62|62 50|62 150|225 150|225 82|175 150|175 82|82 150|225 175
118:0 56 214|56 300|56 114|214 300|60 114
122:0 244 252|244 95|244 248|95 248
123:0 113 318|226 113|318 219|113 219|179 203|226 219|226 203|226 318
127:0 206 31|206 185|175 31
131:0 174 287|193 287|214 287|174 32|174 214|174 193
133:0 204 273 174 175 321 203
138:0 61 114|61 48|191 61|62 114|191 62|62 48|114 48|191 48|21 61|21 62|21 114|21 48|61 62
140:0 175 109|175 229|109 229|109 61|175 282|229 61|229 62|61 282|61 62
142:0 225 228|18 193|18 228|174 193
143:0 122 174
147:0 54 48|225 114|54 349|114 48|225 349|54 113|54 114|54 225|349 114
152:0 275 267|73 246|275 22|275 175|275 73|22 267|175 267|73 267|275 320|22 175|22 73|73 320|22 320
155:0 306 154 37 343 193 179 98 336
158:0 37 246|246 337|242 246|346 246|300 337|346 300|242 300|346 337|37 242|246 300|37 337|242 337|242 346
161:0 274 38 228 179 163 164 116 271
163:0 17 119|18 297|119 18|17 18|143 185|48 185|17 48|18 48|119 185|17 185|119 143|17 143|18 185|297 185|119 297|17 297
165:0 60 318
167:0 324 49|60 50|324 50|226 228|226 60|324 226|226 50|324 60
172:0 273 3 227 179 217 268 117
173:0 133 150|187 133|273 217
174:0 273 185|217 185|313 185|273 313|273 217
175:0 193 64|244 64|244 248|119 193|119 64|248 64|248 217
177:0 114 98|114 65|98 65|114 185|114 287|98 287|98 185|65 185|297 114|297 98|297 287|297 185
179:0 34 103 36 316 115 268 219
183:0 248 133|113 217|113 133|48 133|195 113|187 113|187 133|248 113|187 195|248 217
187:0 93 115|227 244|227 270|244 270|244 93|115 133|227 115|244 115|227 133|115 270
190:0 68 103 3 21 228 180 97 251
191:0 73 227|73 270|227 270|73 267|174 73|73 320
193:0 324 141|18 318|141 318|324 318
194:0 34 255 256 174 246 300 219 254
198:0 17 119|18 297|119 18|17 18|143 195|109 297|109 65|143 65|119 143|17 143|119 65|17 109|18 109|119 297|17 297|119 195
200:0 194 286|103 286|103 194
203:0 273 36 277 193 244 248 251 133
206:0 157 174 310 246 44 29 117
207:0 232 13|17 232|17 13
209:0 173 242 265 215 115 217 185 118
211:0 61 114|61 48|114 48|175 114|175 48
214:0 206 106|175 117|106 175
215:0 68 306 193 44 180 115 252
216:0 68 69 36 242 313 281 214 232
220:0 34 341 36 38 157 246 44 333
222:0 54 109|109 133|275 133|112 133|103 112|103 333|109 112|112 333|275 109|54 133|103 109|275 112
223:0 190 114|190 48|103 350|114 48|190 350|103 190|103 48
225:0 229 248 62 301 98 150
226:0 300 114|157 114|239 21|239 300|239 56|21 300|157 300|56 300|21 114|21 157|56 114|157 56|239 114|21 56
227:0 143 228|143 65|228 65|18 228
228:0 68 261 228 179 180 251 99 83
231:0 34 68 173 90 246 116
234:0 207 326 244 44 180 50
236:0 136 170|229 270|136 183|170 183|183 270|229 183|136 270|170 270|136 229|170 229
238:0 244 252|8 252|244 8|96 252|244 96|273 244|273 96|8 96
239:0 238 2|2 27|7 8|2 96|238 7|7 112|238 27|238 96|7 96|8 96|112 96|27 96|2 7
240:0 238 103|238 2|2 9|103 2|103 112|238 9|103 9|9 112
241:0 69 174 244 179 214 217 270 203
246:0 246 116|174 23|349 200
252:0 306 242|242 300|225 242|283 300
255:0 68 207 157 179 265 203
258:0 174 287|243 287|23 253|23 287|174 301|174 23
261:0 343 310 43 281 305
263:0 204 228 164 321 271
270:0 175 75|75 235|73 75|230 235|55 230|73 230|175 230|75 230|55 175|73 235|175 235
273:0 36 206 73 13 98 133
276:0 143 287|228 287|143 228|48 99|99 287|143 99|228 48|228 99|119 287|119 143|119 228|119 99
278:0 346 16|239 346
280:0 261 194|261 262|261 212|194 262|262 212|194 212|261 50|194 50|262 50|212 50
283:0 56 193|193 60|170 56|56 60|341 56|341 193
285:0 206 207|313 270|204 270|204 313|206 313
287:0 34 306 173 174 228 163 214
290:0 318 16|185 16
293:0 36 173 207 326 265
296:0 197 185|238 223|193 270|223 185|193 279|197 270|238 193|279 197|193 197|223 193|193 185|185 270|279 270|279 185|223 197|238 279|223 279
298:0 227 47|47 287|47 321
299:0 205 222
300:0 273 226 244 313 164 253 270 321
302:0 105 244
303:0 206 244 246 14 321 305
304:0 23 265|23 283
307:0 223 7|223 193|223 8|223 9|223 252|226 252|7 252|193 252|8 252|9 252|226 7|226 8|226 9|7 9|8 9|193 7|7 8|193 8|193 9
309:0 174 242 129 29 253
313:0 226 271|226 318
314:0 226 318
315:0 42 178|191 42|191 178
316:0 123 151|123 220
318:0 37 56
320:0 37 173 207 38 174 90 214 321
322:0 34 205 23 111 336 184
324:0 281 214 284 203
325:0 326 248 164 271
327:0 273 274 157 226 227 265 50 271
328:0 98 116|98 16
331:0 51 298
333:0 97 114|114 99|97 99|228 97|228 114|228 99
335:0 68 174 175 24 46 13
336:0 34 255 256 254
339:0 37 250
341:0 246 300|283 300
345:0 243 112|105 112|105 243
349:0 243 109|243 113|243 300|109 113|109 300|95 113|113 300
351:0 244 248
352:0 277 50 271
353:0 193 286|194 286|193 194|310 286|310 50|286 50|193 50|194 50|310 193|310 194
355:0 194 286|262 286|194 262|194 220|194 288|286 185|286 220|194 185|286 288|262 220|185 288|220 288
357:0 267 13|73 29|73 13|21 267|73 267|21 73
358:0 174 95|95 50|174 50
359:0 38 174 226 277 164 185
363:0 255 256 157 174 90 346 281 254
366:0 300 48|109 287|300 287|112 287|109 112|109 48|109 300
369:0 214 133|346 214|346 133|222 346|222 133
370:0 300 48|346 300|346 48
371:0 239 349|37 349|239 37|56 349|239 56|37 56|37 82|349 82|239 82|56 82