1:0 14 34 38 102 164
2:0 14 34 38 102 164
3:0 14 34 38 102 164 338
4:0 5 14 25 34 38 68 69 102 157 164
5:0 5 14 25 34 38 68 69 102 157 164
6:0 5 14 25 34 38 68 69 102 157 164 307
7:0 5 25 34 38 68 69 102 164
8:0 5 25 34 38 68 69 102 164
9:0 5 25 34 38 68 69 102 164 308
12:0 38 102 138 164
15:0 14 38 102 164
16:0 38 102 164
17:0 38 102 164
18:0 38 102 164
19:0 34 38 68 86 102 164
20:0 34 38 68 86 102 164
21:0 38 102 164
22:0 38 102 164
23:0 34 38 102 157 164
24:0 34 38 102 157 164
25:0 5 25 34 38 68 69 86 102 164
26:0 5 25 34 38 68 69 86 102 164
27:0 14 34 38 68 69 102 157 164
28:0 14 34 38 68 69 102 157 164
29:0 34 38 68 102 164
30:0 34 38 68 102 164
31:0 5 25 34 38 68 69 102 157 164
32:0 34 38 68 102 164
33:0 34 38 68 102 164
34:0 5 25 34 38 68 69 102 157 164
35:0 5 25 34 38 68 69 86 102 118 135 138 164
36:0 5 25 34 38 68 69 86 102 118 135 138 164
37:0 34 38 102 164
38:0 34 38 102 164
39:0 5 25 34 38 68 69 86 102 138 164
40:0 5 25 34 38 68 69 86 102 138 164
41:0 38 102 164
42:0 38 102 164
43:0 14 38 102 164
44:0 14 38 102 164
45:0 14 34 38 102 164
46:0 14 34 38 68 102 164
47:0 14 34 38 68 102 164
48:0 38 102 164
49:0 38 102 164
50:0 34 38 102 157 164
51:0 34 38 102 157 164
52:0 34 38 102 138 164
53:0 34 38 102 138 164
54:0 5 25 34 38 68 69 102 164
55:0 5 25 34 38 68 69 102 164
56:0 5 25 34 38 68 69 102 118 157 164
57:0 5 25 34 38 69 102 118 157 164
58:0 34 38 102 164
59:0 34 38 102 164
60:0 34 38 102 164
61:0 5 25 34 38 68 69 102 118 164
62:0 5 25 34 38 68 69 102 118 164
63:0 5 25 34 38 68 69 86 102 118 138 164
64:0 5 25 34 38 68 69 86 102 118 138 164
65:0 5 25 34 38 68 69 86 102 118 138 164
66:0 5 25 34 38 68 69 102 118 157 164
67:0 5 25 34 38 68 69 102 118 157 164
68:0 5 25 34 38 68 69 102 118 157 164
69:0 14 38 102 164
70:0 14 38 102 164
71:0 14 34 38 102 164
72:0 14 38 102 164
73:0 14 38 102 164
74:0 5 34 38 68 69 102 118 153 157 164
75:0 5 34 38 68 69 102 118 153 157 164
76:0 5 25 34 38 68 69 102 118 153 157 164
77:0 34 38 102 164
78:0 34 38 102 164
79:0 34 38 86 102 138 164
80:0 5 25 34 38 68 69 86 102 138 164
81:0 38 86 102 164
82:0 38 86 102 164
83:0 14 34 38 102 164
84:0 34 38 102 164
85:0 34 38 102 164
86:0 34 38 102 164
87:0 34 38 102 164
88:0 34 102 153 164
89:0 34 102 153 164
90:0 38 102 153 164
91:0 38 102 153 164
92:0 102 138 153 164
93:0 102 138 153 164
94:0 5 25 34 38 68 69 102 118 138 153 164
95:0 34 38 102 153 157 164
96:0 5 25 34 38 68 69 86 102 118 138 164
97:0 5 25 34 38 68 69 86 102 118 138 164
98:0 14 34 38 102 164
99:0 14 34 38 102 164
100:0 86 102 153 164
101:0 86 102 153 164
102:0 38 102 138 153 164
103:0 38 102 138 153 164
104:0 5 14 25 34 38 68 69 102 157 164
105:0 5 14 25 34 38 68 69 102 157 164
106:0 5 25 34 38 68 69 102 118 157 164
107:0 5 25 34 38 68 69 102 118 157 164
108:0 5 14 25 34 38 68 69 102 138 157 164
109:0 102 153 164
110:0 102 153 164
111:0 14 34 38 68 102 157 164
112:0 5 14 25 34 38 68 69 102 157 164
113:0 5 25 34 38 68 69 86 102 118 135 138 164 244
114:0 14 34 38 102 164
115:0 5 25 34 38 68 69 102 157 164
116:0 38 102 164
117:0 38 102 164
118:0 38 102 164
119:0 38 102 164
120:0 38 86 102 164
121:0 38 86 102 138 164
122:0 5 25 34 38 68 69 86 102 118 138 164
123:0 14 38 68 102 164
124:0 5 25 34 38 68 69 102 118 138 164
125:0 5 25 34 38 68 69 86 102 164
126:0 5 25 34 38 68 69 102 164
127:0 14 34 38 69 102 157 164
128:0 34 38 102 164
130:0 34 38 86 102 164
131:0 34 38 102 138 164
133:0 34 38 102 164
134:0 34 38 102 164
135:0 34 38 86 102 164
136:0 34 38 102 164
137:0 38 86 102 138 164
138:0 34 38 102 157 164
139:0 34 38 69 102 157 164
140:0 34 38 102 157 164
141:0 14 25 34 38 69 102 157 164
142:0 38 102 157 164
143:0 5 25 34 38 68 69 102 118 157 164
144:0 38 102 164
145:0 38 86 102 164
146:0 38 102 164
147:0 34 38 86 102 164
148:0 34 38 86 102 164
149:0 34 38 86 102 164
150:0 5 25 34 38 68 69 86 102 118 138 164
151:0 5 14 25 34 38 68 69 86 102 118 135 138 153 157 164
152:0 14 34 38 68 102 164
153:0 14 34 38 68 102 164
154:0 14 34 38 68 102 164
155:0 34 38 102 164
156:0 34 38 102 164
157:0 5 25 34 38 68 69 102 157 164
158:0 5 14 25 34 38 68 69 102 157 164
159:0 5 14 25 34 38 68 69 102 157 164
160:0 5 14 25 34 38 68 69 102 157 164
161:0 34 38 102 164
162:0 34 38 102 164
163:0 38 102 138 164
164:0 38 102 138 164
165:0 5 14 38 102 164
166:0 5 14 38 102 164
167:0 34 38 102 164
168:0 34 38 102 164
169:0 38 102 164
170:0 38 86 102 164
171:0 38 86 102 164
172:0 5 25 34 38 68 69 86 102 164
173:0 5 25 34 38 68 69 86 102 118 135 138 164
174:0 5 25 34 38 68 69 86 102 138 164
175:0 5 25 34 38 68 69 86 102 118 135 138 164
176:0 5 25 34 38 68 69 86 102 118 135 138 164
177:0 38 86 102 138 164
178:0 38 86 102 138 164
179:0 34 38 86 102 164
180:0 5 25 34 38 68 69 86 102 164
181:0 5 25 34 38 68 69 86 102 164
182:0 14 38 102 164
183:0 5 25 34 38 69 102 164
184:0 5 25 34 38 69 102 164
185:0 5 25 34 38 68 69 102 153 157 164
186:0 5 25 34 38 68 69 102 118 164
187:0 14 38 102 164
188:0 14 38 102 164
189:0 14 38 102 164
190:0 5 25 34 38 68 69 86 102 118 138 164
191:0 14 38 102 164
192:0 14 38 102 164
193:0 38 102 138 164
194:0 34 38 102 164
195:0 5 25 34 38 68 69 102 164
196:0 34 38 102 138 164
197:0 34 38 102 138 164
198:0 38 86 102 138 164
199:0 5 25 34 38 68 69 86 102 138 164
200:0 38 86 102 138 164
203:0 34 38 86 102 138 164
204:0 34 38 68 102 153 157 164
205:0 34 38 68 102 153 157 164
206:0 34 38 68 86 102 138 157 164
207:0 14 38 68 102 138 157 164
208:0 34 38 102 153 157 164
209:0 5 25 34 38 68 69 86 102 118 164
210:0 5 25 34 38 68 69 86 102 118 157 164
211:0 14 38 86 102 164
212:0 14 38 68 102 164
213:0 34 38 102 157 164
214:0 14 34 38 68 69 102 157 164
215:0 14 38 68 102 138 164
216:0 5 14 25 34 38 68 69 102 118 164
217:0 5 14 25 34 38 68 69 102 118 157 164
218:0 34 38 102 157 164
219:0 34 38 102 157 164
220:0 34 38 102 157 164
221:0 34 38 102 157 164
222:0 34 38 102 153 157 164
223:0 38 86 102 164
224:0 38 69 86 102 164
225:0 5 25 34 38 68 69 102 164
226:0 34 38 102 164
227:0 38 68 102 157 164
228:0 34 38 68 102 138 164
229:0 34 38 68 102 138 164
230:0 34 38 102 164
231:0 34 38 68 102 164
232:0 34 38 68 102 157 164
233:0 38 86 102 138 164
234:0 34 38 86 102 138 164
236:0 25 34 38 68 69 102 157 164
237:0 25 34 38 68 69 102 157 164
238:0 5 25 34 38 68 69 102 118 138 164
239:0 5 25 34 38 68 69 86 102 164
240:0 5 25 34 38 68 69 102 164
241:0 5 25 34 38 68 69 86 102 118 157 164
242:0 5 25 34 38 68 69 86 102 118 135 138 164
243:0 34 38 86 102 164
244:0 34 38 102 164
245:0 34 38 102 164
246:0 34 38 102 157 164
247:0 34 38 102 157 164
248:0 5 25 34 38 68 69 86 102 157 164
249:0 34 38 86 102 138 164
250:0 38 86 102 138 164
251:0 14 38 102 118 138 164
252:0 5 14 25 34 38 68 69 102 164
253:0 5 14 25 34 38 68 69 102 164
254:0 5 14 25 34 38 68 69 102 164
255:0 5 14 25 34 38 68 69 102 157 164
256:0 5 14 25 34 38 68 69 102 157 164
257:0 5 14 25 34 38 68 69 102 157 164
258:0 34 38 102 164
259:0 5 25 34 38 68 69 102 157 164
260:0 5 25 34 38 68 69 102 157 164
261:0 34 38 68 102 164
262:0 34 38 68 102 164
263:0 34 38 86 102 164
264:0 34 38 86 102 164
267:0 38 102 164
269:0 38 102 164
270:0 14 34 38 102 164
271:0 14 34 38 102 164
272:0 5 14 25 34 38 68 69 102 118 164
273:0 14 34 38 102 153 164
274:0 14 25 34 38 102 153 164
275:0 14 25 34 38 102 153 164
276:0 38 68 102 164
277:0 38 68 102 164
278:0 38 102 164
279:0 38 102 164
280:0 34 38 86 102 138 164
281:0 34 38 86 102 138 164
282:0 34 38 86 102 138 164
283:0 38 102 164
284:0 38 102 164
285:0 14 34 38 102 164
286:0 5 14 25 34 38 68 69 102 164
287:0 5 25 34 38 68 69 102 157 164
288:0 5 25 34 38 68 69 102 157 164
289:0 5 25 34 38 68 69 102 157 164
290:0 38 102 164
291:0 14 38 102 164
292:0 38 102 138 164
293:0 5 25 34 38 68 69 102 164
294:0 5 25 34 38 68 69 102 157 164
295:0 5 25 34 38 68 69 102 157 164
296:0 5 25 34 38 68 69 102 118 157 164
297:0 5 25 34 38 68 69 102 118 157 164
298:0 34 38 102 164
299:0 34 38 86 102 153 157 164
300:0 34 38 86 102 138 164
301:0 34 38 86 102 138 164
302:0 5 25 34 38 68 69 102 118 138 164
303:0 5 14 25 34 38 68 69 102 157 164
304:0 34 38 102 157 164
305:0 34 38 102 157 164
306:0 5 25 34 38 68 69 86 102 157 164
307:0 5 25 34 38 68 69 102 118 138 164
308:0 5 25 34 38 68 69 102 118 138 157 164
309:0 34 38 86 102 164
310:0 34 38 86 102 164
311:0 5 25 34 38 68 69 86 102 118 164
312:0 5 25 34 38 68 69 86 102 118 164
313:0 5 25 34 38 68 69 86 102 118 164
314:0 5 25 34 38 68 69 86 102 118 164
315:0 14 34 38 102 164
316:0 34 38 68 102 138 153 164
317:0 34 38 68 102 138 153 164
318:0 38 102 164
319:0 38 102 164
320:0 34 38 102 164
321:0 34 38 102 164
322:0 34 38 102 157 164
323:0 34 38 102 153 157 164
324:0 34 38 102 153 157 164
325:0 34 38 102 138 164
326:0 5 25 34 38 68 69 102 138 164
327:0 5 25 34 38 68 69 102 118 138 157 164
328:0 34 38 102 157 164
329:0 34 38 102 157 164
330:0 34 38 102 157 164
331:0 5 14 34 38 68 69 102 164
332:0 5 14 25 34 38 68 69 102 164
333:0 34 38 102 138 164
334:0 34 38 102 138 164
335:0 5 14 25 34 38 68 69 86 102 157 164
336:0 34 38 102 164
337:0 34 38 102 138 153 157 164
338:0 34 38 102 138 153 157 164
339:0 38 102 164
340:0 38 102 157 164
341:0 14 34 38 68 102 164
342:0 14 34 38 68 102 164
343:0 38 102 138 153 157 164
344:0 38 102 138 153 157 164
345:0 34 38 102 157 164
346:0 34 38 102 157 164
347:0 14 34 38 102 157 164
348:0 14 34 38 69 102 157 164
349:0 38 102 164
350:0 34 38 102 164
351:0 34 38 86 102 164
352:0 5 25 34 38 68 69 86 102 118 157 164
353:0 34 38 86 102 138 164
354:0 34 38 86 102 118 138 164
355:0 34 38 102 138 164
356:0 5 25 34 38 68 69 102 118 138 157 164
357:0 14 34 38 102 164
358:0 38 102 138 164
359:0 14 34 38 68 86 102 138 157 164
361:0 34 38 102 164
362:0 34 38 102 153 164
363:0 34 38 102 157 164
364:0 34 38 102 157 164
365:0 34 38 102 157 164
366:0 34 38 102 164
367:0 34 38 102 164
368:0 34 38 102 164
369:0 34 38 102 157 164
370:0 38 102 164
371:0 34 38 102 157 164
372:0 34 38 102 157 164
373:0 34 38 102 157 164
375:0 34 38 102 153 157 164
376:0 34 38 102 153 157 164
377:0 5 25 34 38 68 69 86 102 153 157 164
378:0 5 25 34 38 68 69 86 102 153 157 164
379:0 5 25 34 38 68 69 86 102 153 157 164
380:0 34 38 86 102 138 164
381:0 34 38 86 102 138 164
382:0 34 38 86 102 157 164
383:0 5 14 25 34 38 68 69 86 102 157 164
384:0 34 38 86 102 157 164
385:0 34 38 86 102 118 138 164
