101
100
100
85
85
85
100
100
100
100
100
100
30
100
101
95
100
100
100
95
75
75
100
100
100
75
95
85
100
100
100
85
30
95
100
85
85
100
100
100
100
100
85
100
100
100
100
55
55
90
80
100
100
100
101
100
80
100
100
70
100
100
100
90
100
100
80
100
100
100
100
100
100
90
101
95
100
75
75
75
100
95
100
70
100
100
100
70
90
100
30
100
85
100
100
60
101
101
100
100
101
100
101
85
101
101
101
101
100
100
101
101
101
101
101
101
101
101
101
101
100
75
100
70
100
85
85
100
75
101
100
100
100
101
80
101
90
75
100
55
85
100
75
90
101
100
100
100
70
80
101
101
85
100
80
90
101
90
90
101
101
100
90
100
101
101
101
90
100
101
100
100
100
100
101
100
101
95
85
100
100
100
101
100
90
101
75
101
100
100
85
101
50
100
101
101
95
101
80
100
100
101
100
101
100
90
100
90
101
100
95
90
101
100
101
101
100
90
100
101
101
95
100
50
85
100
101
100
100
100
100
75
95
101
101
101
101
100
80
100
101
101
100
100
101
100
100
100
90
100
70
100
100
100
101
100
101
90
101
100
100
75
100
100
100
100
101
101
101
100
101
101
101
101
101
101
100
101
101
100
100
101
100
100
100
101
101
101
101
101
100
100
100
101
101
100
100
100
100
90
101
90
100
101
100
100
95
90
90
85
100
100
101
100
95
90
100
80
100
85
55
100
101
100
100
101
100
90
70
30
85
100
101
100
101
101
101
100
90
101
85
95
100
100
100
101
101
101
100
101
80
101
100
85
90