0 0
1 0
2 0
3 0
4 0
5 0
6 0
7 4
8 4
9 4
10 0
11 0
12 9
13 0
14 2
15 0
16 0
17 0
18 12
19 0
20 4
21 0
22 0
23 0
24 0
25 0
26 0
27 0
28 2
29 0
30 0
31 0
32 9
33 0
34 4
35 4
36 0
37 0
38 0
39 2
40 4
41 4
42 0
43 2
44 0
45 2
46 12
47 1
48 1
49 0
50 13
51 6
52 4
53 4
54 11
55 0
56 0
57 0
58 4
59 4
60 4
61 6
62 6
63 0
64 0
65 0
66 0
67 0
68 0
69 0
70 0
71 8
72 8
73 1
74 2
75 0
76 0
77 1
78 1
79 1
80 0
81 2
82 0
83 4
84 4
85 4
86 1
87 4
88 0
89 0
90 9
91 0
92 1
93 4
94 6
95 1
96 2
97 2
98 0
99 0
100 13
101 0
102 13
103 2
104 2
105 3
106 2
107 2
108 2
109 1
110 2
111 2
112 2
113 11
114 10
115 11
116 13
117 0
118 13
119 13
120 0
121 0
122 4
123 4
124 4
125 0
126 4
127 0
128 4
129 0
130 0
131 0
132 6
133 2
134 2
135 3
136 0
137 1
138 8
139 1
140 0
141 8
142 1
143 0
144 13
145 6
146 4
147 1
148 2
149 0
150 13
151 2
152 0
153 0
154 0
155 0
156 13
157 0
158 0
159 2
160 13
161 4
162 0
163 0
164 13
165 0
166 13
167 0
168 0
169 13
170 13
171 1
172 4
173 0
174 13
175 0
176 13
177 0
178 2
179 0
180 13
181 4
182 13
183 0
184 2
185 0
186 1
187 13
188 4
189 6
190 6
191 11
192 4
193 1
194 13
195 1
196 6
197 13
198 0
199 13
200 0
201 10
202 8
203 13
204 2
205 0
206 0
207 5
208 3
209 4
210 0
211 7
212 13
213 1
214 13
215 13
216 0
217 0
218 0
219 11
220 13
221 4
222 0
223 4
224 0
225 4
226 13
227 13
228 0
229 0
230 2
231 6
232 7
233 0
234 3
235 3
236 3
237 0
238 0
239 0
240 10
241 10
242 6
243 0
244 13
245 0
246 7
247 6
248 13
249 6
250 4
251 0
252 0
253 0
254 13
255 0
256 3
257 4
258 10
259 1
260 5
261 1
262 13
263 0
264 0
265 0
266 13
267 13
268 2
269 13
270 13
271 13
272 13
273 13
274 13
275 1
276 7
277 13
278 13
279 0
280 0
281 1
282 0
283 0
284 0
285 13
286 13
287 13
288 13
289 13
290 0
291 0
292 0
293 13
294 2
295 6
296 6
297 2
298 1
299 4
300 10
301 0
302 0
303 3
304 0
305 4
306 6
307 0
308 0
309 7
310 0
311 0
312 13
313 2
314 0
315 7
316 1
317 6
318 7
319 2
320 1
321 2
322 2
323 0
324 4
325 0
326 0
327 0
328 4
329 9
330 6
331 0
332 0
333 0
334 2
335 13
336 2
337 0
338 0
339 2
340 4
341 6
342 4
343 0
344 4
345 0
346 10
347 2
348 0
349 2
350 0
351 0
352 4
353 13
354 7
