0 0
1 1
2 1
3 1
4 1
5 1
6 1
7 1
8 1
9 1
10 1
11 1
12 1
13 2
15 1
16 2
17 1
19 1
20 1
21 1
22 1
23 1
24 1
25 1
26 1
27 1
29 1
30 1
31 1
32 1
33 1
34 1
35 1
36 1
37 1
38 1
40 1
41 1
42 1
44 1
49 2
51 2
52 2
53 2
55 2
56 2
57 2
58 2
59 2
60 2
61 2
62 2
63 2
64 1
65 1
66 1
67 1
68 1
69 1
70 1
71 2
72 2
75 1
76 2
80 2
82 2
83 2
84 2
85 2
87 2
88 1
89 1
90 1
91 1
93 2
94 2
98 1
99 1
101 2
117 1
120 1
121 1
122 1
123 2
124 2
125 1
126 2
127 1
128 1
129 2
130 1
131 1
132 1
136 1
138 2
140 1
141 1
143 1
145 2
146 1
149 2
152 1
153 1
154 1
155 1
157 1
158 1
161 2
162 1
163 1
165 1
167 1
168 1
172 1
173 2
175 1
177 2
179 1
181 2
183 1
185 1
188 2
189 2
190 2
192 2
196 2
198 1
200 1
202 2
205 1
206 1
209 1
210 1
211 1
216 1
217 1
218 1
221 1
222 1
223 1
224 1
225 2
228 1
229 1
231 1
232 1
233 1
237 2
238 1
239 2
242 1
243 2
245 1
246 2
247 2
248 2
249 1
250 2
251 1
252 1
253 2
255 2
257 2
263 1
264 1
265 1
276 1
279 1
280 1
282 1
283 1
284 2
290 1
291 1
292 1
295 2
296 2
299 1
301 1
302 1
304 2
305 1
306 1
307 2
308 2
309 1
310 1
311 2
314 2
315 2
317 1
318 2
323 2
324 2
325 1
326 2
327 1
328 1
329 2
330 2
331 1
332 1
333 1
337 1
338 2
340 1
341 2
342 1
343 1
344 1
345 2
348 1
350 1
351 2
352 2
353 2
354 2
