0 0
7 10
8 10
9 10
20 100
23 30
27 30
29 30
34 30
35 100
40 30
41 20
44 30
51 10
52 10
53 10
58 10
59 10
60 10
61 10
62 10
83 100
84 10
85 10
87 30
93 10
94 10
122 30
123 40
124 30
126 10
128 100
130 100
132 10
143 30
145 10
146 20
146 20
157 30
158 10
161 20
172 10
173 30
181 10
188 30
189 100
190 50
192 100
196 100
209 30
211 10
221 50
223 100
225 30
231 10
232 10
242 20
246 10
247 20
249 50
250 100
257 10
290 30
295 50
296 50
299 10
302 30
305 30
306 50
309 20
310 30
317 100
318 10
324 10
326 10
328 100
330 30
340 30
341 100
342 10
344 10
352 20
