0 83
1 83
2 83
3 83
4 83
5 83
6 83
7 83
8 83
9 83
10 83
11 83
12 83
13 83
14 83
15 83
16 83
17 83
18 83
19 83
20 83
21 83
22 83
23 83
24 83
25 83
26 83
27 83
28 83
29 83
30 83
31 83
32 83
33 83
34 83
35 83
36 83
37 83
38 83
39 83
40 83
41 83
42 83
43 83
44 83
45 83
46 83
47 83
48 83
49 83
50 83
51 83
52 83
53 83
54 83
55 83
56 83
57 83
58 83
59 83
60 83
61 83
62 83
63 83
64 83
65 83
66 83
67 83
68 83
69 83
70 83
71 83
72 83
73 83
74 83
75 83
76 83
77 83
78 83
79 83
80 83
81 83
82 83
83 83
84 83
85 83
86 83
87 83
88 83
89 83
90 83
91 83
92 83
93 83
94 83
95 83
96 83
97 83
98 83
99 83
100 83
101 83
102 83
103 83
104 83
105 83
106 83
107 83
108 83
109 83
110 83
111 83
112 83
113 83
114 83
115 83
116 83
117 83
118 83
119 83
120 83
121 83
122 83
123 83
124 83
125 83
126 83
127 83
128 83
129 83
130 83
131 83
132 83
133 83
134 83
135 83
136 83
137 83
138 83
139 83
140 83
141 83
142 83
143 83
144 83
145 83
146 83
147 83
148 83
149 83
150 83
151 83
152 83
153 83
154 83
155 83
156 83
157 83
158 83
159 83
160 83
161 83
162 83
163 83
164 83
165 83
166 83
167 83
168 83
169 83
170 83
171 83
172 83
173 83
174 83
175 83
176 83
177 83
178 83
179 83
180 83
181 83
182 83
183 83
184 83
185 83
186 83
187 83
188 83
189 83
190 83
191 83
192 83
193 83
194 83
195 83
196 83
197 83
198 83
199 83
200 83
201 83
202 83
203 83
204 83
205 83
206 83
207 83
208 83
209 83
210 83
211 83
212 83
213 83
214 83
215 83
216 83
217 83
218 83
219 83
220 83
221 83
222 83
223 83
224 83
225 83
226 83
227 83
228 83
229 83
230 83
231 83
232 83
233 83
234 83
235 83
236 83
237 83
238 83
239 83
240 83
241 83
242 83
243 83
244 83
245 83
246 83
247 83
248 83
249 83
250 83
251 83
252 83
253 83
254 83
255 83
256 83
257 83
258 83
259 83
260 83
261 83
262 83
263 83
264 83
265 83
266 83
267 83
268 83
269 83
270 83
271 83
272 83
273 83
274 83
275 83
276 83
277 83
278 83
279 83
280 83
281 83
282 83
283 83
284 83
285 83
286 83
287 83
288 83
289 83
290 83
291 83
292 83
293 83
294 83
295 83
296 83
297 83
298 83
299 83
300 83
301 83
302 83
303 83
304 83
305 83
306 83
307 83
308 83
309 83
310 83
311 83
312 83
313 83
314 83
315 83
316 83
317 83
318 83
319 83
320 83
321 83
322 83
323 83
324 83
325 83
326 83
327 83
328 83
329 83
330 83
331 83
332 83
333 83
334 83
335 83
336 83
337 83
338 83
339 83
340 83
341 83
342 83
343 83
344 83
345 83
346 83
347 83
348 83
349 83
350 83
351 83
352 83
353 83
354 83
355 83
356 83
357 83
358 83
359 83
360 83
361 83
362 83
363 83
364 83
365 83
366 83
367 83
368 83
369 83
370 83
371 83
372 83
373 83
374 83
375 83
376 83
377 83
378 83
379 83
380 83
381 83
382 83
383 83
384 83
385 83
386 83
387 83
388 83
389 83
390 83
391 83
392 83
393 83
394 83
395 83
396 83
397 83
398 83
399 83
400 83
401 83
402 83
403 83
404 83
405 83
406 83
407 83
408 83
409 83
410 83
411 83
412 83
413 83
414 83
415 83
416 83
417 83
418 83
419 83
420 83
421 83
422 83
423 83
424 83
425 83
426 83
427 83
428 83
429 83
430 83
431 83
432 83
433 83
434 83
435 83
436 83
437 83
438 83
439 83
440 83
441 83
442 83
443 83
444 83
445 83
446 83
447 83
448 83
449 83
450 83
451 83
452 83
453 83
454 83
455 83
456 83
457 83
458 83
459 83
460 83
461 83
462 83
463 83
464 83
465 83
466 83
467 83
468 83
469 83
470 83
471 83
472 83
473 83
474 83
475 83
476 83
477 83
478 83
479 83
480 83
481 83
482 83
483 83
484 83
485 83
486 83
487 83
488 83
489 83
490 83
491 83
492 83
493 83
494 83
495 83
496 83
497 83
498 83
499 83
500 83
501 83
502 83
503 83
504 83
505 83
506 83
507 83
508 83
509 83
510 83
511 83
512 83
513 83
514 83
515 83
516 83
517 83
518 83
519 83
520 83
521 83
522 83
523 83
524 83
525 83
526 83
527 83
528 83
529 83
530 83
531 83
532 83
533 83
534 83
535 83
536 83
537 83
538 83
539 83
540 83
541 83
542 83
543 83
544 83
545 83
546 83
547 83
548 83
549 83
550 83
551 83
552 83
553 83
554 83
555 83
556 83
557 83
558 83
559 83
