0 0
1 40
2 50
3 15
4 18
5 80
6 40
7 75
8 75
9 75
10 40
11 55
12 1
13 80
15 50
16 40
17 60
19 70
20 15
21 80
22 35
23 65
24 30
25 120
26 70
27 60
29 70
30 65
31 15
32 1
33 35
34 85
35 15
36 90
37 90
38 120
40 15
41 25
42 14
44 60
49 1
51 40
52 40
53 95
55 40
56 120
57 95
58 95
59 120
60 65
61 65
62 65
63 150
64 35
65 80
66 80
67 1
68 1
69 1
70 80
71 20
72 40
75 55
76 120
80 70
82 1
83 15
84 40
85 95
87 120
88 50
89 100
90 1
91 60
93 50
94 90
98 40
99 20
101 1
117 1
120 200
121 100
122 20
123 20
124 65
125 65
126 120
127 80
128 35
129 60
130 100
131 20
132 10
136 85
138 100
140 15
141 20
143 140
145 20
146 70
149 1
152 90
153 250
154 18
155 50
157 75
158 80
161 80
162 1
163 70
165 50
167 10
168 40
172 60
173 40
175 1
177 100
179 1
181 40
183 40
185 60
188 90
189 20
190 65
192 100
196 55
198 25
200 90
202 60
205 30
206 40
209 65
210 10
211 70
216 1
217 1
218 1
221 100
222 1
223 100
224 120
225 60
228 40
229 20
231 100
232 50
233 70
237 1
238 100
239 40
242 80
243 1
245 80
246 60
247 80
248 80
249 20
250 15
251 1
252 40
253 50
255 1
257 100
263 70
264 150
265 60
276 120
279 60
280 75
282 20
283 1
284 150
290 70
291 60
292 15
295 70
296 70
299 85
301 30
302 60
304 90
305 50
306 75
307 150
308 150
309 100
310 30
311 50
314 55
315 140
317 50
318 60
323 150
324 75
325 60
326 80
327 85
328 15
329 1
330 95
331 10
332 60
333 10
337 80
338 150
340 85
341 55
342 50
343 40
344 120
345 60
348 70
350 25
351 60
352 60
353 120
354 140
