0 0
1 0
2 0
3 0
4 0
5 0
6 0
7 0
8 0
9 0
10 0
11 0
12 0
13 5
14 7
15 0
16 0
17 0
18 0
19 0
20 0
21 0
22 0
23 0
24 0
25 0
26 0
27 0
28 0
29 0
30 0
31 0
32 0
33 0
34 0
35 0
36 0
37 9
38 0
39 5
40 0
41 0
42 0
43 5
44 0
45 5
46 0
47 0
48 0
49 0
50 0
51 5
52 0
53 0
54 12
55 0
56 0
57 5
58 0
59 5
60 0
61 0
62 0
63 0
64 0
65 0
66 0
67 0
68 13
69 0
70 0
71 0
72 0
73 0
74 7
75 5
76 0
77 0
78 0
79 0
80 9
81 5
82 0
83 0
84 0
85 0
86 0
87 0
88 0
89 4
90 0
91 0
92 0
93 0
94 0
95 0
96 7
97 7
98 0
99 0
100 7
101 0
102 0
103 0
104 7
105 7
106 7
107 7
108 0
109 0
110 7
111 7
112 7
113 12
114 10
115 12
116 7
117 7
118 7
119 0
120 4
121 0
122 0
123 0
124 0
125 0
126 0
127 0
128 0
129 5
130 0
131 0
132 0
133 7
134 0
135 7
136 0
137 0
138 0
139 0
140 0
141 0
142 0
143 0
144 0
145 5
146 0
147 0
148 0
149 0
150 7
151 7
152 0
153 4
154 0
155 0
156 7
157 5
158 0
159 7
160 7
161 0
162 0
163 0
164 7
165 0
166 0
167 0
168 0
169 0
170 0
171 0
172 0
173 0
174 13
175 0
176 0
177 0
178 0
179 0
180 0
181 5
182 7
183 0
184 0
185 0
186 0
187 7
188 0
189 0
190 0
191 11
192 0
193 0
194 7
195 8
196 5
197 7
198 0
199 0
200 9
201 10
202 0
203 7
204 0
205 0
206 0
207 0
208 7
209 0
210 0
211 0
212 0
213 0
214 7
215 6
216 0
217 0
218 0
219 12
220 0
221 0
222 4
223 0
224 0
225 0
226 7
227 0
228 0
229 0
230 5
231 0
232 0
233 0
234 7
235 7
236 7
237 0
238 0
239 5
240 10
241 10
242 0
243 13
244 0
245 0
246 0
247 0
248 0
249 0
250 0
251 0
252 0
253 9
254 7
255 0
256 7
257 5
258 10
259 0
260 0
261 0
262 0
263 0
264 0
265 0
266 7
267 13
268 7
269 0
270 2
271 0
272 0
273 7
274 7
275 7
276 0
277 7
278 7
279 0
280 0
281 0
282 0
283 0
284 5
285 0
286 7
287 7
288 7
289 7
290 0
291 0
292 0
293 7
294 7
295 0
296 0
297 0
298 4
299 0
300 10
301 0
302 0
303 7
304 5
305 0
306 0
307 0
308 0
309 0
310 0
311 0
312 6
313 0
314 5
315 0
316 0
317 0
318 0
319 0
320 0
321 0
322 7
323 5
324 0
325 0
326 0
327 0
328 0
329 0
330 5
331 0
332 0
333 0
334 7
335 0
336 7
337 0
338 0
339 7
340 0
341 0
342 0
343 0
344 0
345 0
346 10
347 7
348 0
349 7
350 0
351 0
352 0
353 0
354 0
