0 18
2 1
7 9
8 14
9 12
16 2
17 2
19 2
22 11
24 1
26 1
27 1
28 4
40 3
41 6
42 6
44 16
51 3
52 9
53 9
54 14
55 10
56 10
57 10
58 14
59 14
60 13
61 10
62 14
64 2
65 2
66 1
67 1
68 1
69 1
71 11
72 11
73 11
75 11
76 11
77 3
78 11
79 11
80 11
81 6
82 15
83 9
84 12
85 12
86 12
87 12
88 5
89 4
90 4
91 4
92 3
93 13
94 13
95 13
96 13
97 13
100 13
101 7
109 7
110 10
112 13
113 13
114 14
115 13
119 2
122 7
123 3
124 3
125 4
126 9
127 10
128 10
133 13
134 13
136 1
138 13
139 3
141 6
143 2
145 10
147 11
149 13
151 3
152 10
155 4
156 13
157 5
165 18
167 1
168 16
169 6
171 7
172 9
174 18
177 2
178 11
179 1
180 7
181 14
183 1
185 16
188 3
189 4
190 10
191 4
192 12
194 7
196 14
197 1
198 4
200 15
201 5
202 11
205 5
209 12
210 6
211 8
221 9
222 4
223 1
224 6
225 15
228 16
231 8
232 8
233 1
235 11
238 1
239 15
240 10
241 9
242 16
243 13
246 5
247 7
248 13
249 1
250 10
251 16
257 9
258 14
259 16
260 16
261 9
262 16
264 1
268 12
269 16
271 13
272 13
275 11
276 1
277 13
279 1
280 1
282 16
284 9
285 13
286 13
288 7
289 16
291 10
292 1
294 6
295 13
296 13
297 2
299 9
300 4
301 14
302 11
305 3
307 9
308 10
309 8
310 7
312 11
313 16
314 2
315 9
317 5
318 6
319 8
320 11
322 13
323 10
324 6
325 7
326 13
327 1
328 4
329 14
330 10
331 11
332 2
333 14
334 8
337 15
338 11
339 1
340 2
341 4
342 3
344 12
345 11
346 10
347 13
348 11
349 15
350 5
351 12
352 10
353 8
354 13
