2:0 80 124 130 133 174 203 204 275 320 345 437 438 593 609
3:0 124 130 133 174 203 204 275 320 345 437 438 593 609
5:0 44 68 187 200 232 242 246 251 314 349 394 407 609
6:0 44 68 187 232 242 246 251 314 349 407 609
8:0 54 114 175 193 243 252 281 287 300 323 330 362 392 396 453 609
9:0 54 114 175 193 243 252 281 287 300 323 330 362 392 396 453 609
11:0 33 81 173
12:0 33 81 106 334
14:0 40 81
15:0 40 81 106 334
17:0 185 193 228 314 413 432
18:0 185 193 228 314 413 432
20:0 68 103 154 172 179 279 382 515
22:0 13 18 98 161 184 185 297 310
24:0 21 50 184 228 251 305 342 389 415
25:0 3 117 175 179 186 203 204 217 227 252 253 268 273 321 344 381 417 516 586
26:0 3 21 45 57 97 117 175 179 186 203 204 209 217 227 252 253 268 273 283 321 344 364 381 417 435 486 516 531 575 580 586 608 609 615
26:1 3 9 21 39 45 57 70 84 85 86 87 91 92 97 98 104 113 117 148 156 164 173 175 179 182 186 203 204 207 209 213 214 216 217 218 227 231 237 240 249 252 253 263 264 268 270 273 280 282 283 290 321 324 343 344 351 364 374 381 393 417 435 447 451 486 496 497 516 521 527 528 531 575 580 585 586 608 609 615
28:0 68 175 203 232 341 400 431 498 603
30:0 36 48 50 68 116 130 203 204 228 251 342 498 607
31:0 36 44 45 48 50 68 116 130 154 203 204 228 242 251 260 305 342 390 445 607
33:0 36 48 50 68 93 133 203 251 342 389 457 498 607
34:0 30 31 32 36 43 48 50 68 93 133 203 251 260 342 389 390 445 457 607
35:0 102 133 150 186 187 204 217 253 273 312 313 321 345 383 505 599
36:0 1 34 45 102 111 133 150 186 187 204 217 227 236 253 266 273 309 312 313 321 322 345 358 361 381 383 500 505 516 572 599
38:0 39 50 52 83 95 175 185 288 326 336 384 394 445 481 506 517 541 560
39:0 185 186 195 204 217 253 273 313 383 386 445 505 599
40:0 1 34 102 185 186 195 204 205 217 253 273 313 358 383 386 445 505 580 586 599
42:0 16 18 95 98 174 185 228 413 417 432 607
44:0 75 175 204 275 298 321 572
45:0 51 71 75 79 175 204 230 236 275 298 321 363 381 572 593
47:0 60 68 73 97 103 175 203 228 230 232 363 469 591 603
49:0 97 103 226 234 390 476
51:0 29 103 179 185 203 228 246 251 253 262 515
53:0 6 39 95 133 175 204 274 316 386 608
55:0 60 95 109 193 227 238 248 281 287 426 485 493 499
57:0 68 96 179 193 227 251 265 279 400
59:0 24 34 36 37 38 43 52 83 97 172 179 234 242 336 370 394 481
61:0 54 114 150 170 203 227 287 301
62:0 34 54 55 56 114 145 150 187 203 227 287 301 341 346 358 426
64:0 112 227 375 379 385 470
65:0 112 227 375 379 385 470
67:0 27 68 96 227 265 321 370 379 418 484 501
68:0 27 68 96 227 265 321 370 379 418 484 501
70:0 141 227 275 311 321 331 345 363 438 491 499 584
71:0 21 35 51 74 77 78 141 227 275 311 321 331 345 363 378 438 491 499 584
73:0 62 109 114 145 229 243 321 330 367 392
75:0 5 174 175 203 359 431 469 475
76:0 5 174 175 203 205 359 431 469 475
78:0 24 32 33 37 38 95 204 234 445 502
80:0 23 187 248 300 382 584
85:0 48 114 119 175 185 363 372 413 458
87:0 21 32 50 122 195 252 254 255 256 333 346 494 584
89:0 114 122 174 184 212 254 255 256 286 325 425 491
91:0 33 36 41 43 61 103 112 128 229 250 333 341 350 362 392 419 420 534
93:0 50 114 123 149 184 195 288 310 499 513
94:0 50 114 123 149 184 195 288 310 499 513
97:0 112 260 274 385 427
99:0 97 114 117 133 203 246 321 498 502
103:0 73 77 78 79 174 236 246 253 275 326 331 363 381 384 516 593
103:1 14 70 73 76 77 78 79 92 93 94 95 104 113 115 138 140 148 153 156 164 168 173 174 182 188 202 207 213 214 216 218 235 236 237 241 244 246 253 263 267 275 285 290 326 331 335 356 363 381 384 388 402 412 433 437 447 496 516 571 585 593
105:0 24 103 130 187 195 197 203 246 498
105:1 7 9 14 24 29 37 38 39 43 45 53 58 59 67 70 89 91 92 99 103 104 116 125 126 130 155 156 157 164 168 173 182 187 195 196 197 198 201 203 206 207 213 214 216 218 231 237 241 246 249 253 263 264 280 282 283 290 317 332 334 374 414 442 446 479 496 497 498 510 514 523 585 602
106:0 33 68 183 228 229 252 253 410 418
107:0 33 136 170 193 203 229 252 253
110:0 60 103 149 174 254 255 256 288 390
112:0 68 130 174 179 222 242 306 368 407 422 423 424 431 470 603
113:0 186 204 253 383
117:0 13 50 62 82 150 175 190 225 330 499
119:0 34 56 60 114 130 189 300 341
121:0 33 61 106 107 149 293 322 362 408 513
122:0 204 253 321 361
124:0 47 93 96 186 252 253 273 357 381 383 417 445
125:0 2 27 96 112 223 238 253 359 364
126:0 2 5 103 112 116 183 187 223 238 253 384 394 584
130:0 33 150 175 608 609
134:0 36 38 44 45 129 174 175 197 203 204 226 273 281 287 313 321 363 376 445 485 500 560 609
135:0 36 38 44 45 129 174 175 197 203 204 226 273 281 287 313 321 363 376 445 485 500 560 609
136:0 36 38 45 129 174 175 197 203 204 226 273 281 287 313 321 363 376 445 485 500 560 609
139:0 21 48 61 62 114 117 191 250 330 378 390 513
141:0 36 61 62 103 109 175 193 229
143:0 103 118 120 253 254 256 289 316
148:0 48 54 114 225 245 453
149:0 48 54 114 225 245 453
153:0 22 68 73 175 246 275 287 320 378 437 505 593
154:0 22 68 73 175 246 275 287 320 378 437 505 593
156:0 24 37 154 179 193 306 326 336 394 481
157:0 24 37 154 179 193 306 326 336 394 481
159:0 232 246 260 300 313 346 349 453
160:0 232 246 260 300 313 346 349 453
162:0 38 116 163 179 204 228 274 363 445
164:0 17 18 48 97 101 119 185 297 432
166:0 60 103 117 146 227
168:0 41 49 50 60 224 226 228 390 400 476
169:0 16 18 95 98 174 185 228 413 417 432 607
171:0 54 60 97 103 133 250 362 487
176:0 64 119 193 217 234 248 253 326 375 381 417 500
178:0 65 98 114 185 287 297 389 485 493 502
180:0 28 34 97 103 260 316 587 588 610
181:0 28 34 97 103 260 316 587 588 610
182:0 51 71 75 77 79 80 175 204 236 275 298 321 363 381 572 593
183:0 21 47 150 204 227 253 313 321 383 487
184:0 21 34 47 48 133 150 187 195 204 217 227 248 253 287 293 313 321 330 383 453 487
185:0 253 313
186:0 34 54 55 56 114 145 150 170 187 203 227 287 301 341 346 358 426
188:0 38 93 133 203 227 312 538 593
189:0 38 93 133 203 227 312 538 593
192:0 117 174 203 227 230 234 593
195:0 24 34 68 105 174 227 246 254 255 256 385 491 587
196:0 36 38 44 45 174 175 197 203 204 226 273 281 287 313 321 363 376 445 485 500 560 609
197:0 36 38 44 45 129 174 175 197 203 204 226 273 281 287 313 321 363 376 445 485 500 560 609
199:0 23 133 187 248 300 303 382 584
202:0 150 204 227
205:0 42 68 129 175 203 279 328 379
208:0 111 175 205 328 350 431 484 603
210:0 38 102 118 185 217 265 313 370
212:0 17 68 179 203 226 318 403 405 410 432 501
217:0 36 38 68 69 187 204 232 238 242 281 370 400 498 560 579
219:0 108 151 174 205 254 255 256 262 385 517
221:0 33 34 38 44 90 174 175 333 341 419 420 556 568
224:0 48 103 114 129 175 199 323 341 491 494
229:0 68 83 99 179 194 228 364 386 389
230:0 13 50 62 82 150 175 190 225 330 499
232:0 33 34 36 38 68 90 116 175 189 203 204 246 316 363 420 457 484 579
233:0 159
237:0 33 136 170 183 193 203 252 253 410 418
242:0 68 69 118 186 203 204 217 253 312 363 383 426
247:0 23 116 174 228 246 349 372
248:0 23 116 174 228 246 349 372
253:0 13 24 72 73 225 242 300 306 320 331 345 363 501 593
254:0 13 24 72 73 210 225 242 300 306 320 331 345 363 501 593
256:0 68 83 97 174 179 203 226 265 297 306 364 400 481
257:0 68 83 97 119 174 179 203 226 265 297 306 364 400 481
259:0 23 38 44 56 68 88 112 124 174 243 246 250 281 287 300 301 419 469
260:0 23 38 44 56 68 88 112 124 174 193 243 246 250 281 287 300 301 419 426 469
262:0 43 281 305 310 382 422 423 424 579
264:0 36 42 175 189 204 228 321 431 493 560
266:0 33 40 81 173
267:0 33 40 81 106 334
268:0 33 40 81 173
269:0 33 40 81 106 334
271:0 54 55 68 72 73 75 175 230 298 321 363
272:0 54 55 56 61 68 71 73 75 145 154 175 230 252 298 321 346 363
274:0 36 73 98 117 133 251 331 384 417 432 593
275:0 1 13 36 73 74 98 106 117 133 251 252 326 331 348 384 432 593
277:0 18 48 99 119 228 287 432 501 561
279:0 16 97 98 228 239 314 392 403 469
281:0 50 109 194 212 227 262 288 425 485 502 599
282:0 50 109 194 204 212 227 262 288 381 425 485 502
284:0 54 56 60 61 97 114 170 193 203 226 341 453 471 591 605
286:0 74 77 147 204 313 331 358 363
288:0 34 133 174 175 185 228 281 303 306 321 359 400 579
289:0 34 116 154 163 174 179 203 228 253 306 321 400 579
291:0 16 185 189 203 232 318 400 405 515
292:0 16 185 189 203 232 318 400 405 515
294:0 36 108 265 313 326 359 509 586
295:0 36 108 265 313 326 359 509 586
297:0 68 185 193 197 223 238 279 364 418 469 498
301:0 33 38 39 45 185 193 204 226 273 274 313 321 322 358 383 389 426 445 493 579
305:0 23 34 103 174 179 265 407 457
306:0 23 34 103 174 179 265 407 457
308:0 193 223 226 252 384 385 418 427 501
310:0 29 129 174 242 415 423 481 486 587
315:0 253 326 346
317:0 123 151 174 189 194 607
319:0 36 37 38 56 129 194 246 362
321:0 34 37 38 90 111 174 321 392 487 499
323:0 23 34 38 74 111 184 203 205 246 254 255 256 336 426
326:0 18 133 203 243 248 326 381 493
329:0 16 44 90 98 116 175 203 210 242 341 364
330:0 16 44 90 98 116 175 203 210 242 341 364 405 561
332:0 50 51 68 223 265 298 320 345 415 417 584 591 603
334:0 97 99 114 119 228 297 384 407
340:0 36 37 56 175 209 250 341 349
342:0 34 38 232 246 300 349 376 415 453 498
346:0 72 105 112 174 203 243 321
348:0 28 103 174 229 440 453
350:0 33 54 95 109 114 150 175 225 243 300 321 362
354:0 50 109 193 194 228 286 310 441 466
356:0 114 185 194 262 286 288 466
358:0 494
362:0 50 117 191 205 311 313 415 419 420 506
364:0 90 174 187 254 255 256 281 346 392
365:0 90 174 187 254 255 256 281 346 392
367:0 34 48 55 109 112 128 203 287 300 330 334 392 504
368:0 34 48 55 109 112 128 203 287 300 330 334 362 504
372:0 37 56 82 111 203 239 349 407 424
373:0 37 56 82 111 203 239 334 349 407
375:0 610
376:0 610
388:0 34 37 38 74 133 254 255 256 321 328 469 593
389:0 34 37 38 74 133 254 255 256 321 328 469 593
391:0 24 66 68 116 227 252 253 274 299 417 501
392:0 24 66 68 116 227 252 253 274 299 303 417 501
394:0 1 48 97 175 189 281 297 300 392 458
395:0 1 48 97 117 175 189 281 297 300 346 392 458
397:0 28 31 38 119 193 197 228 279 297 310
398:0 28 31 38 119 193 197 228 279 297 310
400:0 38 98 130 154 203 316 346 431
404:0 24 36 98 129 313 336 400 423 424 560 587
405:0 24 36 98 129 313 336 400 423 424 560 587
407:0 42 71 73 74 75 78 79 80 170 178 191 253 275 312 320 326 331 346 363 390 437 570
409:0 18 21 23 37 38 174 242 359
411:0 29 34 38 68 90 103 116 174 184 350 469 470
416:0 405
419:0 3 29 154 163 189 210 226 316 382 392 415 487 541
421:0 75 111 205 230 311 312 320 321 361 363 505 592
423:0 54 68 90 124 133 151 174 243 254 255 256 262 281 362 376 499
424:0 3 21 68 228 251 252 279 415 501
426:0 34 50 95 114 194 262 311 432 499
428:0 175 186 227 252 298 300 313 322 327 383 415 458 509 560
429:0 60 103 109 174 194 195 212 262 286 288 382 389 417 425 466 506
430:0 18 64 65 101 103 109 119 185 195 212 260 297 372 375 413
432:0 28 39 44 98 175 313 358 372 389 579
435:0 38 43 114 123 184 228 242 310 386 481 579
444:0 34 37 38 184 225 232 239 341 431
445:0 34 37 38 184 225 232 239 341 431
448:0 44 97 103 136 170 179 203 238 242 266 299 327 383 395 410 417 418 509 515
450:0 18 34 174 254 255 256 279 303
452:0 18 28 41 97 103 109 163 185 342
454:0 29 68 96 223 238 252 265 358 364 367 382 410 418 501
457:0 60 62 97 150 175 186 204 267 321 362
460:0 23 38 73 74 130 331 345 363 419
461:0 44 68 97 163 193 228 251 252 274 306 364 419 420 458 556
462:0 161
463:0 34 133 174 187 222 265 330 359 584
464:0 68 130 174 179 222 242 306 368 407 422 423 424 431 470 603
465:0 73 93 133 175 384 437 476
466:0 2 27 96 112 223 238 253 359 364
467:0 2 5 103 112 116 183 187 223 238 253 384 394 584
468:0 38 45 64 118 119 186 193 204 217 226 227 234 246 248 253 266 273 281 326 345 375 381 417 500 516 565
469:0 17 18 38 95 141 179 185 318
470:0 36 38 44 45 129 174 175 197 203 204 226 273 281 287 313 321 363 376 445 485 500 560 609
471:0 36 38 45 129 174 175 197 203 204 226 273 281 287 313 321 363 376 445 485 500 560 609
472:0 13 17 38 40 68 97 163 226 232 328 342 364 379 431 440
473:0 31 33 34 38 44 90 133 174 175 333 341 419 420 556 568
474:0 111 159 472
475:0 45 50 95 109 194 196 204 212 227 248 262 286 288 345 381 425 485 502 564 586 599
476:0 38 88 106 203 205 222
477:0 114 185 194 262 286 288 466
478:0 29 44 50 117 191 205 242 311 313 415 419 423 506
496:0 137 212 228 230 239 243 345 363 445 593
497:0 137 212 228 230 239 243 345 363 445 593
499:0 34 37 174 222 281 389 484
500:0 34 37 174 222 281 389 484
502:0 103 197 362 372 376 383 400 403
503:0 103 197 362 372 376 383 400 403
505:0 103 175 193 228 279 372 526
507:0 28 122 189 203 204 228 281 336 422 423 424 560
508:0 28 122 189 203 204 228 281 336 560
510:0 6 185 204 227 281 313 383 445
512:0 10 22 44 73 242 310 320 321 331 345 363 417 437 580 586
514:0 10 44 83 133 242 281 310 321 363 417 580 586
516:0 10 44 55 56 242 300 310 321 346 362 363 392 417 580 586
518:0 49 112 129 149 171 174 226 236 248 281 286 361 477 485 500
520:0 95 234 273 381 400 516
521:0 95 234 273 381 400 516
523:0 24 28 36 38 99 103 203 382
525:0 36 174 199 222 469 475 484
526:0 36 174 199 222 469 475 484
528:0 48 204 260 313 375 445 485 500 607
530:0 66 130 306 319 431
533:0 4 68 179 183 193 197 203 265 395 469
534:0 4 68 179 183 193 197 203 265 395 469
536:0 54 287 300 426
537:0 54 287 300 426
541:0 13 97 103 170 175 203 226 293 318 382 403 405 605
542:0 13 97 103 170 175 203 226 293 318 320 382 403 405 605
544:0 36 41 42 191 390
545:0 36 41 42 191 390
547:0 71 75 77 78 204 227 251 262 313 320 321 363 415 445 538 565
549:0 71 78 79 117 203 204 230 275 312 320 345 361 363 437 494
552:0 38 68 116 212 228 251 382 422 424 431
553:0 37 38 68 116 212 228 251 382 422 424 431
555:0 36 116 172 203 227 281
558:0 68 174 191 203 210 328 400 469 603
560:0 68 133 197 252 349 501
563:0 171 203 262 286 313 377 390 417 502
565:0 21 34 88 175 250 385
567:0 44 415 432 457 502
569:0 28 36 114 120 174 191 205 300 350
571:0 68 197 262 313 326 383 389 445
573:0 1 3 21 39 129 175 189 203 204 227 313 358 445 560
575:0 212 243 357 445 505
576:0 212 243 357 445 505
578:0 101 109 151 286 310
579:0 101 109 151 286 310
581:0 16 119 300 314 362 381 382
583:0 181 286 363 420 475
584:0 181 286 363 420 475
586:0 97 226 313 316 320 363
589:0 30 36 68 103 175 184 185 203 210 224 228
591:0 34 77 78 111 203 205
593:0 54 109 132 151
596:0 40 42 50 185 228 293 431 440
598:0 73 191 331 491
603:0 33
604:0 33 209 491
606:0 50 100 112 310 322 384 385 417 502
608:0 51 114 151 203 445 471 499
609:0 51 52 83 101 107 114 151 174 203 262 286 310 445 471 499 517
611:0 13 68 106 116 179 203 400
612:0 13 68 106 116 179 203 400
614:0 204 227 281 372 400 419 579
617:0 34 38 51 117 151 170 174 189 191 203 226 227 228 281 364 385 470
620:0 203 226 233 265 364 382 501 502
625:0 29 212 228 279 389 427 501
630:0 184 212 313
634:0 33 103 310 372 422 423 424 457
635:0 33 103 310 372 422 423 424 457 458
637:0 36 38 106 193 203 234
651:0 111 174 187 191 501
652:0 111 174 191 501
654:0 95 273
655:0 95 273
657:0 170 293 300 346 390 516
658:0 170 293 300 346 390 516
660:0 3 111 191 205
662:0 501
663:0 501
665:0 33 77 78 81 476
666:0 33 81 106 334 476
666:18 33 81 106 334 476
668:0 83 281 494
670:0 293 383 445
671:0 22 33 75 293 383 445 565
673:0 111 205
675:0 382 480 501
678:0 112 274 281
678:1 112 271 274 281 586
680:0 194 469
681:0 33 194 319 469
683:0 50 273 287 445
685:0 187 281 383
687:0 194 260 293 471 493 608
689:0 321 346 415
691:0 114 151 390 579 607
693:0 203 494
695:0 1 39 84 97 137 189 293 588
697:0 174 305 349 422 423 424
699:0 112 114 243 435
700:0 36 38 44 45 174 175 197 203 204 226 273 281 287 313 321 363 376 445 485 500 560 609
705:0 68 151 174 203 342
706:0 68 151 174 203 342
709:0 286 288 516 607
711:0 50 194 516
713:0 54 112 243
715:0 415
