0 0
7 4
8 4
9 4
12 9
14 2
18 12
20 4
28 2
32 9
34 4
35 4
39 2
40 4
41 4
43 2
45 2
46 12
47 1
48 1
50 13
51 6
52 4
53 4
54 11
58 4
59 4
60 4
61 6
62 6
71 8
72 8
73 1
74 2
77 1
78 1
79 1
81 2
83 4
84 4
85 4
86 1
87 4
90 9
92 1
93 4
94 6
95 1
96 2
97 2
100 13
102 13
103 2
104 2
105 3
106 2
107 2
108 2
109 1
110 2
111 2
112 2
113 11
114 10
115 11
116 13
118 13
119 13
122 4
123 4
124 4
126 4
128 4
132 6
133 2
134 2
135 3
137 1
138 8
139 1
141 8
142 1
144 13
145 6
146 4
147 1
148 2
150 13
151 2
156 13
159 2
160 13
161 4
164 13
166 13
169 13
170 13
171 1
172 4
174 13
176 13
178 2
180 13
181 4
182 13
184 2
186 1
187 13
188 4
189 6
190 6
191 11
192 4
193 1
194 13
195 1
196 6
197 13
199 13
201 10
202 8
203 13
204 2
207 5
208 3
209 4
211 7
212 13
213 1
214 13
215 13
219 11
220 13
221 4
223 4
225 4
226 13
227 13
230 2
231 6
232 7
234 3
235 3
236 3
240 10
241 10
242 6
244 13
246 7
247 6
248 13
249 6
250 4
254 13
256 3
257 4
258 10
259 1
260 5
261 1
262 13
266 13
267 13
268 2
269 13
270 13
271 13
272 13
273 13
274 13
275 1
276 7
277 13
278 13
281 1
285 13
286 13
287 13
288 13
289 13
293 13
294 2
295 6
296 6
297 2
298 1
299 4
300 10
303 3
305 4
306 6
309 7
312 13
313 2
315 7
316 1
317 6
318 7
319 2
320 1
321 2
322 2
324 4
328 4
329 9
330 6
334 2
335 13
336 2
339 2
340 4
341 6
342 4
344 4
346 10
347 2
349 2
352 4
353 13
354 7
355 3
356 10
357 1
359 7
361 13
366 11
367 13
370 7
373 1
375 13
377 1
379 13
380 13
381 11
383 13
384 13
385 13
388 13
390 11
391 13
392 13
393 13
394 4
395 4
397 2
398 4
405 6
409 8
411 6
412 6
414 6
415 13
417 2
422 4
423 4
424 4
426 6
429 6
430 6
431 4
432 13
433 10
434 7
435 4
436 4
437 7
440 4
441 4
445 2
446 11
448 4
451 7
455 2
456 3
461 13
463 4
464 1
465 6
466 7
