0 0
7 4
8 3
9 1
20 8
34 1
35 8
40 5
41 5
47 2
48 6
50 13
52 4
53 4
58 3
59 3
60 6
73 18
77 5
78 1
79 2
83 8
84 1
85 1
86 1
87 1
92 5
93 6
95 2
109 6
122 1
123 5
124 5
126 4
128 8
137 1
139 5
142 2
146 6
147 2
161 -1
171 9
172 4
181 3
186 6
188 5
192 1
193 17
195 20
207 6
209 1
213 7
221 4
223 6
225 1
250 8
257 4
259 12
260 6
261 4
275 21
281 14
298 6
299 4
305 5
316 17
320 2
324 6
328 8
340 1
342 5
344 1
352 6
357 17
373 19
377 15
394 4
395 1
398 5
422 1
423 3
424 4
431 6
435 1
436 4
440 5
441 5
448 6
463 8
464 2
