0 0
7 10
8 10
9 10
20 100
29 30
34 30
35 100
40 30
41 20
44 30
51 10
52 10
53 10
58 10
59 10
60 10
61 10
62 10
83 100
84 10
85 10
87 30
93 10
122 30
123 40
124 30
15 10
126 10
128 100
130 100
132 10
145 10
146 20
158 10
161 20
172 10
181 10
188 30
192 100
196 100
209 30
221 50
223 100
225 30
231 10
239 20
242 20
246 10
250 100
257 10
290 30
295 50
299 10
305 30
306 50
310 30
324 10
326 10
328 100
340 30
342 10
344 10
352 20
394 10
395 30
398 30
399 20
403 30
405 10
407 20
411 10
412 10
414 10
422 10
423 10
424 10
430 10
431 20
435 30
436 30
440 10
441 30
442 30
448 31
451 70
463 100
466 10
