0
73
73
73
201
201
72
201
201
201
73
73
73
74
32
73
2120
2121
8264
2635
73
73
73
73
73
73
585
73
88
73
73
73
73
73
73
73
73
73
73
88
72
72
72
88
73
344
8520
344
344
72
8264
72
72
72
32
72
72
72
72
72
72
72
72
76
2121
2121
73
73
1
73
73
72
72
88
32
72
74
88
88
88
73
88
72
72
72
72
88
72
72
72
72
75
88
72
72
88
32
32
73
73
0
72
8200
344
32
4128
32
32
88
88
32
32
32
32
0
32
32
9
0
0
72
72
73
72
72
72
72
73
73
72
75
72
73
32
88
4128
585
88
72
88
72
73
88
2122
0
72
201
88
88
72
512
32
73
72
73
72
4128
72
73
32
0
72
73
73
32
9
8192
73
73
88
72
72
1097
328
0
73
8192
2120
88
73
8264
72
0
201
88
73
88
32
72
72
72
0
72
8264
8192
10496
72
0
72
72
73
0
72
0
88
73
73
88
4128
73
73
73
88
8280
0
288
73
72
73
32
72
1096
72
201
73
72
0
8264
73
73
88
73
73
73
4128
4128
4128
72
73
72
0
0
73
0
8224
73
72
72
0
73
72
72
73
328
32
8
4096
72
8
8264
88
88
72
73
137
73
0
0
0
8264
8192
72
8192
4128
0
32
73
0
32
73
73
88
73
73
72
8264
8192
32
8192
8192
72
75
73
32
32
72
72
88
72
73
0
73
73
4128
328
73
73
76
76
201
73
72
32
88
72
72
8264
72
72
344
344
88
32
72
72
201
72
201
72
72
72
72
2121
72
32
88
32
73
76
32
2635
72
73
73
73
72
0
32
73
32
72
72
2120
0
72
4128
0
8264
73
201
73
4096
72
72
0
2121
32
32
64
73
73
73
73
72
72
72
73
88
73
0
72
0
8200
0
8264
8264
73
73
88
73
0
8264
0
512
1097
73
2120
32
73
2120
73
73
72
2120
73
328
2120
73
72
201
72
72
72
2121
72
72
77
32
201
73
72
73
73
73
73
73
72
72
73
72
72
73
8264
64
72
72
72
72
73
76
73
72
73
72
72
88
0
73
2312
72
73
72
73
73
72
32
4128
73
73
76
72
4096
73
72
88
72
72
67
32
32
8
8
64
72
72
32
0
600
64
72
73
72
72
32
73
72
72
88
73
32
73
72
73
88
88
8192
328
328
73
72
72
32
0
1096
32
6168
72
2635
32
73
72
72
2121
8200
73
9
72
72
72
72
72
72
72
72
72
73
32
72
73
73
73
73
73
73
73
73
72
73
32
72
72
73
2120
73
73
72
72
328
72
72
73
72
72
74
74
328
72
73
1096
72
