1 1
2 1
3 1
4 1
5 1
6 1
10 1
11 1
13 1
15 1
16 1
17 1
19 1
20 1
21 1
22 1
24 1
25 1
26 1
27 1
30 1
31 1
33 1
35 1
36 1
37 1
38 1
42 1
49 1
55 1
56 1
57 1
63 1
64 1
65 1
66 1
67 1
69 1
70 1
75 1
76 1
80 1
82 1
83 1
88 1
89 1
91 1
98 1
99 1
101 1
117 1
120 1
121 1
127 1
128 1
129 1
130 1
131 1
136 1
140 1
143 1
149 1
152 1
153 1
154 1
155 1
163 1
165 1
167 1
173 1
175 1
177 1
179 1
183 1
185 1
198 1
200 1
205 1
206 1
210 1
211 1
216 1
218 1
222 1
224 1
225 1
229 1
233 1
237 1
238 1
239 1
245 1
250 1
251 1
253 1
255 1
279 1
280 1
283 1
284 1
291 1
292 1
301 1
307 1
308 1
309 1
311 1
314 1
315 1
318 1
324 1
325 1
327 1
328 1
330 1
331 1
332 1
333 1
337 1
338 1
340 1
341 1
342 1
344 1
345 1
348 1
350 1
351 1
352 1
354 1
358 1
359 1
360 1
362 1
365 1
369 1
370 1
371 1
372 1
376 1
378 1
386 1
387 1
389 1
395 1
396 1
398 1
399 1
400 1
401 1
402 1
403 1
404 1
406 1
407 1
408 1
409 1
410 1
413 1
414 1
416 1
418 1
419 1
420 1
421 1
422 1
423 1
424 1
425 1
426 1
427 1
428 1
429 1
430 1
431 1
434 1
435 1
436 1
437 1
438 1
439 1
440 1
441 1
442 1
443 1
444 1
447 1
449 1
450 1
451 1
452 1
453 1
454 1
457 1
458 1
459 1
460 1
462 1
463 1
465 1
466 1
467 1
