0
40
50
15
18
80
40
75
75
75
40
55
1
80
0
50
40
60
0
90
15
80
35
65
30
120
85
60
0
70
65
15
1
35
85
15
90
90
120
0
15
25
14
0
60
0
0
0
0
1
0
40
40
95
0
40
120
95
95
120
65
65
65
150
35
80
80
1
1
1
80
20
40
0
0
55
120
0
0
0
90
0
1
15
40
95
0
120
50
100
1
80
0
50
90
0
0
0
40
20
0
1
0
0
0
0
0
0
0
0
0
0
0
0
0
0
0
1
0
0
200
100
20
20
65
65
120
80
35
60
100
20
10
0
0
0
100
0
100
0
15
20
0
140
0
20
70
0
0
1
0
0
90
250
18
50
0
75
80
0
0
80
1
70
0
50
0
10
40
0
0
0
60
40
0
1
0
100
0
1
0
40
0
40
0
60
0
0
90
20
65
0
120
0
0
0
55
0
25
0
120
0
60
0
0
30
40
0
0
65
10
70
0
0
0
0
1
1
1
0
0
100
1
100
120
60
0
0
40
20
0
100
50
70
0
0
0
1
100
40
0
0
80
1
0
80
60
80
80
40
15
1
40
50
0
1
0
100
0
0
0
0
0
70
150
60
0
0
0
0
0
0
0
0
0
0
120
0
0
60
75
0
20
1
150
0
0
0
0
0
70
80
15
0
0
70
70
0
0
85
0
30
60
0
90
50
75
150
150
100
30
50
0
0
55
140
0
50
60
0
0
0
0
150
75
60
80
85
15
1
95
10
60
10
0
0
0
80
150
0
85
55
50
40
120
60
0
0
90
0
25
60
60
120
140
0
0
0
60
100
1
0
65
1
50
60
0
0
1
70
120
50
50
0
1
0
1
0
1
0
0
0
1
0
0
0
1
130
0
80
0
0
0
0
120
60
90
0
80
80
70
90
80
75
80
90
90
100
70
60
40
120
80
120
90
0
150
0
40
60
40
70
65
65
65
40
65
70
80
65
80
90
0
0
140
80
80
140
120
150
70
120
80
60
100
0
0
1
60
100
60
50
120
40
90
0
0
150
35
150
100
0
1
120
0
120
60
120