0 0
1 1
2 1
3 1
4 1
5 1
6 1
7 1
8 1
9 1
10 1
11 1
12 1
13 2
14 0
15 1
16 2
17 1
18 0
19 1
20 1
21 1
22 1
23 1
24 1
25 1
26 1
27 1
28 0
29 1
30 1
31 1
32 1
33 1
34 1
35 1
36 1
37 1
38 1
39 0
40 1
41 1
42 1
43 0
44 1
45 0
46 0
47 0
48 0
49 2
50 0
51 2
52 2
53 2
54 0
55 2
56 2
57 2
58 2
59 2
60 2
61 2
62 2
63 2
64 1
65 1
66 1
67 1
68 1
69 1
70 1
71 2
72 2
73 0
74 0
75 1
76 2
77 0
78 0
79 0
80 2
81 0
82 2
83 2
84 2
85 2
86 0
87 2
88 1
89 1
90 1
91 1
92 0
93 2
94 2
95 0
96 0
97 0
98 1
99 1
100 0
101 2
102 0
103 0
104 0
105 0
106 0
107 0
108 0
109 0
110 0
111 0
112 0
113 0
114 0
115 0
116 0
117 1
118 0
119 0
120 1
121 1
122 1
123 2
124 2
125 1
126 2
127 1
128 1
129 2
130 1
131 1
132 1
133 0
134 0
135 0
136 1
137 0
138 2
139 0
140 1
141 1
142 0
143 1
144 0
145 2
146 1
147 0
148 0
149 2
150 0
151 0
152 1
153 1
154 1
155 1
156 0
157 1
158 1
159 0
160 0
161 2
162 1
163 1
164 0
165 1
166 0
167 1
168 1
169 0
170 0
171 0
172 1
173 2
174 0
175 1
176 0
177 2
178 0
179 1
180 0
181 2
182 0
183 1
184 0
185 1
186 0
187 0
188 2
189 2
190 2
191 0
192 2
193 0
194 0
195 0
196 2
197 0
198 1
199 0
200 1
201 0
202 2
203 0
204 0
205 1
206 1
207 0
208 0
209 1
210 1
211 1
212 0
213 0
214 0
215 0
216 1
217 1
218 1
219 0
220 0
221 1
222 1
223 1
224 1
225 2
226 0
227 0
228 1
229 1
230 0
231 1
232 1
233 1
234 0
235 0
236 0
237 2
238 1
239 2
240 0
241 0
242 1
243 2
244 0
245 1
246 2
247 2
248 2
249 1
250 2
251 1
