0 0
1 1
2 1
3 1
4 1
5 1
6 1
10 1
11 1
13 1
15 1
17 1
19 1
21 1
22 1
24 1
25 1
26 1
30 1
31 1
33 1
36 1
37 1
38 1
41 1
42 1
49 1
55 1
56 1
57 1
64 1
65 1
66 1
68 1
69 1
70 1
71 1
72 1
75 1
76 1
80 1
82 1
88 1
91 1
98 1
99 1
101 1
117 1
120 1
121 1
127 1
129 1
130 1
131 1
136 1
140 1
141 1
143 1
149 1
152 1
153 1
154 1
155 1
162 1
163 1
165 1
167 1
168 1
173 1
175 1
177 1
179 1
183 1
185 1
198 1
200 1
202 1
205 1
206 1
210 1
216 1
217 1
218 1
222 1
224 1
228 1
229 1
233 1
237 1
238 1
243 1
245 1
251 1
