0
40
50
15
18
80
40
75
75
75
40
55
1
80
0
50
40
60
0
70
15
80
35
65
30
120
70
60
0
70
65
15
1
35
85
15
90
90
120
0
15
25
14
0
60
0
0
0
0
1
0
40
40
95
0
40
120
95
95
120
65
65
65
150
35
80
80
50
1
1
80
20
40
0
0
55
120
0
0
0
70
0
1
15
40
95
0
120
50
100
1
60
0
50
90
0
0
0
40
20
0
1
0
0
0
0
0
0
0
0
0
0
0
0
0
0
0
1
0
0
200
100
20
20
65
65
120
80
35
60
100
20
10
0
0
0
85
0
100
0
15
20
0
140
0
20
70
0
0
1
0
0
90
250
18
50
0
75
80
0
0
80
1
70
0
50
0
10
40
0
0
0
60
40
0
1
0
100
0
1
0
40
0
40
0
60
0
0
90
20
65
0
100
0
0
0
55
0
25
0
90
0
60
0
0
30
40
0
0
65
10
70
0
0
0
0
1
1
1
0
0
100
1
100
120
60
0
0
40
20
0
100
50
70
0
0
0
1
100
40
0
0
80
1
0
80
60
80
80
20
15
1