0 0
1 35
2 25
3 10
4 15
5 20
6 20
7 15
8 15
9 15
10 35
11 30
12 5
13 10
14 30
15 30
16 35
17 35
18 20
19 15
20 20
21 20
22 15
23 20
24 30
25 5
26 25
27 15
28 15
29 15
30 25
31 20
32 5
33 35
34 15
35 20
36 20
37 20
38 15
39 30
40 35
41 20
42 20
43 30
44 25
45 40
46 20
47 15
48 20
49 20
50 20
51 30
52 25
53 15
54 30
55 25
56 5
57 15
58 10
59 5
60 20
61 20
62 20
63 5
64 35
65 20
66 25
67 20
68 20
69 20
70 15
71 20
72 10
73 10
74 40
75 25
76 10
77 35
78 30
79 15
80 20
81 40
82 10
83 15
84 30
85 15
86 20
87 10
88 15
89 10
90 5
91 10
92 10
93 25
94 10
95 20
96 40
97 30
98 30
99 20
100 20
101 15
102 10
103 40
104 15
105 20
106 30
107 20
108 20
109 10
110 40
111 40
112 30
113 30
114 30
115 20
116 30
117 10
118 10
119 20
120 5
121 10
122 30
123 20
124 20
125 20
126 5
127 15
128 10
129 20
130 15
131 15
132 35
133 20
134 15
135 10
136 20
137 30
138 15
139 40
140 20
141 15
142 10
143 5
144 10
145 30
146 10
147 15
148 20
149 15
150 40
151 40
152 10
153 5
154 15
155 10
156 10
157 10
158 15
159 30
160 30
161 10
162 10
163 20
164 10
165 1
166 1
167 10
168 10
169 10
170 5
171 15
172 25
173 15
174 10
175 15
176 30
177 5
178 40
179 15
180 10
181 25
182 10
183 30
184 10
185 20
186 10
187 10
188 10
189 10
190 10
191 20
192 5
193 40
194 5
195 5
196 15
197 5
198 10
199 5
200 15
201 10
202 5
203 10
204 20
205 20
206 40
207 15
208 10
209 20
210 20
211 25
212 5
213 15
214 10
215 5
216 20
217 15
218 20
219 25
220 20
221 5
222 30
223 5
224 10
225 20
226 40
227 5
228 20
229 40
230 20
231 15
232 35
233 10
234 5
235 5
236 5
237 15
238 5
239 20
240 5
241 5
242 15
243 20
244 10
245 5
246 5
247 15
248 15
249 15
250 15
251 10
