0
0
0
0
0
0
0
0
0
0
0
0
0
5
7
0
0
0
0
0
0
0
0
0
0
0
0
0
0
0
0
0
0
0
0
0
0
9
0
5
0
0
0
5
0
5
0
0
0
0
0
5
0
0
12
0
0
5
0
5
0
0
0
0
0
0
0
0
13
0
0
0
0
0
7
5
0
0
0
0
9
5
0
0
0
0
0
0
0
4
0
0
0
0
0
0
7
7
0
0
7
0
0
0
7
7
7
7
0
0
7
7
7
12
10
12
7
7
7
0
4
0
0
0
0
0
0
0
0
5
0
0
0
7
0
7
0
0
0
0
0
0
0
0
0
5
0
0
0
0
7
7
0
4
0
0
7
5
0
7
7
0
0
0
7
0
0
0
0
0
0
0
0
0
13
0
0
0
0
0
0
5
7
0
0
0
0
7
0
0
0
11
0
0
7
8
5
7
0
0
9
10
0
7
0
0
0
0
7
0
0
0
0
0
7
6
0
0
0
12
0
0
4
0
0
0
7
0
0
0
5
0
0
0
7
7
7
0
0
5
10
10
0
13
0
0
0
0
0
0
0
0
0
9
7
0
7
5
10
0
0
0
0
0
0
0
7
13
7
0
2
0
0
7
7
7
0
7
7
0
0
0
0
0
5
0
7
7
7
7
0
0
0
7
7
0
0
0
4
0
10
0
0
7
5
0
0
0
0
0
0
0
6
0
5
0
0
0
0
0
0
0
7
5
0
0
0
0
0
0
5
0
0
0
7
0
7
0
0
7
0
0
0
0
0
0
10
7
0
7
0
0
0
0
0
7
10
0
0
0
0
7
0
0
0
0
12
1
13
0
0
0
0
0
0
0
0
5
0
7
0
12
3
7
0
0
0
0
0
0
11
0
7
7
0
0
0
7
0
0
0
0
0
0
0
0
0
0
0
0
0
0
0
0
0
0
0
7
0
0
0
0
0
0
0
0
0
0
0
0
0
0
0
10
0
4
4
0
0
0
0
0
0
0
0
5
11
0
0
0
0
0
0
0
0
7
7
0
0
0
0
7
0
0
5
0
0
0
7
12
0
0
10
0
0
7
7
0
10
0
0
0
4
7
0
4
0
0
0
7
0
0
0
0
0
0
0
0
0
0
0
12
7
0
7
0
0
0
7
0
5
0
0
0
0
0
0
0
0
0
0
0
5
4
0
0
7
5
0
0
0
0
0
0
0
0
0
0
7
0
0
0
0
0
0
4
0
5
0
5
0
0
0
0
0
5
0
0
0
0
