0 0
1 0
2 0
3 0
4 0
5 0
6 0
7 0
8 0
9 0
10 0
11 0
12 0
13 0
14 131072
15 0
16 0
17 0
18 0
19 0
20 0
21 0
22 0
23 0
24 0
25 0
26 0
27 0
28 16711680
29 0
30 0
31 0
32 0
33 0
34 0
35 0
36 0
37 0
38 0
39 16711680
40 0
41 0
42 0
43 16711680
44 0
45 16711680
46 0
47 0
48 0
49 0
50 0
51 16711680
52 0
53 0
54 0
55 0
56 0
57 0
58 0
59 0
60 0
61 16711680
62 16711680
63 0
64 0
65 0
66 0
67 0
68 0
69 0
70 0
71 0
72 0
73 0
74 65536
75 0
76 0
77 0
78 0
79 0
80 0
81 16711680
82 0
83 0
84 0
85 0
86 0
87 0
88 0
89 0
90 0
91 0
92 0
93 0
94 16711680
95 0
96 65536
97 131072
98 0
99 0
100 0
101 0
102 0
103 16646144
104 65536
105 0
106 65536
107 65536
108 16711680
109 0
110 65536
111 65536
112 131072
113 0
114 0
115 0
116 0
117 0
118 0
119 0
120 0
121 0
122 0
123 0
124 0
125 0
126 0
127 0
128 0
129 0
130 0
131 0
132 16711680
133 131072
134 16711680
135 0
136 0
137 0
138 0
139 0
140 0
141 0
142 0
143 0
144 0
145 16711680
146 0
147 0
148 16711680
149 0
150 0
151 131072
152 0
153 0
154 0
155 0
156 0
157 0
158 0
159 65536
160 0
161 0
162 0
163 0
164 0
165 0
166 0
167 0
168 0
169 0
170 0
171 0
172 0
173 0
174 0
175 0
176 0
177 0
178 16646144
179 0
180 0
181 0
182 0
183 0
184 16646144
185 0
186 0
187 0
188 0
189 16711680
190 16711680
191 0
192 0
193 0
194 0
195 0
196 16711680
197 0
198 0
199 0
200 0
201 0
202 0
203 0
204 16646144
205 0
206 0
207 131072
208 0
209 0
210 0
211 65536
212 0
213 0
214 0
215 0
216 0
217 0
218 0
219 0
220 0
221 0
222 0
223 0
224 0
225 0
226 0
227 0
228 0
229 0
230 16711680
231 16711680
232 65536
233 0
234 0
235 0
236 0
237 0
238 0
239 0
240 0
241 0
242 16711680
243 0
244 0
245 0
246 65536
247 16711680
248 0
249 16711680
250 0
251 0
