1:0 275 174 113 437 80 320 219|204 80 133|174 345 437 80 219|275 437 267 80 438 133|275 345 80 438|174 124 80|174 113 437 80 133 219|174 130 80|275 345 113 437 267 80 320 219|174 80 438 133|275 130 113 80 320 219|204 345 437 80 219
4:0 394 242 349 44 200 407|394 242 232 200 407|68 394 349 44 232 200|68 394 242 246 200 407|68 394 242 246 349 44 200|394 246 232 200 407|68 394 246 44 232 200|394 242 44 200 251|394 242 246 349 44 232 200|68 394 44 232 200 251|187 68 394 242 200|187 68 394 232 200
7:0 54 193 287|243 193 330 300 287|54 193 114|392 330 300 287|392 54 175 300 114 287|392 54 175 281 300 453|392 453 287|193 330 281 300 287|54 175 252|392 243 175 300 287|54 330 281 300 114|392 453 252|392 54 243 175 287|193 281 453 287
16:0 193 185|413 228 185|413 193
19:0 68 103 154 172 207 382 179 44 387 253
21:0 18 143 184|18 310 143 297 98|18 310 143 98 185 253|206 310 143 253|143 161 98 185 253|206 143 297 98 253|18 143 297 98 185 253|18 310 143 297 185 253
23:0 342 21 228 415 180 251 184 50 305
27:0 68 306 341 157 175 229 400 232 14 219
29:0 68 204 36 228 130 251 48 116 50
32:0 68 36 93 251 48 133 389 457 50
37:0 257 326 394 412 175 244 95 180 384 336 185 50
41:0 18 413 228 98 185 16|18 413 228 417 185|174 98 16|18 95 185
43:0 275 175 321|275 298|275 75 321|204 75|75 298|275 175 75
46:0 68 228 232 113 97 440|68 175 230 113 440|68 103 232 97 440|68 103 60 440|103 60 113 97 440|68 60 113 440|68 230 60 440|103 175 440|103 228 440|230 60 97 440
48:0 103 226 97|226 97 390|97 234|103 97 390
50:0 103 426 157 310 228 246 179 251 185 253
52:0 204 274 39 175 244 95 180 316 386 387 133
54:0 238 426 193 227 109 60 94 281 95 248 113 287
56:0 68 157 193 227 279 179 265 96 251 370
58:0 34 257 37 394 38 242 234 336 83 219
60:0 170 301 150|170 283 301|170 54 114 150 287|170 227 301|170 227 150 287|170 54 227 114|170 54 283 287
63:0 379 385|227 112 385
66:0 68 227 370|68 418 265 370|68 27 96 113|379 418 96 113|68 418 27 96 370|68 379 96 113|68 227 96 113|68 227 265
69:0 275 345 321|275 345 115|227 115|275 115 321|275 227|275 311 345
72:0 62 114|243 109 219|109 229|330 114|109 367|229 62
74:0 359 5 175|174 175
77:0 204 172 37 38 24 95 234 32
79:0 187 23 382|23 300
83:0 119 189 343 174 175 193 211 297 348 400 98 16
84:0 119 413 114 185|413 114 48 185|119 175|119 48
86:0 255 256 324 122 21 227 195 333 252 32 50 254
88:0 255 256 174 254|255 256 114 254|325 122 174 212 114|425 325 174 212 286
90:0 341 103 229 61|103 229 350|103 112 350 61|103 229 61 112|341 61 350
92:0 114 149 288|310 50 288|310 114 50|310 149 50|310 195 149 288
95:0 175 111 350
96:0 274 427|427 112 385
98:0 114 321|133 321
102:0 275 381 437 236|381 267 437|275 174 437|275 384 267 437
104:0 442 103 246|442 187 103|442 195 246|442 246 130|103 24 197
108:0 187 34 174 133|34 222 359 174|34 359 174 330|34 265|359 265
109:0 103 174 60 149 288
111:0 68 306 222 157 174 242 179 130 14 422 423 407 424
113:0 312 118|68 217 118
114:0 73 384 437 267 133|175 267|73 93 384 267 437|73 283 267 437|175 437
115:0 68 359 38 23 193|306 68 38 219|306 68 359 38 23|68 38 23 219 50|359 38 23 116|38 193 219|359 23 50|68 38 116 50
116:0 62 50|225 82|62 150|225 175 150|175 82 150|190 175 62
118:0 34 56 300|56 60|56 114|60 114
122:0 358 417 252|109 417 252|298 95 252|417 95 248
123:0 68 179|179 405|226 113 405 219|68 226 113 405|68 226 113 219
127:0 364 98 185|175 364 370 31|175 364 185
131:0 174 321|174 90 287|174 32|174 193 287|287 321
133:0 204 273 343 174 175 313 281 197 321 203
138:0 21 61 114 48|21 330 114|21 62|378 330 61 114 48 390|191 61 62 48 390|378 61 62 114 48 390
140:0 175 109|103 175 61 62|175 229|103 229 61 62|103 109 229 61
142:0 225 228|18 228 372|18 193|174 193
143:0 18 174 228|18 38 228|204 68 38|174 38 228|68 174 38 90|68 38 228
147:0 113 48|54 48|114 48|54 113|54 225 114
152:0 68 275 73 320|275 73 22 437 267 320|275 378 175 22 267|275 378 73 22 267 437|68 275 175 22 267|68 73 22 320|68 275 73 22 267|68 378|68 73 437|275 378 175 22 437
155:0 306 154 37 326 343 394 38 193 24 179 98 336
158:0 346 453 300 232 337|349 232 337
161:0 204 274 343 38 228 179 163 164 387 116 271
163:0 119 17 143 97 48|143 97 48 185|17 18 143 97 48|17 18 143 48 185|119 17 18 143 297 185 101|119 17 18 143 297 97 185|119 143 297 97 48
165:0 227 117|103 60|103 117
167:0 226 60 50 390|228 49|226 228 390
170:0 103 60|54 133|103 97|60 97
172:0 273 3 344 175 227 9 179 217 268 252 117 321
173:0 102 312 118|313 150 118|312 150 118|102 273 343 313 118|102 150 133 118|102 273 217 118|187 102 133 118
174:0 217 185|273 343 313 185|273 217
175:0 375 381 248 64|381 217|417 217|119 375 326 193 64|119 375 417 64|248 217
177:0 297 98 287|114 98 65 185|297 98 65 185|297 114 287|297 114 65 185
179:0 34 103 36 260 316 28 115 268 219
183:0 34 195 453|113 48|34 195 113|453 48|34 248 453 113 133 287|34 48 133|187 34 195 287|34 248 113 217|187 34 113 133
185:0 120 106 328 111
187:0 38 244 312|38 244 93 115|312 244 227 115|38 244 227 115 133|38 312 115
190:0 68 340 103 3 343 21 228 180 97 251 252
191:0 174 230|227 230|230 267
193:0 364 179|141 364 185|18 364
194:0 34 68 255 256 105 174 227 24 246 300 219 254
198:0 119 18 143 297 65|375 143 109 297 65|103 18 413 109 143|119 18 413 143 297|119 413 143 65|119 375 18 143 297|119 143 195 297
200:0 103 174 194 262|425 103 174 262 286|425 103 174 194 286|425 174 262 194 417 286
203:0 273 36 243 277 193 244 24 248 13 251 133
204:0 68 328 129 390|379 328 129 390|328 175 129 390|68 42 129 390|68 175 279 390
206:0 376 173 157 174 310 277 246 44 29 97 117
207:0 38 328 364 400|68 38 328 400|68 17 38 226 364 400 232 97 13|68 38 400 440|68 400 232 97 440|38 379 328 400
209:0 173 242 265 215 115 217 370 422 185 423 118 424
211:0 175 453|175 61 114 48
213:0 189 230|189 328 282|189 282 367|230 282
214:0 38 175 279 117|206 106 38 175 279|206 106 38 228|206 117
215:0 68 306 274 193 228 8 44 180 386 420 115 252 458
216:0 68 187 238 69 36 38 242 313 281 400 214 232 370
218:0 255 256 174 262 151 254|174 108 262
220:0 34 341 36 38 157 174 90 246 44 333
222:0 54 174 109|103 109 112|54 267|54 174 133|275 174 109 133|103 109 133|103 112 333|275 109 112 133
223:0 190 175 350 114 48|103 190 175 350 48|323 190 350
225:0 8 229 248 62 301 420 98 150 252
226:0 21 150|239 243 346 300 150|21 346|239 21 114|239 346 300 114 150|21 300 114
227:0 385 65|413 228 65 372|18 228 65 372|18 413 228 372
228:0 68 261 228 364 179 417 180 386 251 99 422 83 424
231:0 34 68 173 90 246 283 420 116 457
234:0 37 207 224 326 428 244 24 44 180 50
236:0 170 136 68 229 418 183
238:0 417 96 252|273 417 96|273 252
239:0 223 364 27 96|223 112 96|238 223 2 27 96|238 364
240:0 394 183|238 187 223 5|223 5 183|103 223 5 112|238 103 223 2 5
241:0 69 359 38 174 244 179 146 214 386 217 270 203
246:0 174 23 228 334 200 116 372|23 349 334 200
252:0 345 73 437 320|242 225 437|242 300 437|306 242 437|345 73 437 13|24 437|242 73 437
255:0 68 306 207 157 226 364 297 179 400 265 97 387 203
258:0 426 174 124 281|426 38 253 287|68 426 124 281|68 426 174 38 23 281|68 426 38 281 44 287|68 426 38 243 44 287|68 426 174 38 281 253|68 426 174 38 23 44 253|426 174 38 281 301|426 38 124|68 426 174 38 301|68 426 174 38 281 287|426 174 243 287|68 426 174 38 23 287
261:0 343 310 382 43 281 422 389 423 305 424
263:0 204 189 228 164 270 321 271
270:0 68 55 230|55 175 321|68 55 175|73 75 230 321|175 230 321|68 175 75 230|68 73 75 230
273:0 36 206 73 417 384 13 98 133 388
276:0 119 228 143 48 99|18 413 228 143 48|119 228 143 99 287|119 18 413 143 228|413 228 143 48 99|119 413 228 143 99|119 18 143 287
278:0 392 346|346 16
280:0 227 194|425 261 262 194 109 212 50 288
283:0 341 56 193|170 341 56|56 193 60
285:0 204 358 313|206 313
287:0 34 306 359 173 174 228 400 163 214
290:0 318 185 16|318 405 16|400 318 405 185
293:0 36 359 173 207 326 108 265 283
296:0 68 223 193 279 364|238 68 193 364 197 418|238 68 223 279 418 185|68 223 364 279 197 418|68 223 193 364 197|193 364 197 185|68 193 364 279 197 418|223 193 364 197 418|238 68 223 193 279 418|68 223 193 197 185|68 223 364 279 418 185|238 68 364 279 418 185
298:0 227 313 47|34 313 47 321|227 321|34 227 47|34 227 287|34 227 313|34 47 287 321
299:0 222 38
300:0 273 426 428 226 244 313 164 387 252 253 270 321 389
302:0 105 364|260 364 417
303:0 206 244 246 385 386 14 422 321 389 423 305 424
304:0 174 23 407|34 103 174 23|103 174 23 457|34 103 23 265|34 407
307:0 226 384 385 252|427 385|223 193 418 252|223 226 252|427 226 252|226 193 252|223 427
309:0 174 242 415 129 435 29 422 253 423 424
311:0 273 435 186|273 47 186
312:0 273 435 186|273 47 186
313:0 226 227 271
315:0 191 42 178|75 79 437|178 79
316:0 174 123 194|174 123 151
318:0 37 38 56
320:0 34 392 37 173 207 38 174 90 111 214 321
322:0 34 255 205 256 426 257 23 246 111 281 336 184 254
324:0 89 90 281 214 130 284 203
325:0 326 428 243 248 164 133 271
327:0 272 273 274 427 157 226 227 265 252 50 271
328:0 175 116|98 116|341 98 16
331:0 68 223 320|68 223 298 265|68 345 320|68 223 417 265|345 417|51 345 298|68 51 223 298
333:0 228 297 114|228 114 97 99|114 97 407|297 384 114|228 297 97|99 407
335:0 68 154 174 175 24 400 232 46 13 50 458
336:0 34 255 256 415 400 184 372 254
339:0 36 175 209 56|37 175 56 349|36 37 56
341:0 34 349|349 232|34 232 300
345:0 105 243 112|105 174 243
347:0 103 28 440|103 229 28
349:0 114 321|54 109 321|109 300 114|54 243 109 113|243 109 300|243 113 300|109 95 113|54 300 114|54 225 114|54 95 114
351:0 248 133|381 133|381 248 50
352:0 105 277 417 146 252 50 271
353:0 310 193 228 194 109 286 50
355:0 262 194 286 185 288
357:0 73 267 13|21 73 348 13|21 73 267|21 174|174 73
358:0 174 95 50|273 248 95 50|174 248 50
359:0 224 428 38 174 226 277 212 382 164 386 185 372 389
361:0 311 50|191 311
363:0 255 256 324 392 157 174 90 346 281 254
366:0 392 330 48|34 392 330 300 287|34 392 109 112 287|34 392 109 300 48|34 392 109 300 287
369:0 222 346 133|330 130|330 133
370:0 346 300 48
371:0 37 56 349 82 424|37 82 407 424|349 82 407 424
387:0 255 256 276 74 321 254|34 276 38 74 133 321|34 37 276 38 133|34 37 276 38 328|34 256 276 38 133 254|255 34 256 276 38 74 254
390:0 68 257 274 227 7 24 9 299 116 252 270
393:0 392 189 173 56 175 297 281 300 97 48 458
396:0 310 38 228 31|38 193 297 28 31|38 228 28 31|310 38 228 297|310 228 297 31|38 228 297 28
399:0 154 205 38 346 111 316 401 98
403:0 36 400 98 336 422 423 424
406:0 191 42 178|75 79 437|326 75 437|178 79
408:0 174 38 21 23|359 242 174 38 23|359 174 21 23|18 38 21 23|37 242 174 38 23|18 174 242|18 174 21 23|18 38 242|38 242 21
410:0 103 174 38 116 184|68 34 174 38 350 184|68 34 174 38 90|68 34 103 38 116 184|68 34 103 174 38 184
417:0 205 343 175 260 313 111 44
418:0 154 189 3 226 210 163 316 29
420:0 312 75 230 267 320|312 75 230 321|75 230 267 321|311 312 75 230 320
422:0 68 174 262|255 256 174 262 281 133 254|255 256 174 90 281 254|255 68 256 124 281 133 254|255 256 174 124 281 133 254|68 376 174 281 133|174 243 133|255 68 256 174 281 133 254|68 243|255 256 174 124 262 254
425:0 194 95 114 50|34 311|262 194 114|34 262 114 50|34 194 95 114|34 262 194 95 50|311 50
427:0 327 175 227 7 313 415 8 9 213 252 67 186 458
431:0 39 175 313 44 28 98 372
433:0 174 95 50|273 248 95 50|105 174|174 248 50
434:0 38 123 242 310 228 43 114 386 184
438:0 120 106 328 111
439:0 417 95 248|358 417 252|298 95 252|109 417 252|204 361 252
440:0 312 118|68 217 118
441:0 417 101|97 48|227 417|417 48
442:0 194 286 288|108 194 288
443:0 37 232 184|34 38 232 184|34 37 225 38 184|34 341 38
446:0 18 174 228|18 38 228|68 38 174|204 68 38|174 38 228|68 38 228
447:0 136 170 238 410 242 327 44 197 299 418 266 334 97 67
449:0 34 255 256 174 328 279 303 254
451:0 103 18 228 400 163|228 400 163 97|103 109 400 163 28|18 97|103 400 163 28 97 185|103 228 400 163 185
453:0 238 68 358 364 418 265 252|238 68 364 382 418|68 358 223 364 418 265 252|238 68 358 223 418 265 252|223 364 418 96 252|358 96 252|68 364 418 96 252|238 68 358 223 418 96|68 223 364 96 252
455:0 21 345 75 78 79|21 73 78 79|345 73 75 78 79|21 345 73 75
456:0 175 321|175 60 97|204 175 97 150 186|150 321
458:0 324 157 21 300 114|324 239 157 346 300 114 150|324 239 157 21 114|324 157 21 150|324 239 157 243 346 300 150|324 157 21 346
459:0 38 73 74 130|38 345 73 23 74|23 130