2:0 80 113 124 130 133 174 204 219 267 275 320 345 402 437 438
3:0 113 124 130 133 174 204 219 267 275 320 345 402 437 438
5:0 44 68 98 187 200 232 242 246 251 336 349 394 407
6:0 44 68 98 187 200 232 242 246 251 336 349 407
8:0 54 114 175 193 243 252 281 287 300 323 330 392 453
9:0 54 114 175 193 243 252 281 287 300 323 330 392 453
11:0 33 81 173 450
12:0 33 81 106 334 450
14:0 40 81 450
15:0 40 81 106 334 450
17:0 185 193 228 253 314 413
18:0 185 193 228 253 314 413
20:0 68 103 154 172 179 253 382 387
22:0 18 98 143 161 184 185 206 253 297 310
24:0 21 50 180 184 228 251 305 342 415
25:0 3 9 117 175 179 186 204 217 227 252 253 268 273 321 344 417
26:0 3 9 19 21 45 57 97 117 175 179 186 204 217 227 252 253 268 273 281 321 344 364 417 435
28:0 68 175 219 232 341 400
30:0 36 48 50 68 116 130 204 228 251
31:0 36 44 45 48 50 68 116 130 154 204 228 242 251 260 270 305 390
33:0 36 48 50 68 93 133 251 389 457
34:0 30 31 32 36 43 48 50 68 93 133 251 260 270 389 390 457
35:0 102 133 150 186 187 204 217 253 273 312 313 343 345 383
36:0 1 45 102 111 133 150 186 187 204 217 227 236 253 266 273 309 312 313 322 343 345 356 358 361 381 383
38:0 39 50 83 95 175 180 185 257 286 288 326 336 384 394 412
39:0 185 186 195 204 217 253 273 313 343 356 383 387
40:0 1 34 38 102 185 186 195 204 205 217 253 273 304 313 343 356 358 383 387
42:0 16 18 95 98 174 185 228 413 417 428
44:0 75 175 204 235 275 298 321
45:0 51 71 75 79 175 204 230 235 236 275 298 321 381
47:0 60 68 97 103 113 175 228 230 232 450
49:0 97 103 226 234 390 450
51:0 103 179 185 228 246 251 253
53:0 6 39 95 133 175 180 204 274 316 386 387
55:0 60 95 109 113 193 227 238 248 281 287 426
57:0 68 96 179 193 227 251 265 279 343
59:0 34 36 37 38 43 52 83 97 172 179 219 234 242 257 270 336 394
61:0 54 114 150 170 227 283 287 301
62:0 34 54 55 56 114 145 150 187 227 283 287 301 341 346 358 426
64:0 7 8 9 112 227 282 379 385
65:0 7 8 9 112 227 272 282 379 385
67:0 7 8 9 27 68 96 113 227 265 370 379 418
68:0 7 8 9 27 68 96 113 227 265 370 379 418
70:0 115 141 227 235 275 311 321 345 388
71:0 21 35 51 74 77 78 115 141 227 235 275 282 311 321 345 378 380 388
73:0 62 109 114 219 229 243 282 330 367
75:0 5 174 175 335 359
76:0 5 174 175 335 359
78:0 24 32 33 37 38 95 172 204 234
80:0 23 173 187 248 300 335 382
85:0 48 114 119 175 185 413 458
87:0 21 32 50 122 195 252 254 255 256 333 346
89:0 114 122 174 212 254 255 256 286 325 425
91:0 33 36 43 61 103 112 128 229 250 333 334 341 350 420
93:0 7 8 9 50 114 149 195 288 310
94:0 7 8 9 50 114 149 195 288 310
97:0 7 8 9 112 260 272 274 385 427
99:0 97 114 133 246 282 321
103:0 73 77 78 79 174 235 236 246 253 267 275 381 384 388
105:0 24 103 130 187 195 197 246 442
106:0 33 68 183 229 252 253 270 410 418
107:0 33 136 170 193 229 252 253 270
110:0 60 103 149 174 180 220 288
112:0 68 130 174 179 222 242 306 407 422 423 424
113:0 186 204 253 383 387
117:0 13 50 62 82 150 175 190 225 324 330
119:0 34 56 60 114 189 300 401
121:0 33 56 61 106 107 293 322 408
122:0 204 253 321 361
124:0 47 93 96 186 252 253 273 357 381 383 417
125:0 2 7 8 27 96 112 223 238 253 364
126:0 2 5 9 103 112 183 187 223 238 253 394
130:0 33 150 175
134:0 36 45 174 175 197 204 226 273 281 313 321 343 376
135:0 36 44 45 174 175 197 204 226 273 281 313 321 343 376
136:0 36 45 174 175 197 204 226 273 281 313 321 343 376
139:0 21 48 61 62 114 191 282 330 378 390
141:0 61 62 103 109 175 196 229 282
143:0 103 118 120 253 254 256 316 387 428
148:0 48 54 113 114 225 245
149:0 48 54 113 114 225 245
153:0 22 68 73 175 246 267 275 320 378 437
154:0 22 68 73 175 246 267 275 320 378 437
156:0 24 37 154 179 193 306 326 336 343 394
157:0 24 37 154 179 193 306 326 336 343 394
159:0 8 232 246 300 337 346 349 453
160:0 8 232 246 300 346 349 453
162:0 38 116 163 179 204 228 271 274 343 387
164:0 17 18 48 97 101 119 185 297
166:0 60 103 117 205 227 282 450
168:0 49 50 60 226 228 324 390
169:0 16 18 95 98 174 185 228 413 417 428
171:0 54 60 97 103 133 250
176:0 64 119 193 217 248 253 326 375 381 417
178:0 65 98 114 185 287 297 389 428
180:0 28 34 36 103 115 219 260 316
181:0 28 34 36 103 115 219 260 316
182:0 51 71 75 77 79 80 175 204 235 236 275 298 321 381
183:0 21 47 145 150 204 227 253 313 321
184:0 21 34 47 48 113 133 145 150 187 195 204 217 227 248 253 276 287 313 321 453
185:0 253 313
186:0 8 34 54 55 56 114 145 150 170 187 227 283 287 301 341 346 358 426
188:0 38 93 115 133 227 244 270 312
189:0 38 93 115 133 227 244 270 312
192:0 174 227 230 235 267 270 283 402
195:0 24 34 68 105 174 219 227 246 254 255 256
196:0 36 44 45 174 175 197 204 226 273 281 313 321 343 376
197:0 36 44 45 174 175 197 204 226 273 281 313 321 343 376
199:0 23 133 173 187 248 300 303 335 382
202:0 150 204 227
205:0 42 68 129 175 279 328 379
208:0 111 175 205 328 335 350
210:0 115 118 173 185 215 217 265 370
212:0 17 68 113 179 219 226 403 405 410
217:0 36 38 68 69 187 204 232 238 242 281 370 400
219:0 108 151 174 254 255 256 257 262
221:0 33 34 38 44 90 174 333 341 420
224:0 48 103 114 173 175 199 323
229:0 68 83 99 179 180 228 364 386
230:0 13 50 62 82 150 175 190 225 324 330
232:0 33 34 36 38 68 90 116 173 204 246 283 316 387 420 457
233:0 159
237:0 33 136 170 183 193 252 253 270 410 418
242:0 68 118 186 204 215 217 253 270 312 356 383 387 426
247:0 23 116 174 200 228 246 334 349 372 442
248:0 23 116 174 200 228 246 334 349 372 442
253:0 13 24 72 73 225 235 242 283 300 306 320 345 388
254:0 13 24 72 73 210 225 235 242 283 300 306 320 345 388
256:0 68 83 97 179 226 265 297 306 364 387 400
257:0 68 83 97 119 179 226 265 297 306 364 387 400
259:0 23 38 44 56 68 124 174 243 246 250 253 281 287 300 301
260:0 23 38 44 56 68 124 174 243 246 250 253 281 287 300 301
262:0 43 242 281 305 310 343 382 422 423 424
264:0 42 175 189 204 228 270 271 321
266:0 33 40 81 173 450
267:0 33 40 81 106 334 450
268:0 33 40 81 173 450
269:0 33 40 81 106 334 450
271:0 54 55 68 72 73 75 175 230 235 321
272:0 54 55 56 61 68 71 73 75 154 175 230 235 252 253 321 346 428
274:0 36 73 98 117 133 206 235 384 388 417
275:0 1 13 36 73 74 98 106 117 133 206 235 252 267 326 384 388
277:0 18 48 99 119 143 228 287 413
279:0 16 97 98 228 239 282 392 403
281:0 50 109 194 212 227 261 262 288 425
282:0 50 109 194 204 212 227 261 262 288 381 425
284:0 54 56 60 61 97 114 170 193 226 324 341 450
286:0 74 77 147 204 206 270 313 358 388
288:0 34 133 173 174 175 185 228 281 303 306 343 359 400
289:0 34 116 154 163 173 174 179 228 253 306 400
291:0 16 185 189 232 400 405
292:0 16 185 189 232 318 400 405 450
294:0 36 108 173 265 283 326 359
295:0 36 108 173 265 283 326 359
297:0 68 185 193 197 223 238 270 279 364 418
301:0 33 38 39 45 185 193 204 215 226 253 270 273 274 313 321 343 358 383 387 389 426 428
305:0 23 34 103 174 265 283 407 457
306:0 23 34 103 174 265 283 407 457
308:0 193 223 226 252 384 385 418 427
310:0 29 129 174 242 253 415 423
315:0 253 326 346 388
317:0 123 151 174 194 220
319:0 36 37 38 56 246
321:0 34 37 38 90 111 173 174 321 392
323:0 23 34 38 111 184 205 246 254 255 256 257 281 336 426
326:0 133 243 248 271 326
329:0 16 44 90 98 116 175 210 242 341 364 414
330:0 16 44 90 98 116 175 210 242 341 364 414
332:0 51 67 68 223 265 298 320 345 402 417
334:0 97 99 114 119 228 297 384 407
340:0 36 37 56 175 209 250 349
342:0 34 232 246 276 283 300 349
346:0 105 112 174 243 321
348:0 28 103 174 229 282 440
350:0 33 54 95 109 113 114 150 175 225 243 300 321
354:0 50 109 193 194 228 286 310
356:0 185 194 220 262 286 288 466
358:0 105 129 387
362:0 50 117 191 205 311 335 420
364:0 90 111 174 254 255 256 281 324 346 392
365:0 90 111 174 254 255 256 281 324 346 392
367:0 34 48 55 109 112 128 287 300 330 334 392
368:0 34 48 55 109 112 128 287 300 330 334
372:0 37 56 82 239 349 407 424
373:0 37 56 82 239 334 349 407
388:0 34 37 38 74 133 254 255 256 276 321 328 388 402
389:0 34 37 38 74 133 254 255 256 276 321 328 388 402
391:0 7 9 24 68 116 227 252 253 257 270 274 299 417
392:0 7 9 24 68 116 227 252 253 257 270 274 299 303 417
394:0 1 48 97 173 175 189 281 297 300 392 458
395:0 1 48 97 117 173 175 189 281 297 300 346 392 458
397:0 28 31 38 193 228 297 310
398:0 28 31 38 193 228 297 310
400:0 38 98 154 316 346 401
402:0 450
404:0 36 98 336 400 423 424
405:0 36 98 336 400 423 424
407:0 42 71 73 74 75 78 79 80 170 178 191 235 253 275 312 320 326 346 388 390 437
409:0 18 21 23 37 38 174 242 359
411:0 29 34 38 68 90 103 116 174 184 350
416:0 450
419:0 3 29 154 163 189 210 226 316
421:0 75 230 267 311 312 320 321
423:0 68 90 124 133 174 243 254 255 256 262 281 376
424:0 3 21 68 180 228 251 252 340 343
426:0 34 50 95 114 194 262 311
428:0 7 8 9 67 175 186 227 252 313 327 415 458
429:0 60 103 109 174 194 195 212 220 262 286 288 389 408 417 425 466
430:0 18 64 65 101 103 109 119 143 185 195 196 212 297 372 375 389 413
432:0 28 39 44 98 175 313 372 389
435:0 38 43 114 123 184 228 242 310 386
444:0 34 37 38 184 200 225 232 239 341 442
445:0 34 37 38 184 200 225 232 239 341 442
448:0 44 67 97 103 136 170 179 238 242 266 299 327 334 383 410 418
450:0 34 174 254 255 256 279 303
452:0 18 28 97 103 109 163 185 228 400
454:0 29 68 96 223 238 252 265 358 364 382 410 418
457:0 60 97 150 175 186 204 321 401
460:0 23 38 73 74 130 345 402
461:0 8 44 68 97 115 163 180 193 228 251 252 274 306 386 420 458
462:0 161
463:0 34 133 173 174 187 222 265 330 359
464:0 68 130 174 179 222 242 306 407 422 423 424
465:0 73 93 133 175 267 283 384 437
466:0 2 8 27 96 112 223 238 253 364
467:0 2 5 103 112 183 187 223 238 253 394
468:0 38 45 64 118 119 186 193 204 217 226 227 246 248 253 266 273 281 326 345 375 381 387 417
469:0 17 18 95 141 179 185 324 364
470:0 36 44 45 174 175 197 204 226 273 281 313 321 343 376
471:0 36 45 174 175 197 204 226 273 281 313 321 343 376
472:0 13 17 38 40 68 97 163 226 232 328 364 379 440
473:0 31 33 34 38 44 90 133 174 196 333 341 420
474:0 111 159
475:0 45 50 95 109 194 196 204 212 227 248 261 262 286 288 345 381 425
476:0 38 88 106 205 222 457
477:0 185 194 220 262 286 288 466
478:0 29 44 50 117 191 205 242 311 335 423
700:0 28 29 33 36 39 44 45 91 92 98 104 129 156 164 173 174 175 182 189 197 203 204 207 213 214 215 216 218 226 231 237 240 241 247 263 270 273 281 290 313 321 343 363 376 387 445
