1:0 29 81 173 189 210 235 282 388 402
2:0 29 81 173 189 210 235 282 388 402
3:0 29 81 173 189 200 210 235 282 335 338 388 402
4:0 7 9 29 129 173 189 210 257
5:0 7 9 29 129 173 189 210 257
6:0 7 9 29 129 173 189 200 210 239 257 307 314 366 466
7:0 8 29 173 189 196 205 291 334 401 428
8:0 8 29 173 189 196 205 291 334 401 428
9:0 8 29 173 189 196 200 205 291 308 324 334 401 428
10:0 81 173 450
11:0 81 334 450
12:0 81 129 173 239 314 324 366 450 466
13:0 81 450
14:0 81 334 450
15:0 81 129 173 210 282 283 314 366 450 466
16:0 129 173 189 239 253 257 314 366 466
17:0 129 173 189 239 253 257 314 366 466
18:0 129 143 173 189 239 253 257 314 366 466
19:0 29 129 162 173 189 196 283 387 389 428
20:0 29 129 162 173 189 196 283 387 389 428
21:0 129 173 189 239 257 314 366 466
22:0 129 143 173 189 239 257 314 366 466
23:0 29 173 180 380 401 402 441
24:0 29 173 180 380 401 402 441
25:0 9 29 129 173 189 205 270 282 324 393
26:0 9 29 129 173 189 205 270 282 324 393
27:0 29 129 162 173 189 205 210 282 414
28:0 29 129 162 173 189 205 210 282 414
29:0 29 162 173 189
30:0 29 162 173 189 270
31:0 7 8 9 29 162 173 189 196 200 253 270 276 401 414
32:0 29 162 173 189 270 389
33:0 29 162 173 189 270 389
34:0 7 8 9 29 162 173 189 196 200 253 270 276 389 401 414
35:0 7 8 9 29 173 189 196 205 215 270 271 272 277 282 283 324 340 356 387 428
36:0 7 8 9 29 173 189 196 205 215 270 271 272 277 282 283 324 340 356 387 428
37:0 29 129 173 180 220 257 272 428 466
38:0 29 129 173 180 220 257 272 428 466
39:0 7 8 9 29 173 189 196 205 215 220 270 272 277 282 283 340 356 387
40:0 7 8 9 29 173 189 196 205 215 220 270 272 277 282 283 340 356 387
41:0 129 162 173 239 253 257 314 366 428 466
42:0 129 162 173 239 253 257 314 366 428 466
43:0 173 235 380 388 402
44:0 173 235 380 388 402
45:0 173 235 380 388 402
46:0 81 173 210 235 282 388 402 450
47:0 81 173 210 235 282 388 402 450
48:0 81 129 173 324 428 450
49:0 81 129 173 239 314 324 366 428 450 466
50:0 173 189 389 414
51:0 173 189 389 414
52:0 29 129 173 180 189 196 282 387 402 441
53:0 29 129 173 180 189 196 253 282 387 402 441
54:0 8 29 129 173 189 196 272 291 324 388 401 428
55:0 8 29 67 129 173 189 196 210 272 291 324 388 401 428
56:0 7 8 9 29 67 129 180 189 200 253 270 272 283 402 410 441
57:0 7 8 9 29 67 129 180 189 200 253 270 272 283 402 410 441
58:0 29 129 173 189 257 270 442
59:0 29 129 173 189 257 270 442
60:0 29 173 196 291
61:0 8 29 173 189 196 291
62:0 8 29 173 189 196 270 291 410
63:0 7 8 9 29 173 271 272 277 282 324 356 428
64:0 7 8 9 29 173 271 272 277 282 324 356 428
65:0 7 8 9 29 173 271 272 277 282 324 356 428
66:0 7 8 9 29 67 173 189 270 272 276 410
67:0 7 8 9 29 67 173 189 270 272 276 410
68:0 7 8 9 29 67 173 189 270 272 276 410
69:0 173 235 282 380 388 389 402
70:0 173 235 282 380 388 389 402
71:0 173 235 282 380 388 389 402
72:0 173 196 277 282 291
73:0 173 196 277 282 291
74:0 7 9 29 173 189 205 246 276 335 389 414
75:0 7 9 29 173 189 205 246 276 335 389 414
76:0 7 9 29 173 189 205 210 246 276 335 389 414 442
77:0 29 129 173 257 340
78:0 29 129 173 257 340
79:0 8 29 129 173 189 271 277 291 324 335 401 428
80:0 8 29 129 173 189 196 210 271 277 291 324 334 335 401 428
81:0 129 173 205 277 324 334 356 393
82:0 129 173 205 277 324 334 356 393
83:0 29 129 173 189 210 239 253 257 282 314 387 466
84:0 129 173 189 253 282 283 314
85:0 129 143 173 189 253 282 283 314
86:0 29 173 196 291 324 401
87:0 29 173 196 291 324 401
88:0 7 8 9 173 189 220 441
89:0 7 8 9 173 189 220 335 441
90:0 129 173 196 291 334
91:0 129 173 196 291 324 334
92:0 7 8 9 173 180 196 220 253 271 282 389 466
93:0 7 8 9 173 180 196 220 253 271 282 389 466
94:0 7 8 9 29 173 180 196 220 253 271 272 282 389 466
95:0 29 173 189 205 239 246 335 414 442
96:0 7 8 9 29 67 271 272 277 324 428
97:0 7 8 9 29 67 271 272 277 324 428
98:0 173 189 196 210 246 276 282 291 334
99:0 173 189 196 210 246 276 282 291 334
100:0 29 129 173 205 277 324 389 393
101:0 29 129 173 205 277 324 389 393
102:0 173 205 235 246 356 388 402
103:0 29 67 173 205 235 246 356 388 402 428
104:0 7 9 29 67 173 189 196 210 253 282 283 334 414
105:0 7 9 29 67 173 189 196 200 210 253 282 283 334 414
106:0 29 67 129 173 189 270 272 276 282 340 389 410
107:0 7 8 9 29 67 129 173 189 270 272 410
108:0 7 8 9 29 173 189 196 205 401 428
109:0 173 180 205 220 253
110:0 173 180 189 205 220 253
111:0 29 173 180 189 196 205 246 253 276 283 401 414
112:0 7 8 9 29 173 180 189 196 200 205 210 246 253 276 283 335 401 414
113:0 7 8 9 29 173 189 196 205 215 270 283 356 387 428
114:0 29 173 220 235 246 282 388 402
115:0 7 8 9 29 67 173 180 189 196 200 210 253 270 283 401
116:0 29 129 173 196 200 239 291 324 340
117:0 29 129 173 196 200 239 291 324 340
118:0 129 173 189 196 210 282 291 340 401
119:0 129 173 189 196 210 282 291 340 401
120:0 129 173 196 205 220 239 277 291 324 356
121:0 129 173 196 205 220 239 271 277 291 324 356
122:0 7 8 9 29 173 189 270 271 272 277 324 334 428
123:0 29 129 173 210 282 366 450 466
124:0 8 29 173 189 196 215 270 271 272 277 324 428
125:0 7 8 9 29 67 129 173 189 270 324 393
126:0 7 9 29 67 173 189 257 270
127:0 29 81 173 210 276 282 334
128:0 29 173 180 196 200 270 272 283 428 442
129:0 340
130:0 29 173 180 196 200 239 253 291 340 401 442
131:0 29 173 196 200 215 246 291 324 335 401 428 442
133:0 29 129 173 189 215 387
134:0 29 129 173 189 196 215 270 291 324 387 401
135:0 29 129 173 189 215 270 324 387 393
136:0 29 129 173 189 215 257 270 276 387
137:0 129 173 196 220 271 277 324 356 387 428
138:0 29 173 196 246 282 291 334 414
139:0 29 173 189 196 246 282 291 334 414
140:0 173 189 196 205 246 282 334 414
141:0 29 67 173 189 196 205 210 246 276 282 291 334 401 414
142:0 29 143 239 246 257 314 366 401 414 442 466
143:0 7 8 9 29 173 189 196 200 205 276 335 387 402 428 441 442
144:0 129 143 173 189 196 239 246 314 324 366 466
145:0 129 143 173 189 239 246 257 314 324 366 466
146:0 129 143 173 189 239 246 257 314 366 466
147:0 29 129 173 196 200 239 401 434
148:0 29 129 173 196 200 239 401 434
149:0 7 8 9 29 129 173 189 196 200 210 239 257 276 291 314 366 401 434 442 466
150:0 7 8 9 29 67 129 173 189 196 271 272 277 324 356 401 428
151:0 7 8 9 29 67 81 129 143 162 173 180 189 196 200 205 210 215 220 235 239 246 253 257 270 271 272 276 277 282 283 291 314 324 334 335 340 356 366 380 387 388 389 393 401 402 410 414 428 441 442 450 466
152:0 29 173 189 210 235 246 277 388 402
153:0 29 173 189 210 235 246 277 388 402
154:0 29 173 189 200 210 235 246 277 338 388 402
155:0 29 173 189 205 257
156:0 29 173 189 205 210 257
157:0 7 9 29 67 129 173 189 205 210 257 307
158:0 8 29 67 173 180 189 196 246 253 291 401
159:0 8 29 67 173 180 189 196 210 246 253 291 401
160:0 8 29 67 173 180 189 196 200 210 246 253 276 291 308 401
161:0 7 8 9 29 129 162 173 189 205 210 253 270 282 387 389 401
162:0 7 8 9 29 129 162 173 189 205 210 253 270 282 387 389 401
163:0 129 189 239 257 277 314 366 428 466
164:0 129 143 189 239 253 257 277 314 366 428 466
165:0 8 9 29 81 129 173 205 253 282 314 366 450 466
166:0 8 9 29 81 129 173 189 253 282 314 366 450 466
167:0 81 324 340 389 450
168:0 81 324 340 389 450
169:0 129 143 162 173 239 253 257 314 366 428 466
170:0 173 196 215 291 324 340 389
171:0 173 196 215 291 324 340 389 401
172:0 29 129 173 189 205 253 270 324 393
173:0 29 173 189 196 205 253 270 271 272 277 283 324 356 387 428
174:0 29 173 189 196 205 215 220 253 270 272 277 283 340 356 387
175:0 29 129 173 189 205 215 253 271 277 283 324 387 428
176:0 29 129 173 189 205 215 239 246 257 271 277 283 314 324 366 387 428 466
177:0 129 173 220 239 257 271 277 314 324 366 389 428 466
178:0 129 143 173 220 239 257 271 277 314 324 366 389 428 466
179:0 29 129 173 215 324 393
180:0 7 9 29 129 173 215 324 393
181:0 7 9 29 129 173 200 215 324 393
182:0 173 235 253 380 388 402
183:0 8 29 129 173 189 196 205 270 276 282 291 401
184:0 8 29 129 173 189 196 205 270 276 282 291 401
185:0 7 8 9 29 67 173 189 205 270 272 335 389 414
186:0 29 173 189 196 270 291 340
187:0 29 173 235 270 340 388 402
188:0 29 173 235 270 340 388 402
189:0 29 173 235 270 340 388 402
190:0 7 8 9 29 67 129 173 180 189 210 253 272 282 340 387 402 441
191:0 173 235 253 270 283 388 402
192:0 173 235 253 270 283 388 402 414
193:0 29 81 129 173 246 314 324 366 450 466
194:0 8 29 173 189 196 205 246 291 401 414
195:0 8 29 173 189 196 205 246 291 401 414
196:0 29 129 173 189 215 270 271 277 324 387 428
197:0 29 129 173 180 189 215 270 387 389
198:0 129 180 189 196 239 253 257 314 366 389 466
199:0 8 29 129 173 189 196 210 271 277 291 324 334 335 401 428
200:0 29 129 173 180 196 215 220 253 271 277 389 466
203:0 29 129 173 189 253 271 277 324 356 389 428
204:0 29 81 173 205 220 334 356 450
205:0 29 81 173 205 220 324 334 335 356 393 450
206:0 29 173 180 189 205 220 246 277 283 387 401 428
207:0 29 129 173 210 366 401 414
208:0 29 173 189 205 239 246 335 393 401 414 442
209:0 7 8 9 29 67 162 173 189 215 276 387
210:0 7 8 9 29 67 162 173 189 215 276 387
211:0 29 129 173 189 196 220 291 324 340 401
212:0 29 129 173 210 276 282 334 366 442 450 466
213:0 29 81 173 246 270 380 414 450
214:0 29 67 173 210 270 282 334 410 450
215:0 8 29 67 129 173 180 189 210 282
216:0 7 8 9 29 129 173 189 205 210 276 387 402 441
217:0 7 8 9 29 67 129 173 189 205 210 253 276 387 402 441
218:0 173 189 205 220 246 257 334 414
219:0 173 189 205 220 246 257 334 414
220:0 29 173 189 246 276 283 414
221:0 29 173 189 196 246 276 283 414
222:0 29 173 189 196 205 246 277 283 389 414
223:0 81 129 173 189 196 291 324 340 402 441
224:0 81 129 173 189 196 291 324 340 402 441
225:0 29 129 143 189 196 205 324 340 402 441
226:0 29 81 129 173 189 196 270 291 314 324 340 366 401 402 441 442
227:0 129 143 173 189 196 210 239 314 334 366 466
228:0 29 129 162 173 180 189 253 257 272 389
229:0 29 129 162 173 180 189 253 257 272 389
230:0 29 129 173 196 200 239 291 324 340 434 442
231:0 29 173 189 205 246 276 282 387 402 414 441
232:0 29 173 189 205 246 276 282 334 335 340 402 414 441
233:0 129 173 196 220 271 277 324 356 387 428
234:0 29 129 173 180 189 253 272 324 340 356 387 389 428
236:0 29 67 129 173 189 253 270 272 410
237:0 29 67 129 173 189 205 239 270 272 283 389 410
238:0 8 173 189 196 215 253 270 271 272 277 324 428
239:0 7 8 9 29 67 129 173 189 253 270 324 393
240:0 7 9 29 173 189 253 257 270
241:0 7 8 9 29 173 189 196 205 215 270 335 428 442
242:0 7 8 9 29 173 189 196 205 215 270 283 335 356 387 428
243:0 29 129 173 189 324 393 442
244:0 29 129 173 189 257 442
245:0 29 129 173 189 196 291 324 366 442 466
246:0 29 173 180 246 253 276 414 442
247:0 29 173 180 246 253 276 334 414 442
248:0 7 8 9 29 67 173 180 189 200 210 246 253 276 335 401 414 442
249:0 29 129 143 173 189 196 239 246 271 291 314 324 366 401 414 428 442 466
250:0 129 143 173 189 239 246 257 314 324 366 414 428 442 466
251:0 129 173 189 215 235 246 253 270 271 277 324 387 388 389 402 414 428
252:0 9 29 67 129 173 189 210 235 283 388 402
253:0 9 29 67 129 173 189 210 235 283 388 402
254:0 9 29 67 129 173 189 200 210 235 283 338 388 402
255:0 29 129 173 189 257 270 340 387
256:0 7 9 29 67 129 173 189 210 257 270 340 387 410
257:0 7 9 29 67 129 173 189 210 257 270 272 276 282 307 340 387 410
258:0 29 67 173 189 196 205 246 276 283 291 401
259:0 8 29 67 173 189 196 205 246 276 283 291 401 414
260:0 8 29 67 173 189 196 200 205 246 276 283 291 308 401 414
261:0 29 162 173 180 189 253 389
262:0 29 162 173 180 189 253 389
263:0 29 129 162 173 189 196 205 210 270 271 387 402 441
264:0 29 129 162 173 189 196 205 210 270 271 387 402 441
265:0 81 173 450
266:0 81 334 450
267:0 81 129 173 239 314 324 366 450 466
268:0 81 334 450
269:0 81 129 173 239 314 324 366 450 466
270:0 29 173 196 235 253 402 428
271:0 7 8 9 29 173 189 196 235 253 291 402 428
272:0 7 8 9 29 173 189 196 235 253 291 402 428
273:0 29 173 180 205 235 388 402
274:0 29 67 129 173 180 189 205 210 235 388 402
275:0 29 67 129 173 180 189 196 205 210 235 239 282 314 340 366 388 389 402 466
276:0 129 173 189 239 257 283 314 366 466
277:0 129 143 173 189 239 257 283 314 366 466
278:0 129 173 189 196 239 253 282 314 366 466
279:0 129 143 173 189 196 239 253 282 314 366 402 441 466
280:0 7 8 9 29 129 173 189 196 220 270 271 277 324 428
281:0 7 8 9 29 129 173 189 196 220 270 271 277 324 428
282:0 7 8 9 29 129 173 189 196 215 220 270 271 277 324 428
283:0 81 129 173 189 196 324 450
284:0 81 129 173 189 196 239 314 324 366 450 466
285:0 29 173 235 270 388 402
286:0 9 29 173 189 210 235 270 276 388 402 410
287:0 7 8 9 29 173 189 196 210 389 441
288:0 7 8 9 29 67 189 196 210 253 389 441
289:0 7 8 9 29 67 173 189 196 210 335 389 441
290:0 81 173 180 189 210 450
291:0 81 129 173 180 189 210 253 314 450 466
292:0 81 173 180 189 210 271 389 450
293:0 7 8 9 29 173 189 196 205 253 428
294:0 7 8 9 29 67 173 189 196 205 253 428
295:0 7 8 9 29 67 173 189 196 200 205 253 428
296:0 7 8 9 29 67 173 189 270 272 276 282 410
297:0 7 8 9 29 67 173 189 270 272 276 282 410 442
298:0 29 129 173 196 253 270 282
299:0 7 8 9 29 173 189 205 220 246 277 334 335 356 393 414
300:0 29 129 173 189 196 205 215 270 387 389 428
301:0 29 129 173 189 196 205 215 270 387 389 428
302:0 7 8 9 29 67 173 180 189 196 210 220 271 272 277 282 324 356 389 428 466
303:0 8 9 29 162 173 189 196 220 246 282 334 389 393 442
304:0 29 173 180 189 205 210 246 253 276 283 334 393 414 442
305:0 29 173 180 189 205 210 246 253 276 283 334 393 414 442
306:0 7 8 9 29 67 173 180 189 196 200 205 210 246 253 276 283 334 335 393 401 414 442
307:0 7 8 9 29 67 129 173 189 220 270 271 272 277 324 356 410 428
308:0 7 8 9 29 67 129 173 189 220 270 271 272 277 324 356 410 428
309:0 29 129 173 189 324 393
310:0 29 129 173 189 324 393
311:0 9 29 129 173 189 205 253 270 324 387 393
312:0 9 29 129 173 189 205 253 270 324 387 393
313:0 8 9 81 129 173 189 270 314 324 366 428 450 466
314:0 8 9 81 129 173 189 270 314 366 428 450 466
315:0 129 173 189 210 235 388 402
316:0 7 8 9 29 173 189 205 220 380 402 441
317:0 7 8 9 29 173 189 205 220 335 380 402 441
318:0 129 162 173 180 189 196 210 246 253 291 340 428
319:0 129 162 173 180 189 196 210 246 253 291 340 428
320:0 29 173 196 205 291 340
321:0 29 173 196 205 291 335 340 442
322:0 29 173 189 205 257 414
323:0 29 173 189 205 257 414 442
324:0 29 173 189 205 257 334 414
325:0 29 129 173 196 215 271 272 277 324 340 428
326:0 7 8 9 29 129 173 189 196 215 271 272 277 324 340 428
327:0 7 8 9 29 67 129 173 189 196 205 253 270 272 387 389 428
328:0 29 173 189 210 414 450
329:0 29 129 173 189 200 210 239 257 314 366 414 434 450 466
330:0 7 9 29 129 173 189 200 210 239 257 314 366 414 434 450 466
331:0 9 29 67 173 180 189 210 235 272 388 389 402
332:0 9 29 67 173 180 189 210 235 272 276 388 389 402
333:0 129 173 189 200 215 239 253 257 314 366 466
334:0 129 143 173 189 200 215 239 253 257 314 366 434 466
335:0 7 8 9 29 67 129 173 189 196 205 210 282 283 387
336:0 29 129 173 189 210 282 389 401
337:0 129 173 205 220 246 270 277 324 356 414 428 442
338:0 129 173 205 220 246 270 277 324 334 356 414 428 442
339:0 29 173 189 196 291 340 401 414
340:0 29 173 189 196 291 340 401 414 428
341:0 173 180 189 196 210 246 276 282 283 334
342:0 129 173 180 189 196 210 246 276 282 283 291 334
343:0 29 173 189 246 271 277 324 356 414 428
344:0 29 173 189 246 271 277 324 356 414 428
345:0 29 81 173 189 220 235 380 388 402 414
346:0 29 81 173 189 220 235 246 335 380 388 402 414
347:0 29 81 173 189 210 246 282 334 414
348:0 29 67 81 173 189 210 246 276 282 334 335 401 414
349:0 129 173 196 291
350:0 129 173 189 196 239 277 291 401 442
351:0 129 173 196 366 387 466
352:0 7 8 9 29 67 129 173 189 196 205 210 246 271 272 277 282 387 389 401
353:0 29 180 196 220 271 272 277 282 389 466
354:0 29 180 189 196 220 271 272 277 282 389 466
355:0 29 173 180 196 220 356 466
356:0 7 8 9 29 173 180 189 196 220 271 356 389 466
357:0 29 173 189 200 210 235 239 314 366 388 466
358:0 173 196 205 215 253 270 271 277 282 324 356 387 428
359:0 29 129 173 180 189 196 210 272 276 277 282 340 389 428
361:0 29 173 180 196 205 335
362:0 29 162 173 180 196 205 324 335 442
363:0 29 162 173 189 196 205 291 324 401
364:0 29 162 173 189 196 205 291 324 401
365:0 29 162 173 189 196 205 210 291 324 335 401 442
366:0 173 196 291 334
367:0 129 162 173 189 196 291 340 389 401
368:0 129 173 189 196 291 324 340 401
369:0 29 173 189 196 246 291 340 401 414
370:0 129 173 196 291 340
371:0 29 173 189 200 210 239 428 434
372:0 29 173 189 200 205 210 239 334 428 434
373:0 29 129 173 189 200 205 210 239 257 314 366 401 428 434 466
374:0 29 334 428 442
375:0 8 9 29 129 173 189 196 205 210 271 324 334 356 393 428 442
376:0 8 9 29 129 173 189 196 205 210 271 324 334 335 356 393 428 442
377:0 7 8 9 29 173 189 205 246 276 335 356 414 442
378:0 8 9 29 173 189 196 205 246 276 324 335 356 442
379:0 8 9 29 173 189 205 246 276 334 335 356 442
380:0 129 173 189 196 200 210 239 270 271 272 277 291 366 387 389 428 434
381:0 129 173 189 196 200 210 239 270 271 277 291 366 387 428 434
382:0 29 129 173 189 196 246 253 291 324 335 401 442
383:0 7 9 29 129 173 189 205 210 246 253 335 414 442
384:0 29 129 173 189 196 200 210 239 246 253 291 366 401 414 434 442
385:0 7 8 9 29 129 173 189 196 246 253 270 271 277 324 334 356 387 428 442
386:0 7 8 9 29 67 129 173 189 196 271 272 277 282 324 356 428
387:0 29 173 189 235 388 402 414
388:0 29 173 189 235 388 402 414
389:0 29 173 189 200 235 276 335 338 388 402 414 442
390:0 7 9 29 67 129 173 189 205 253 257 270 272 283 410
391:0 7 9 29 67 129 173 189 205 257 270 272 283 410
392:0 7 9 29 67 129 173 189 205 257 270 272 283 307 410 441
393:0 29 173 189 196 291 324
394:0 29 173 189 196 291 324
395:0 29 173 189 196 210 282 291 308 324 334
396:0 129 173 189 239 257 283 314 366 466
397:0 129 173 189 239 257 283 314 366 466
398:0 129 143 173 189 239 257 283 314 366 466
399:0 29 129 162 173 189 196 205 210 276 387 401
400:0 29 129 162 173 189 196 205 210 276 291 387 401
401:0 81 173 189 253 283 450
402:0 81 173 189 210 253 282 283 450
403:0 29 129 173 189 210 324 393
404:0 29 129 173 189 210 324 393
405:0 29 129 173 189 210 276 324 393
406:0 129 173 189 235 253 388 402
407:0 129 173 189 210 235 388 402
408:0 7 9 29 173 180 189 246 253 276 283 414 428 442
409:0 7 9 29 173 180 189 200 220 246 253 276 283 414 428 442
410:0 29 173 189 246 334 393 414 442
411:0 29 173 189 200 246 277 334 335 393 414 442
412:0 81 173 450
413:0 81 173 235 253 283 324 388 389 402 450
413:1 81 173 189 205 253 283 324 389 414 450
413:2 81 173 253 283 324 334 389 393 441 442 450
414:0 81 129 173 189 239 314 324 366 450 466
415:0 81 129 173 189 283 314 366 450 466
416:0 81 129 173 189 210 283 314 324 366 450 466
417:0 9 29 129 162 173 189 205 253 270 387 393 402 441
418:0 8 29 129 173 189 196 291
419:0 8 29 67 129 173 189 196 291 401
420:0 173 205 235 270 388 402
421:0 173 205 235 270 388 402
422:0 29 81 173 196 220 246 291 414
423:0 29 81 173 189 196 220 246 291 335 414
424:0 7 8 9 29 67 129 173 180 189 210 253 272 282 340 387 402 441
425:0 129 173 180 189 196 205 220 271 277 282 314 366 389 466
426:0 129 173 180 189 196 205 220 271 277 282 314 366 389 466
427:0 29 67 129 173 189 215 253 270 277 283 340 387
428:0 7 8 9 29 67 129 173 189 210 215 253 270 277 283 340 387
429:0 29 129 173 180 196 215 220 253 271 277 389 466
430:0 129 143 180 189 239 253 257 276 314 366 389 466
431:0 29 129 162 173 189 210 282 387 389
432:0 29 129 162 173 189 205 210 282 387 389
433:0 129 173 196 205 215 270 271 277 282 324 356 428
434:0 29 129 173 189 210 389
435:0 29 129 173 189 210 389
436:0 173 205 246 271 324 356
437:0 173 205 246 271 324 335 356 428 442
438:0 29 67 173 205 253 270 272 335 389 414
439:0 29 173 189 253 270 271 272 277 324
440:0 29 173 189 196 205 215 253 270 283 356 387 428
441:0 129 143 173 189 239 253 257 272 366 466
442:0 173 180 196 220 253 271 389 466
443:0 29 129 173 189 200 210 239 414 434 442
444:0 29 129 173 189 200 210 239 414 434 442
445:0 29 129 173 189 200 210 239 401 414 434 442
446:0 7 8 9 29 173 189 196 200 205 253 387 402 428 441
447:0 8 9 29 67 129 173 189 210 270 272 334 393 410 428
448:0 8 9 29 67 129 173 189 210 270 272 334 393 410 428
449:0 29 173 189 276 414
450:0 29 173 189 276 414 442
451:0 29 173 189 210 401 450
452:0 29 173 189 210 282 401 450
453:0 8 9 29 67 162 173 180 189 196 210 272 282 340 389 410 441
454:0 8 9 29 67 162 173 180 189 196 210 270 272 282 340 389 410 441
455:0 173 189 210 235 282 380 388 402 450
456:0 129 173 196 239 291 314 340 366 401 466
457:0 129 173 196 239 291 314 340 366 401 466
458:0 29 129 173 189 196 270 291 314 340
459:0 8 29 173 189 196 235 272 388 402
460:0 8 29 173 189 196 200 235 272 335 388 402
461:0 8 29 67 129 173 180 189 196 210 282
462:0 29 129 173 205 277 324 334 356 393 442
463:0 7 8 9 29 173 189 196 205 282 335 401 428
464:0 7 8 9 29 173 180 189 196 200 205 210 246 253 276 283 335 401 414 442
465:0 29 173 189 220 235 246 282 335 388 402
466:0 7 8 9 29 67 129 173 189 270 324 393
467:0 7 9 29 67 173 189 257 270
468:0 29 129 143 173 189 205 215 239 246 257 271 277 283 314 324 366 387 428 466
469:0 29 81 129 173 189 246 253 314 324 366 450 466
470:0 29 129 173 189 210 215 235 270 282 387 388 402
471:0 29 129 173 189 196 215 270 324 387 401
472:0 29 129 143 173 189 210 282 366 401 414
473:0 29 173 189 196 246 276 283 335 414
474:0 129 173 196 220 253 271 277 324 356 387 428
475:0 7 8 9 29 67 129 173 189 210 220 270 271 277 282 324 410 428
476:0 7 8 9 29 173 189 205 220 246 277 334 335 356 393 414 442
477:0 7 8 9 29 173 180 189 196 220 271 356 389 466
478:0 8 29 173 180 189 196 205 220 271 324 335 389 466
479:0 129 173 180 189 220 271 324 389 466
479:1 129 173 180 189 220 271 324 389 466
479:2 129 173 180 189 220 271 324 389 466
479:3 129 173 180 189 220 271 324 389 466
479:4 129 173 180 189 220 271 324 389 466
479:5 129 173 180 189 220 271 324 389 466
480:0 7 8 9 29 173 189 215 270 271 272 277 282 324 428
481:0 7 8 9 29 129 173 189 270 271 272 277 282 324 428
482:0 7 8 9 29 129 173 189 253 270 271 272 277 282 324 387 428
483:0 29 129 173 189 200 210 239 246 334 356 393 414 434 442
484:0 29 129 173 189 200 210 239 246 291 356 401 414 434
485:0 29 173 189 246 253 257 334 414 442 450
486:0 7 8 9 29 173 189 196 246 276 335 356 414 428 442
487:0 29 129 173 180 189 196 200 210 220 239 246 277 314 356 366 401 414 434 442 466
488:0 129 173 189 196 210 270 271 277 324 356 428
489:0 129 173 189 196 215 246 253 270 282 291 324 340 387
490:0 129 173 189 196 215 246 253 270 282 291 324 340 387
491:0 29 129 173 180 189 196 271 282 387 389 466
492:0 29 129 173 189 235 283 314 366 387 388 402 414 428 466
493:0 29 129 173 189 196 200 210 239 246 257 271 277 291 324 334 356 366 387 401 414 428 434 442 466
