0
91
106
76
83
107
71
123
4
66
34
29
13
16
14
56
6
88
2
70
87
48
27
111
49
18
122
59
108
119
82
62
85
118
37
55
93
52
115
35
17
39
15
22
89
51
103
102
26
31
7
64
98
40
42
63
58
104
78
121
30
99
96
12
65
20
53
57
90
38
46
74
95
44
120
79
69
24
50
45
8
113
32
23
61
75
19
86
92
112
97
81
117
94
116
43
3
100
9
80
1
60
114
5
21
105
68
33
28
77
101
47
110
67
36
54
109
84
72
10
11
41
73
25
124
125
126
127
128
129
130
131
132
133
134
135
136
137
138
139
140
141
142
143
144
145
146
147
148
149
150
151
152
153
154
155
156
157
158
159
160
161
162
163
164