1:0 174 345|174 437|275 174|438 133|267 438|204 80|124 203|438 203|345 320|275 438|130 203|437 320|345 438|133 203|130 320|267 133|267 320|267 203|345 267|320 203|204 320|275 130|267 437|345 203|437 133|204 345|80 203|275 320|275 133|275 267|437 203|204 437|174 124|275 345|275 203|80 267|80 320|275 437|345 80|174 130|345 437|437 438|80 437|174 133|275 80|174 438|174 80|438 320|174 203|204 133|204 203|174 320
4:0 68 349|232 406|68 187|242 264|394 349|264 44|394 407|68 251|187 242|246 264|264 407|242 406|264 251|187 264|44 406|68 407|246 406|406 407|68 44|251 406|394 232|68 242|246 232|187 406|349 407|68 264|349 232|394 406|394 242|242 246|264 406|394 44|246 44|394 246|44 232|232 251|68 406|242 349|394 251|349 44|187 394|246 349|232 407|187 232|242 251|44 251|242 232|349 406|394 264|242 407|44 407|68 394|246 407|68 246|264 232|68 232|264 349|242 44
7:0 54 287|453 287|175 114|362 114|281 114|392 300|193 287|330 287|362 252|54 175|362 453|54 362|323 362|54 281|175 300|243 300|392 175|362 193|300 453|392 243|193 281|300 114|362 330|330 300|392 114|392 252|175 252|175 453|54 300|243 453|392 54|281 287|175 330|243 330|193 300|453 114|453 252|330 114|392 330|362 281|54 252|54 453|175 243|193 114|392 453|54 330|362 287|193 453|193 330|54 193|281 300|54 243|392 281|175 287|362 300|243 287|300 287|243 193|392 287|114 287|281 453|175 362|175 281|243 362|54 114|392 362|330 281
16:0 193 211|413 185|228 185|314 185|413 432|228 432|193 432|413 228|228 314|413 193|193 314|432 314|413 314|211 432|193 185|413 211|211 228|211 314|211 185|432 185
19:0 68 103 154 172 515 279 382 179 44 387 253
21:0 211 161|211 13|297 13|18 310|18 211|18 297|161 185|310 98|211 98|310 211|13 98|297 98|18 185|211 297|161 98|18 98|18 184|98 185|310 185|310 297|211 184|211 185|98 184|297 185
23:0 289 342 21 228 415 180 231 251 184 389 50 305
27:0 68 306 341 175 498 431 229 400 232 203
29:0 68 204 36 342 498 228 231 130 251 48 116 50 203
32:0 68 36 342 498 93 231 251 48 133 389 457 50 203
37:0 290 257 326 394 175 95 180 384 336 506 541 185 50
41:0 18 185|174 211|432 185|228 417|228 185|174 98|98 16|95 185|18 98|211 185|98 185|95 16|413 211|18 95|413 16|95 98|18 413|417 185|211 432|413 432|413 228|432 417|211 228|432 16|18 432|413 98|228 16|18 228|228 432|211 16|174 413|432 95|18 211|432 98|211 417|18 16|413 417|228 98|413 185|211 95|174 432|211 98|18 417|174 16|185 16
43:0 290 75|275 298|275 175|267 321|290 267|275 321|290 275|175 267|275 75|204 321|204 290|290 298|275 267|175 75|175 321|290 175|75 298|75 267|290 321|298 267|204 75|75 321
46:0 175 440|363 203|103 60|228 230|73 363|230 97|68 103|60 97|60 203|175 230|68 97|60 440|228 232|68 203|68 175|232 97|68 228|228 203|73 203|363 228|363 230|68 440|73 228|440 203|363 97|103 232|363 232|73 440|60 230|103 363|68 60|103 97|175 363|68 230|230 203|73 230|97 203|175 97|228 97|228 440|363 440|103 203|230 440|97 440|103 175|232 440|68 73|103 228|363 60|175 203|68 232|103 440|232 203|175 228|73 232|68 363
48:0 476 103|476 290|103 290|226 390|97 234|226 97|290 226|97 390|103 226|476 97|476 234|290 97|103 97|290 234|103 390|290 390
50:0 103 426 310 515 228 262 246 179 29 251 185 253 203
52:0 204 289 274 39 175 95 180 231 316 386 387 133 492
54:0 238 290 426 193 227 109 60 281 485 95 214 248 287
56:0 68 193 227 279 179 264 214 265 96 251 370
58:0 34 257 37 343 394 38 242 24 231 234 336 370 83
60:0 114 352|301 352|170 287|227 352|150 203|54 150|114 203|301 150|227 150|227 114|227 301|54 352|352 203|170 150|170 352|150 287|170 114|54 203|114 287|227 287|54 227|170 203|227 203|301 203|352 287|114 150|170 301|170 227|170 54|54 287|287 203|54 114|352 150
63:0 227 112|379 385|227 385|112 385|112 470|385 470
66:0 68 227|68 418|227 321|379 96|227 370|265 370|227 265|27 96|418 370|68 96|68 484|68 379|265 418|379 418|484 370|96 321|96 370|265 96|484 265|68 27|27 370|227 96|418 96|484 418|68 370|68 265|27 418
69:0 345 331|331 321|275 311|227 321|363 331|141 331|227 363|345 438|275 321|275 438|345 363|311 345|227 331|275 345|275 499|311 363|275 227|275 363|438 321|311 331|345 321|275 331|363 438|363 321|331 438|141 363
72:0 392 243|114 321|392 62|330 321|62 114|392 145|392 109|109 145|109 367|243 145|243 109|229 62|330 114|145 114|62 321|109 229|145 321|109 321
74:0 5 203|359 203|5 264|174 175|203 475|359 174|359 175|431 475|264 203|174 475|175 475|5 175|174 203|175 203|174 431|174 264|359 5|359 264|174 5|175 264
77:0 204 172 37 445 38 24 95 234 32 67
79:0 23 382|187 23|23 300|187 382
83:0 119 189 376 343 174 175 193 211 279 297 348 400 98 355 16
84:0 119 48|413 185|413 372|114 185|413 114|363 185|363 114|119 185|119 413|48 185|413 48|119 363|363 48|363 372|185 372|114 372|175 413|119 114|114 48|119 175|413 363|175 363|119 372|48 372
86:0 255 256 324 122 21 227 195 214 231 333 352 252 32 50 254
88:0 325 174|325 212|325 286|122 174|174 491|256 174|114 184|491 254|325 184|255 491|122 114|256 491|174 286|174 212|256 254|255 174|212 286|255 256|325 114|122 184|255 254|174 254|256 114|325 122|184 286|212 184|114 286|212 114|255 114|425 174|425 286|425 212|174 114|425 325|174 184|114 254|122 212
90:0 103 350|36 419|392 61|112 419|229 352|341 352|103 392|229 419|341 419|112 350|341 61|350 352|103 41|229 350|392 112|341 350|103 341|61 112|350 419|229 61|419 352|61 352|103 112|103 229|103 352|61 419|103 419|341 229|36 352|61 350|229 112|392 350|103 61|112 352|392 352
92:0 310 195|123 310|310 50|499 149|123 114|499 114|123 149|149 50|114 184|184 288|149 288|114 288|195 149|123 499|310 499|310 288|184 50|195 288|123 288|50 288|310 184|310 149|310 114|499 288|114 50|114 149
95:0 205 484|175 111|205 350|175 484|431 111|431 484|431 350|205 175|175 350|484 111|484 350|205 111|111 350|205 431
96:0 290 274|290 427|290 385|274 427|290 260|290 112|427 112|427 385|112 385
98:0 498 246|246 321|114 321|114 203|133 321|97 203|117 321|246 114|246 97|321 203|133 203|117 203|246 133|246 117|246 203
102:0 275 246|267 236|275 174|275 384|267 437|246 267|246 384|381 267|381 437|246 236|384 437|437 236|275 437|381 236|275 267|275 381|275 236|246 437|174 246|174 437|381 246|384 267
104:0 103 498|187 203|187 498|195 203|195 246|197 203|187 103|130 203|246 203|246 130|24 197|24 203|498 203|498 130|103 197|103 203|103 246|498 24|498 246|103 24
108:0 34 187|174 330|34 222|34 265|187 174|34 359|174 133|222 359|222 174|359 174|34 174|34 133|359 330|187 133|34 330|359 265
109:0 174 288|103 288|256 174|103 256|149 288|256 254|255 174|255 256|174 60|255 103|60 149|174 254|255 254|103 174|103 254|103 149|174 149|103 60|60 288
111:0 68 306 222 174 242 431 179 231 130 422 423 407 424
113:0 426 203|312 363|363 217|217 118|217 203|426 363|68 217|363 118|312 118|363 203|312 203|68 363|118 203|68 118|68 203
114:0 73 437|93 267|93 384|267 133|384 133|476 93|267 437|476 133|73 133|175 267|384 437|476 175|93 437|73 267|73 384|437 133|476 73|175 437|73 93|384 267
115:0 68 38|359 193|306 23|68 264|68 116|376 38|306 359|23 509|359 50|376 264|38 264|38 116|68 306|23 193|264 116|68 50|376 50|193 264|359 23|306 38|38 23|306 264|23 50|264 50|116 50|68 193|68 23|68 359|376 23|38 193|23 264|23 116|359 38|68 376|359 116|359 264|38 50
116:0 499 330|225 352|190 352|13 82|352 82|175 330|225 175|352 13|352 50|175 62|62 50|62 150|330 150|225 150|499 352|62 352|175 352|175 150|225 82|175 82|330 352|190 62|82 150|190 175|352 150
118:0 56 114|60 114|341 56|34 189|34 300|341 60|56 130|189 114|189 300|56 60|341 114|341 189|341 300|34 130|34 56|189 56|189 130|56 300|130 300|189 60
122:0 109 252|358 417|95 252|109 417|417 248|298 95|417 95|95 248|417 252|298 252|358 252|417 471
123:0 211 405|226 211|226 432|211 318|179 405|68 405|68 226|68 318|211 203|179 318|432 203|226 405|432 318|226 318|211 179|68 211|211 432|68 432|432 179|68 179|405 203|226 203|432 405|68 203|179 203|318 405|318 203
127:0 175 185|175 364|175 382|370 31|364 382|175 31|98 185|364 98|31 185|364 31|382 98|364 185|175 370|364 370
131:0 193 248|246 349|246 250|246 287|248 250|174 250|349 250|174 287|248 287|174 90|250 287|193 419|193 246|250 32|174 193|90 419|349 419|174 248|90 246|246 321|174 32|174 321|193 287|193 250|287 321|246 419|250 321|419 321|174 419|248 419|419 287|174 246|419 250|90 287|90 250|419 32|246 32
133:0 204 273 343 174 175 363 313 500 281 485 197 321 203
138:0 61 117|114 390|48 390|250 390|61 114|62 114|21 330|21 62|21 48|114 250|191 390|250 48|250 117|61 390|62 390|21 352|330 390|191 48|191 250|378 114|378 48|378 250|61 250|62 250|21 117|21 61|21 114|330 114|191 61|62 48|378 61|191 62|330 48|330 250|378 62|378 330|330 117|352 390|114 352|352 48|250 352|352 117|330 61|61 62|21 250|191 352|48 117|61 352|330 352|62 352|378 352|61 48|114 48|378 390
140:0 193 229|103 109|175 61|175 62|193 61|103 175|103 193|229 61|229 62|175 109|175 229|61 62|103 229|193 109|109 229|103 61|109 61|103 62
142:0 225 228|174 211|193 211|211 372|228 372|211 228|18 193|18 372|225 211|18 211|18 228|174 193
143:0 68 38|38 228|38 363|174 90|68 90|18 174|363 228|18 38|38 90|18 228|90 363|68 174|18 363|204 363|174 228|68 204|38 174|174 363|68 228|204 38|68 363
147:0 453 352|453 114|114 352|453 48|54 48|225 114|352 48|114 48|54 453|54 352|54 114|225 352|54 225|245 352
152:0 246 267|246 320|175 437|275 175|378 437|68 505|246 437|275 246|267 287|22 73|73 505|68 287|378 175|22 246|437 320|378 246|73 287|68 175|267 320|378 320|68 267|68 320|267 437|73 267|73 320|275 320|275 267|68 437|175 246|68 275|73 437|275 437|275 73|378 267|68 378|22 175|22 267|378 73|275 378|22 320|437 287|22 437|175 287|275 22|68 73|246 287|378 287|68 246|378 22|68 22|73 246|175 267
155:0 306 154 37 326 343 394 38 481 193 24 179 267 98 336
158:0 346 300|246 300|300 352|453 352|246 349|346 232|232 352|246 453|346 352|346 313|349 352|246 232|313 352|346 246|246 352|232 300|300 453|349 232|232 453|346 453|349 453
161:0 204 274 343 38 363 228 179 163 231 387 116 271
163:0 119 48|119 297|17 101|18 101|297 48|17 119|119 432|119 18|119 185|432 48|48 185|17 297|18 297|119 97|17 432|18 432|119 101|17 185|297 97|18 185|17 18|432 97|297 101|97 48|97 185|17 48|432 101|18 48|17 97|185 101|18 97|297 185|432 185|432 297
165:0 103 264|227 146|227 264|227 117|60 264|103 60|103 117|264 117
167:0 50 390|226 228|41 228|476 50|226 400|41 400|228 400|228 49|60 390|476 60|226 41|400 49|60 50|400 390|226 50|226 390|41 390|228 390|226 60|476 228
170:0 250 133|362 250|97 250|103 362|60 250|103 250|54 352|351 352|352 133|97 352|54 351|60 352|351 133|250 352|351 97|103 352|60 351|54 362|362 351|362 352|351 250|103 351|54 133|362 133|60 97|362 60|54 250|103 60|103 97|362 97
172:0 273 3 175 227 516 381 9 179 217 268 252 117 321 203
173:0 187 133|312 118|217 118|150 118|273 321|313 150|133 118|500 217|500 150|150 321|133 150|102 118|217 321|102 313|102 500|273 217|312 150|102 187|102 321|312 500|313 500|313 118|500 118|312 321|313 321|500 321|187 500|102 273|102 312|321 118|187 118|102 150|102 217|102 133|500 133|273 313|273 500|273 118
174:0 273 185|445 386|445 217|445 185|386 185|273 445|217 185|313 185|445 313|445 195|313 386|273 217|273 313
175:0 290 375|290 193|119 326|381 234|290 64|326 193|375 381|248 64|500 217|326 64|375 417|290 500|381 248|381 417|119 64|290 217|375 248|119 417|248 217|119 375|381 64|375 500|375 326|375 193|290 326|417 64|381 500|500 248|290 234|375 64|119 193|119 500|381 217|193 64|290 248|290 381|500 64|417 217|119 290|290 417
177:0 114 389|211 485|114 185|98 287|211 287|114 98|114 65|485 185|297 485|211 98|297 98|211 297|114 287|211 65|98 389|297 65|297 287|211 389|98 185|65 389|287 389|65 185|211 185|297 185|211 114|98 65|297 114|185 389|297 389
179:0 34 103 36 495 260 231 316 28 97 268
183:0 133 287|195 248|330 133|34 48|453 133|248 287|330 287|248 453|187 133|453 287|34 195|34 133|248 133|34 287|34 330|187 195|34 453|187 287|34 187|248 217|34 248|195 287|48 133|34 217|48 287|330 48|195 453|453 48
185:0 120 205|120 174|120 328|111 203|205 203|328 203|120 29|120 203|205 328|120 106|205 174|174 328|120 111|205 29|174 29|106 29|328 29|205 106|106 174|106 328|205 111|174 111|174 203|111 29|328 111|106 111|29 203|106 203
187:0 227 312|38 203|38 93|93 203|227 133|227 203|227 538|312 203|133 203|38 133|38 227|38 312
190:0 68 340 103 3 343 21 228 279 415 180 97 251 252
191:0 230 203|230 234|174 203|267 234|174 230|267 117|267 203|227 230|234 203|227 203|117 203|230 117|230 267
193:0 38 364|38 179|290 38|38 185|38 141|141 318|290 318|179 318|18 38|318 185|18 290|38 318|18 364|364 318|18 141|141 364|290 141|290 179|290 364|141 185|364 179|179 185|18 318|290 185|364 185
194:0 34 68 255 256 495 105 174 227 24 246 214 300 491 254
198:0 413 297|119 297|109 65|195 297|103 109|375 109|119 18|375 297|119 413|18 297|119 375|119 65|18 413|297 65|119 195|18 375|18 103|413 65|109 297|103 413|18 109|18 65|375 65|413 109
200:0 262 389|174 417|417 286|174 466|194 389|425 262|466 286|174 262|103 466|174 194|103 262|425 194|103 194|174 286|425 417|103 286|262 417|262 466|103 174|425 389|174 389|194 417|286 389|194 466|103 389|262 286|466 417|194 262|425 174|425 286|425 103|194 286|417 389|425 466|466 389
203:0 273 290 36 243 277 193 24 212 248 13 251 285 133
204:0 379 390|379 129|379 203|175 129|68 42|42 203|42 129|129 390|279 203|203 390|328 129|279 390|328 203|328 379|68 175|175 279|175 390|175 328|129 203|68 279|68 390|328 390|68 328|175 203|42 390|68 129|68 203
206:0 290 376 173 174 310 277 246 44 214 29 97 506 117
207:0 364 97|431 97|68 226|342 38|364 232|431 232|38 328|226 400|232 13|17 13|328 379|364 400|17 232|400 97|400 232|38 431|38 364|68 38|226 13|226 232|68 97|38 400|17 226|232 97|400 440|379 400|68 440|97 13|38 232|342 440|226 97|17 97|328 364|68 328|431 400|38 13|38 226|328 400|68 364|17 38|342 431|68 400|226 440|38 379|364 13|38 97|342 400|97 440|68 13|232 440|342 226|17 364|17 68|68 232|400 13|342 97|38 440|17 400|226 364|226 431
209:0 102 173 38 242 264 265 215 217 370 422 185 423 118 424
211:0 453 352|61 114|61 48|61 352|114 352|175 61|352 48|114 48|175 114|61 491|175 48|114 491|352 491|175 453|310 352|175 352|61 453
213:0 189 230|51 189|189 367|328 350|51 515|189 515|189 328
214:0 38 117|38 228|69 264|106 264|228 117|38 264|228 264|264 117|175 279|69 175|106 175|106 279|69 279|38 175|69 106|175 228|38 279|175 117|69 38|38 106|106 228|69 117|279 264|175 264|279 117
215:0 68 306 274 193 228 364 8 44 180 419 386 420 252 458
216:0 68 187 238 69 36 38 242 498 313 281 400 214 232 370
218:0 205 256|205 262|255 205|256 174|174 262|262 517|517 151|256 254|255 174|205 254|255 256|262 254|256 108|255 262|108 262|256 262|205 174|255 254|174 254|255 108|256 151|262 151|205 108|174 108|255 151|108 254|205 151|174 517|174 151|151 254
220:0 34 341 36 38 174 446 90 246 44 333 419 556
222:0 275 133|112 333|352 117|275 174|103 109|267 352|54 267|103 133|54 174|275 352|275 109|174 133|54 352|109 133|352 457|275 112|112 133|133 457|54 117|352 133|103 112|174 352|103 352|174 109|103 333|109 112|54 109|109 352|54 133|333 352|174 117|112 352
223:0 341 48|103 350|175 129|323 129|129 114|341 129|190 114|350 114|190 350|129 48|103 175|341 175|341 350|114 491|103 341|190 48|190 491|350 48|341 491|103 48|190 129|175 114|129 350|323 190|341 114|114 48|350 491|341 190|103 129|175 48|190 175|323 350|103 190|175 350
225:0 516 8 229 196 248 62 301 420 98 150 252
226:0 346 300|21 133|239 243|21 114|243 133|21 150|239 150|239 114|239 346|300 150|300 114|243 346|21 346|346 133|114 133|243 150|114 150|239 21|239 300|21 300|243 300|346 150|300 133|346 114
227:0 385 203|413 372|372 203|18 372|413 228|385 65|65 372|413 203|18 413|228 203|18 228|18 203|174 413|174 203|413 65|228 65|228 372|65 203|18 65
228:0 68 228 364 179 417 180 386 251 99 422 83 389 424
231:0 34 68 189 173 90 246 484 283 420 116 457
234:0 37 224 326 428 24 382 44 180 300 99 50
236:0 418 183|229 203|136 229|183 203|228 364|364 229|228 183|68 170|136 170|68 410|170 364|410 203|136 410|68 418|418 203|68 136|136 418|68 203|136 203|68 228|364 183|228 203|136 228|228 229|410 418|68 183|136 183|170 229|410 228|410 229|410 364|68 364|364 203|136 364|170 410|228 418|229 418|364 418|229 183|170 418|170 203|410 183|170 228|68 229|170 183
238:0 445 96|357 417|358 417|273 417|445 252|96 252|357 445|273 445|358 445|417 96|273 96|358 96|445 417|417 252|273 252|358 252
239:0 238 96|223 364|364 264|238 27|27 96|223 264|264 112|2 264|238 364|238 223|112 96|223 96|238 2|2 96|364 96|223 27|238 264|2 27|364 27|264 96|223 359|223 112|2 223|359 264|264 27
240:0 394 183|238 103|394 116|2 5|2 116|5 116|103 2|238 223|103 5|187 238|183 116|5 183|238 2|238 116|238 5|103 112|103 223|223 183|187 5|187 116|223 112|2 223|187 223|223 5|223 116|5 112
241:0 69 359 38 174 531 363 179 146 214 386 217 270 203
246:0 23 349|246 349|349 372|228 116|246 116|228 246|23 372|246 372|174 372|174 23|349 116|23 228|174 228|23 246|23 116|174 246|116 372|228 372|174 116
252:0 306 331|306 242|306 437|73 13|242 331|73 363|242 437|345 363|242 300|363 13|345 320|331 320|437 320|225 363|363 24|345 331|331 437|242 73|363 300|73 320|73 345|73 331|306 363|73 437|242 363|345 13|345 437|331 13|437 13|225 242|363 320|225 331|24 331|225 437|24 437|363 437|363 331|331 300|300 437
255:0 68 306 174 226 481 364 297 179 400 265 97 387 67 203
258:0 23 253|38 287|174 124|38 243|174 287|44 287|68 38|174 243|243 44|68 44|38 253|426 281|246 281|68 419|23 44|426 23|174 253|44 253|68 124|426 287|426 419|281 253|124 281|68 287|469 287|174 23|38 44|68 243|426 38|426 301|426 469|426 174|246 301|426 44|243 246|38 469|68 253|38 174|174 469|44 469|174 44|124 246|23 281|243 419|68 426|246 419|419 253|38 281|124 419|243 287|281 301|68 174|246 287|174 281|281 44|23 246|253 287|38 23|246 253|38 301|38 246|174 301|281 419|68 281|23 419|174 246|246 44|419 287|426 243|426 246|281 287|23 287|243 469|426 253|38 419|246 469|419 301|426 124|38 124|68 301|174 419|68 23|44 419|68 246
261:0 289 343 310 382 43 281 214 422 389 423 305 424
263:0 204 493 189 431 228 214 270 321 271
270:0 68 73|55 175|230 321|55 230|55 321|175 230|68 55|68 175|68 298|68 230|175 75|73 298|175 321|73 230|68 75|75 298|75 230|73 75|230 298|73 321|75 321
273:0 36 73 432 331 417 384 13 98 251 133 388 492
276:0 119 432|18 143|228 48|18 48|119 48|119 228|211 48|119 211|413 143|413 211|48 99|143 99|143 287|18 413|211 287|143 432|211 432|413 432|413 228|143 228|18 287|211 228|143 48|18 432|413 99|432 287|119 143|143 211|18 228|228 287|119 18|228 432|99 287|18 211|432 99|413 48|228 99|119 413|119 99|211 99|119 287|432 48
278:0 239 16|392 16|239 392|392 362|392 346|362 16|239 362|346 16|239 346|362 346
280:0 212 288|425 109|425 262|109 288|262 212|425 194|262 288|227 194|425 50|109 262|109 194|194 288|109 212|50 288|109 50|485 50|194 262|425 212|425 288|194 212|262 50|194 50|212 50
283:0 453 203|56 453|60 453|341 203|56 193|341 56|170 341|193 203|193 60|341 60|56 203|170 203|60 203|341 453|193 453|56 60|341 193|170 56
285:0 204 264|204 358|363 313|363 331|363 264|313 331|313 264|331 264|358 313|358 331|358 264|204 363|358 363|204 313|204 331
287:0 34 306 359 495 173 174 228 400 163 214 321
290:0 400 203|400 405|318 185|318 16|318 405|318 203|515 405|405 185|515 203|405 16|405 203|185 16|185 203|400 318|16 203|400 185
293:0 36 359 173 326 108 313 265 283 509
296:0 223 193|279 197|279 264|68 469|418 185|223 197|238 223|68 279|68 223|193 418|238 364|279 469|197 185|264 185|264 418|197 418|418 469|68 418|193 197|193 264|223 469|264 197|364 185|223 279|279 418|364 469|68 264|68 197|193 364|498 193|238 185|364 264|364 197|238 469|498 264|498 197|223 418|238 279|498 469|68 498|238 193|68 364|193 185|238 197|364 418|68 185|223 264|68 238|279 364|238 418|279 185|68 193|223 185|193 469|223 364|223 498|193 279|264 469|197 469|238 264
298:0 227 321|34 227|227 487|330 321|34 313|47 321|330 287|34 47|227 313|34 287|313 321|34 330|227 47|313 47|227 287|227 330|487 321|287 321|47 287|487 287|34 321|34 487
299:0 205 203|222 203|38 203|205 222|205 38|222 38
300:0 493 273 426 428 445 226 313 387 252 253 270 321 389
302:0 105 364|260 389|260 364|364 389|105 417|445 236|445 389|260 417|368 389|364 417|105 445|236 389|445 260|445 364|445 417|105 389|417 389
303:0 445 21 246 368 385 386 422 321 389 423 305 424
304:0 174 457|34 103|23 457|174 407|34 265|23 407|103 265|34 23|34 174|103 23|103 174|23 265|174 23|103 457|34 407
307:0 290 223|418 252|290 418|223 193|290 226|223 252|427 385|290 193|223 418|226 252|193 252|385 252|223 226|290 385|193 418|384 252|290 384|427 252|226 193|290 427|226 385|223 427|290 252|226 384|427 226|384 385
309:0 174 242 481 415 129 435 486 351 29 422 253 423 424
311:0 273 186|435 186|273 435|381 435|381 47|47 186|381 186|273 381|273 47
312:0 273 186|435 186|273 435|381 435|381 47|47 186|381 186|273 381|273 47
313:0 226 227|146 318|226 146|69 146|227 146|69 318|69 226|226 318|69 227|227 318
314:0 226 109|445 318|226 313|445 226|445 74|226 318|445 109|445 313|109 318
315:0 79 437|363 75|363 42|363 178|75 178|363 79|42 178|178 79|75 79|170 363|363 437|75 437|191 42|191 363|191 178
316:0 123 151|123 194|174 194|189 151|174 151|189 123|189 174|123 174|189 194
318:0 362 246|37 246|38 246|362 129|56 246|37 129|38 129|56 129|246 129|37 38|37 56|37 362|38 56|38 362|56 362
320:0 34 392 37 173 428 38 174 90 111 214 487 321
322:0 34 255 442 205 256 426 257 23 246 111 281 336 184 203 254
324:0 90 481 499 281 214 130 284 203
325:0 18 326 428 243 381 248 285 133 203 271
327:0 272 273 274 427 226 227 313 229 196 265 352 252 50 271
328:0 175 210|341 16|341 203|175 203|175 116|98 116|341 210|98 16|210 98|210 116|210 16|210 203|98 203|116 203|16 203|341 98
331:0 298 50|51 298|223 265|415 50|345 298|223 320|223 50|68 417|51 223|68 50|51 68|265 50|223 417|51 345|68 298|68 415|417 265|415 417|68 223|223 298|345 320|345 417|417 50|223 415|298 265|68 265|68 345|68 320
333:0 228 297|114 407|228 114|97 114|114 99|211 97|211 384|211 99|297 97|211 297|97 99|97 407|228 97|99 407|211 407|228 99|211 228|297 384|384 114|211 114|297 114
335:0 68 154 174 175 515 24 364 400 231 232 13 50 458
336:0 34 255 256 378 515 415 400 231 386 184 372 254
339:0 56 330|36 209|209 250|175 349|56 175|349 250|175 250|175 330|341 56|330 250|37 349|341 175|36 250|37 250|36 330|37 330|36 175|341 330|37 175|56 209|341 36|341 37|175 209|36 56|37 56|56 349|36 37|56 250
341:0 246 300|34 246|376 38|246 349|38 246|376 300|34 498|34 300|38 498|34 232|34 349|498 300|38 300|246 232|38 232|38 349|498 232|232 300|376 246|498 349|349 232|34 38|498 246|34 376
345:0 105 203|72 203|174 203|243 112|105 112|112 321|112 203|243 203|105 174|321 203|105 243|174 243
347:0 103 229|28 352|28 440|103 352|352 440|229 28|174 352|103 28|103 440|229 352
349:0 114 321|54 243|54 95|95 114|362 109|109 300|54 445|362 114|225 362|445 243|445 95|362 300|54 321|300 114|109 114|445 321|243 109|225 114|445 362|54 362|445 109|54 109|54 300|362 95|243 362|109 95|109 321|445 114|243 300|445 225|445 300|362 321|54 225|54 114
351:0 466 133|248 50|466 248|381 506|506 50|248 133|499 506|506 133|466 506|381 50|248 506|499 466|499 133|381 466|133 50|466 50|381 133|381 248
352:0 289 105 277 417 146 285 252 50 271 492
353:0 193 50|310 50|466 286|286 441|193 228|194 228|109 466|228 50|310 286|109 194|109 286|228 466|193 109|193 466|194 466|109 50|310 109|194 441|193 194|228 286|466 50|310 466|193 286|50 441|194 286|310 228|194 50|310 193|109 228|310 194|286 50
355:0 194 286|262 286|194 262|194 466|262 466|194 288|262 288|286 185|466 286|194 185|262 185|466 185|286 288|466 288|185 288
357:0 174 331|267 13|331 29|21 348|349 29|21 267|73 331|331 349|348 29|21 174|29 267|73 13|331 348|73 348|331 267|174 29|29 13|73 267|331 13|21 73|174 73|349 13|348 267|21 29|21 331|348 13|21 13|73 29
358:0 273 50|174 95|95 50|248 50|174 248|174 50|500 95|500 248|273 95|273 248|500 50|95 248|273 500
359:0 224 428 38 174 226 277 195 212 382 386 506 185 372 389
361:0 205 117|205 50|419 117|419 50|205 419|205 191|506 50|191 419|311 50|311 419|205 311|313 117|313 50|311 506|191 311|205 313|313 506
363:0 255 205 256 324 392 174 90 346 281 214 352 254
366:0 362 112|48 203|34 300|362 48|392 300|330 287|34 392|109 300|352 287|392 109|287 203|362 330|392 112|300 48|330 300|34 330|392 48|34 48|362 203|300 352|34 112|34 352|34 109|392 330|109 112|330 48|109 352|300 203|362 352|112 352|362 287|392 203|352 48|109 48|34 287|34 203|362 300|109 287|330 203|300 287|34 362|330 352|392 352|392 287|112 287|109 203|48 287|352 203|362 109|112 203|392 362
369:0 330 130|189 346|330 133|222 189|341 346|362 330|222 362|341 133|346 130|189 362|346 133|222 330|341 362|222 133|189 330|341 330|362 346|222 341|341 189|362 130|346 330|189 130|222 346|362 133|189 133|130 133
370:0 453 505|300 48|362 300|346 300|362 150|362 48|346 48|362 453|346 453|362 505|346 505|362 346
371:0 37 407|37 111|37 203|111 203|82 407|111 82|56 82|37 424|239 37|111 424|239 111|407 424|82 203|37 349|111 349|349 407|239 82|239 407|82 424|203 407|56 111|56 203|349 82|349 424|37 82|239 424|239 203|203 424|239 56|56 424|239 349|349 203|56 349|37 56
387:0 38 74|256 133|256 254|34 133|255 256|133 254|34 256|74 133|37 133|38 133|256 74|255 254|256 38|133 321|34 255|255 74|255 38|34 328|34 254|34 38|74 254|37 328|321 254|38 328|38 254|255 321|37 38|34 321|256 321|34 37|34 74|74 321|38 469|38 321
390:0 68 257 274 227 7 24 501 9 264 299 116 252 66 270
393:0 392 189 173 56 175 297 196 281 300 97 48 117 458
396:0 228 297|297 28|297 31|310 211|38 297|211 279|193 253|193 28|193 211|197 253|28 31|193 31|211 197|310 228|297 253|310 297|310 31|38 193|279 28|211 228|193 297|279 31|211 253|38 310|297 197|310 253|228 28|211 297|228 253|279 297|28 253|228 31|38 28|211 28|279 253|31 253|38 31|211 31|38 228|38 253|193 279|38 211
399:0 154 205 38 346 431 111 214 316 401 130 98 203
403:0 324 36 24 400 129 351 98 336 422 270 423 424
406:0 75 320|363 75|75 178|326 75|191 42|75 437|75 79|42 320|79 320|326 79|363 79|178 79|191 320|363 42|79 437|42 178|191 363|170 320|170 363|326 320|437 320|363 320|191 178|178 320|326 437|363 178|326 363|363 437
408:0 18 21|18 242|18 174|359 242|18 38|21 242|359 21|21 174|242 23|359 23|21 38|174 23|174 242|38 23|359 174|37 23|37 242|18 23|37 174|38 242|359 38|38 174|37 38|21 23
410:0 174 90|38 116|350 29|68 29|68 184|174 29|68 103|34 350|34 68|34 174|90 29|38 350|68 38|103 174|174 350|38 174|34 29|34 90|38 90|350 184|174 116|68 116|29 184|103 29|38 469|34 184|174 469|34 103|103 184|68 350|38 184|103 38|68 174|174 184|68 90|116 184|38 29|29 116|34 38|34 116|103 116
417:0 205 343 39 175 260 516 313 111 44 231 266 268
418:0 154 392 189 3 226 210 415 382 163 316 401 29 541
420:0 267 321|311 320|111 267|111 320|312 320|205 363|311 230|205 321|363 75|75 321|75 505|312 267|205 111|311 111|111 230|205 312|361 111|361 312|75 111|267 320|312 75|361 363|363 230|205 267|205 320|230 321|361 321|75 267|75 320|361 505|363 505|230 505|311 363|363 111|312 363|205 311|205 230|312 230|312 321|111 321|205 75|311 75|75 230|205 361|363 320|312 505|363 321|230 267|230 320|311 312|312 111|363 267
422:0 174 124|262 133|255 54|362 499|174 254|68 256|174 243|68 376|174 133|54 254|54 243|68 124|68 255|54 90|174 362|68 54|281 254|255 281|124 281|256 281|499 254|54 133|255 499|124 499|256 90|256 499|68 254|54 362|262 281|68 243|281 133|499 262|499 133|376 362|255 90|174 262|68 133|68 362|90 254|499 281|54 174|256 254|255 256|256 124|68 262|90 362|256 133|376 133|255 254|68 174|255 124|174 281|174 499|255 133|54 281|124 254|243 362|376 281|133 254|174 90|243 133|124 133|362 254|68 281|255 362|124 362|256 362|362 262|362 133|256 174|376 174|262 254|255 262|90 281|124 262|256 262|256 54|255 174|362 281
425:0 34 499|262 432|432 114|95 114|262 95|194 95|499 262|499 114|194 432|432 50|499 194|311 432|34 114|34 262|34 194|311 499|34 311|34 95|432 95|262 114|194 114|499 95|194 262|34 50|34 432|262 50|114 50|194 50|311 50|95 50
427:0 327 175 227 7 313 415 8 9 264 383 252 67 186 458 509
431:0 289 358 39 175 313 44 28 98 387 372
433:0 273 50|174 95|248 50|95 50|105 248|174 50|174 248|500 95|500 248|105 174|273 95|273 248|500 50|95 248|273 500
434:0 38 123 242 310 481 228 43 231 114 386 184 492
438:0 120 205|120 174|120 328|111 203|205 203|328 203|120 29|120 203|205 328|120 106|205 174|174 328|120 111|205 29|174 29|106 29|328 29|205 106|106 174|106 328|205 111|174 111|174 203|111 29|328 111|106 111|29 203|106 203
439:0 109 252|358 417|204 248|95 252|361 252|109 417|204 361|417 95|417 248|298 95|204 252|95 248|298 252|417 252|417 471|358 252
440:0 426 203|312 363|363 217|217 118|217 203|426 363|68 217|363 118|312 118|363 203|312 203|68 363|118 203|68 118|68 203
441:0 227 432|211 417|211 48|417 101|227 314|432 417|432 48|314 48|211 97|432 314|227 417|211 101|97 48|432 97|211 432|432 101|417 48|314 97|211 314|314 101|314 417|227 211
442:0 194 286|445 286|108 194|108 288|445 288|194 288|171 445|171 286|445 108|286 288|445 194|171 194|171 288
443:0 431 184|34 184|34 239|239 341|37 184|38 184|239 184|239 37|239 38|34 232|239 225|232 184|431 232|37 232|38 232|34 225|225 184|239 232|37 225|38 225|34 341|341 38|34 38|37 38|34 37
446:0 68 204|38 228|204 120|174 228|68 120|68 38|204 38|120 38|68 174|120 174|18 174|18 38|38 174|68 228|18 228
447:0 136 170 238 410 242 327 44 197 299 418 266 334 97 67 509
449:0 34 255 18 256 174 328 279 214 303 254
451:0 28 97|18 163|103 28|109 28|41 185|103 109|342 97|163 97|342 28|103 342|163 28|103 163|41 97|163 185|103 41|109 163|342 185|97 185|342 41|41 163|18 97|28 185|18 103|103 185|103 97|342 163
453:0 238 358|382 265|223 367|68 223|367 96|358 252|29 252|223 410|364 367|358 410|410 96|68 364|410 364|68 418|382 29|358 265|68 265|410 367|238 410|367 252|223 96|410 382|223 364|410 252|364 96|358 364|223 418|238 29|96 29|358 29|223 265|68 252|358 418|418 96|265 96|410 265|238 364|364 418|367 418|68 382|238 418|238 265|364 252|367 29|223 252|382 418|418 252|96 252|265 252|410 29|364 265|68 238|68 96|68 358|265 418|238 252|382 96|364 382|223 29|238 382|410 418|364 29|238 223|68 367|358 223|238 96|382 252|418 29|358 96|265 29|68 410|68 29
455:0 73 345|345 75|73 320|75 320|345 78|73 79|345 79|78 320|75 79|79 320|78 79|73 78|476 21|75 78|21 75|21 345|345 320|21 73|21 79|476 73|73 75|21 78|476 78|476 79
456:0 150 321|175 362|175 60|175 97|175 62|97 150|362 186|362 150|97 186|204 97|175 186|60 62|204 175|175 321|175 150|204 362|60 97|150 186|362 60|362 97|204 186|362 62|204 150|362 321
458:0 346 300|21 133|239 243|21 114|243 133|21 150|239 150|239 114|239 346|300 150|300 114|243 346|21 346|346 133|114 133|243 150|114 150|239 21|239 300|21 300|243 300|346 150|300 133|346 114
459:0 345 331|331 419|73 419|73 345|38 74|74 419|345 74|363 331|38 419|38 345|73 363|74 363|38 363|38 73|73 331|74 331|38 331|345 419|38 23|345 363|23 130|130 419|23 74|363 130|345 23|23 419|23 363|73 23|331 130|363 419|73 130|74 130|38 130|23 331|73 74
495:0 137 239 445 243 345 363 228 212 230 231
498:0 34 222 37 343 174 276 484 281 214 283
501:0 103 376 362 383 400 197 403 372
504:0 103 175 193 228 279 231 372
506:0 204 189 122 228 281 28 336 422 423 203 424
509:0 204 343 6 227 313 281 185 492
511:0 272 343 310 345 331 417 437 320 321 67
513:0 272 257 343 310 7 417 214 83 321 67
515:0 272 392 343 310 56 417 401 300 321 67
517:0 290 174 226 277 112 129 214 49 270
519:0 516 211|516 381|211 381|211 95|516 234|273 211|381 234|273 516|273 381|273 234
522:0 103 36 38 24 382 28 351 99 203
524:0 222 484|174 475|174 484|222 174|36 174|199 475|222 199|484 475|222 475
527:0 204 260 313 500 485 282 48 270 355
529:0 306 414 431 229 130 334 319 66
531:0 361 133|361 516|227 186|381 186|227 381|516 186|133 186|281 186|227 516|361 186|227 281|361 227|273 381|516 381|273 516|273 186|227 133|273 281|381 281|381 133|273 361|273 227|516 281|516 133|361 381
532:0 183 203|197 265|68 469|469 203|68 265|265 203|179 197|179 183|197 183|193 203|395 179|197 203|68 203|193 197|4 203|395 193|395 197|68 197|395 265|68 183|4 197|4 183|68 395|395 203|193 179|193 183|179 469|68 4|469 183|179 265|193 469|68 193|395 469|68 179|4 193|197 469|193 265|179 203|265 469
535:0 426 287|300 352|300 287|426 54|352 287|54 300|54 352|426 300|426 352|54 287
540:0 403 13|170 318|97 318|170 97|103 226|226 382|170 103|103 318|318 403|170 403|97 403|293 318|103 403|226 318|293 403|97 13|103 13|170 382|382 97|226 13|226 403|318 13|103 97|170 226|226 97
543:0 36 390|36 42|191 390|41 390|41 42|42 390|36 191|36 41|191 42
546:0 227 320|227 363|227 321|363 262|363 313|227 313|313 321|227 262|363 320|363 321
548:0 230 203|204 230|117 203|320 117|363 117|230 320|363 230|204 203|275 320|275 117|275 363|320 203|204 320|363 203|275 230|204 363|363 320|230 117|275 203|361 363
550:0 362 250|97 250|61 250|250 99|341 129|362 330|279 129|330 250|341 97|341 61|279 61|279 250|341 362|97 99|341 330|129 97|61 129|129 99|362 129|362 279|362 97|61 97|362 61|129 250|362 99
551:0 68 38 431 228 212 251 116 422 253 424
554:0 36 172 359 227 264 281 214 116 203
556:0 452 320|191 331|73 331|73 452|331 452|191 73|331 320|191 320|73 320
557:0 400 203|68 400|174 203|191 203|328 400|68 174|68 191|328 203|68 328|174 191|174 328|191 328|68 203
559:0 68 409 428 7 8 9 349 197 133 252 185
561:0 211 500|500 246|211 246|375 211|375 246|375 500
562:0 417 203|262 286|171 417|377 286|377 203|171 377|262 417|286 203|171 286|262 203|313 203|417 286|171 262|171 203
564:0 282 352|250 352|34 282|34 21|88 282|34 250|34 352|21 282|175 282|34 175|21 250|21 352|175 250|175 352|21 175|282 250
566:0 211 432|211 44|432 44|432 282|211 282|44 282
568:0 120 205|350 28|120 174|174 300|120 191|350 300|191 350|205 174|120 350|174 28|120 300|174 191|191 28|205 350|174 114|205 300|205 191|174 350
570:0 68 289 326 445 262 399 197 389
572:0 189 39 175 313 214 231 282 401 203
574:0 357 445|212 399|445 243|445 212|445 399|357 399
577:0 290 151|290 101|109 286|109 151|310 286|310 151|310 101|290 310|290 109|286 151|286 101|151 101|109 101|310 109|290 286
580:0 362 211|362 314|362 381|362 382|211 381|381 314|381 382|211 382|211 314|314 382|362 16|211 16|381 16|119 211|314 16|119 16|119 314
582:0 181 352|181 420|352 420|363 475|363 181|363 352|363 286|363 420
585:0 226 363 313 214 316 97 235 320 388
587:0 204 343 310 226 231 351 403 321 355
588:0 224 228|68 103|224 30|68 224|103 224|228 30|228 185|68 30|68 185|68 228|103 185|103 228
590:0 34 77|34 111|205 203|34 205|34 78|77 203|111 203|78 203|77 111|205 77|205 111|111 78|205 78|77 78|34 203
592:0 109 151
594:0 54 203|243 287|243 203|287 321|287 203|321 203|54 243|54 287|54 321
595:0 40 431|40 185|431 228|40 440|40 228|431 42|228 440|42 185|42 440|40 50|228 42|40 42|42 50|431 185|185 440|440 50|228 185
597:0 73 431|191 331|431 331|73 331|191 73|191 431
605:0 417 50|112 100|112 50|385 100|385 50|310 417|417 112|417 384|100 50|417 385|112 384|112 385|384 385
607:0 445 114|445 151|445 203|499 114|114 151|114 203|499 203|151 203|445 499
610:0 400 203|68 179|68 400|106 203|13 116|179 203|68 106|68 116|13 203|116 203|400 13|68 203
613:0 227 8 264 281 400 214 419 372
616:0 38 364|38 191|38 228|189 364|226 364|38 203|228 364|189 228|226 228|189 203|191 228|38 227|191 203|470 203|226 227|189 227|38 226|189 38|364 203|170 38|189 226|228 203|191 226|227 203|170 203|38 470|226 203|189 470|227 470|170 226|170 189
618:0 310 281|174 281|174 351|310 351|174 310|281 351
619:0 226 364 382 265 282 233 67 203
621:0 228 389|422 389|342 389|137 342|137 422|228 424|342 424|232 424|306 424|306 228|137 389|422 424|342 228|228 422|137 228|389 424|342 422|306 422|137 424
624:0 427 389|228 389|279 389|228 279|212 389|29 389|228 29|279 29|212 29|427 29
626:0 442 341 189 23 431 130 29 133
629:0 211 212|211 184
631:0 34 35 257 174 228 400 214 185 321 389
632:0 226 431|226 185|226 203|431 422|422 185|431 185|422 203|103 226|103 422|103 431|185 203|103 185|103 203|226 422
633:0 310 458|422 423|422 458|103 422|422 424|457 458|423 458|423 424|372 458|103 423|424 458|103 372|103 424|103 458
636:0 106 203|193 203|234 203|106 234|193 234