2:0 80 124 130 133 174 203 204 206 267 275 311 320 335 338 345 437 438
3:0 124 130 133 174 203 204 206 267 275 311 320 345 437 438
5:0 44 68 187 206 232 242 246 251 264 307 335 349 394 406 407 512
6:0 44 68 187 206 232 242 246 251 264 335 349 407 512
8:0 54 114 175 193 206 243 252 266 281 287 300 308 323 330 335 362 392 453
9:0 54 114 175 193 206 243 252 266 281 287 300 323 330 335 362 392 453
11:0 33 81 173
12:0 33 81 106 334
14:0 40 81
15:0 40 81 106 334
17:0 185 193 211 228 314 413 432
18:0 185 193 211 228 314 413 432
20:0 68 103 154 172 179 279 382 515
22:0 13 18 98 161 184 185 211 297 310
24:0 21 50 184 228 251 305 342 389 415
25:0 3 117 175 179 186 203 204 217 227 252 253 268 273 321 344 381 417 516
26:0 3 19 21 29 45 97 117 175 179 186 203 204 217 227 252 253 268 273 321 344 364 381 417 435 486 516
28:0 68 175 203 232 341 400 431 498
30:0 36 48 50 68 116 130 203 204 228 251 342 498
31:0 36 44 45 48 50 68 116 130 154 203 204 228 242 251 260 305 342 390 445
33:0 36 48 50 68 93 133 203 251 342 389 457 498
34:0 30 31 32 36 43 48 50 68 93 133 203 251 260 342 389 390 445 457
35:0 102 133 150 186 187 204 217 253 273 312 313 321 345 383
36:0 1 34 45 102 111 133 150 186 187 204 217 227 236 253 266 273 309 312 313 321 322 345 358 361 381 383 500 516
38:0 39 50 83 95 175 185 286 288 290 326 336 384 394 445 481 506 517 541
39:0 185 186 195 204 217 253 273 313 383 386 445
40:0 1 34 38 102 185 186 195 204 205 217 253 273 313 358 383 386 445
42:0 16 18 95 98 174 185 211 228 413 417 432
44:0 75 175 204 267 275 290 298 321
45:0 51 71 75 79 175 204 230 236 267 275 290 298 321 363 381
47:0 60 68 73 97 103 175 203 228 230 232 363
49:0 97 103 226 234 290 390 476
51:0 29 103 179 185 203 228 246 251 262 515
53:0 6 39 95 133 175 204 274 316 386
55:0 60 95 109 193 227 238 248 281 287 290 426 485
57:0 68 96 179 193 227 251 264 265 279
59:0 24 34 36 37 38 43 52 83 97 172 179 234 242 336 370 394 481
61:0 54 114 150 170 203 227 287 301 352
62:0 34 54 55 56 114 145 150 187 203 227 287 301 341 346 352 358 426
64:0 112 227 379 385 470
65:0 112 227 379 385 470
67:0 27 68 96 227 265 321 370 379 418 484
68:0 27 68 96 227 265 321 370 379 418 484
70:0 141 227 275 311 321 331 345 363 438 499
71:0 21 35 51 74 77 78 141 227 275 311 321 331 345 363 378 438 499
73:0 62 109 114 145 229 243 321 330 367 392
75:0 5 174 175 203 264 359 431 475
76:0 5 174 175 203 205 264 359 431 475
78:0 24 32 33 37 38 95 204 234 445
80:0 23 187 248 300 382
85:0 48 114 119 175 185 363 372 413 458
87:0 21 32 50 122 195 252 254 255 256 333 346 352
89:0 114 122 174 184 212 254 255 256 286 325 425 491
91:0 33 36 41 43 56 61 103 112 128 229 250 333 341 350 352 362 392 419 420 504 534
93:0 50 114 123 149 184 195 288 310 499
94:0 50 114 123 149 184 195 288 310 499
97:0 112 260 274 290 385 427
99:0 97 114 117 133 203 246 321 498
103:0 73 77 78 79 174 236 246 253 267 275 326 331 363 381 384 516
105:0 24 103 130 187 195 197 203 246 498
106:0 33 68 183 228 229 252 253 410 418
107:0 33 136 170 193 203 229 252 253
110:0 60 103 149 174 254 255 256 288
112:0 68 130 174 179 222 242 306 407 422 423 424 431
113:0 186 204 253 383
117:0 13 50 62 82 150 175 190 225 330 352 499
119:0 34 56 60 114 130 189 300 341
121:0 33 56 61 106 107 293 322 362 408 513
122:0 204 253 321 361
124:0 47 93 96 186 252 253 273 357 381 383 417 445
125:0 2 27 96 112 223 238 253 264 359 364
126:0 2 5 103 112 116 183 187 223 238 253 394
130:0 33 150 175
134:0 36 38 44 45 47 174 175 197 203 204 226 273 281 313 321 363 376 485 500
135:0 36 38 44 45 47 174 175 197 203 204 226 273 281 313 321 363 376 485 500
136:0 36 38 45 47 174 175 197 203 204 226 273 281 313 321 363 376 485 500
139:0 21 48 61 62 114 117 191 250 330 352 378 390
141:0 61 62 103 109 175 193 229
143:0 103 118 120 253 254 256 289 316
148:0 48 54 114 225 245 352 453
149:0 48 54 114 225 245 352 453
153:0 22 68 73 175 246 267 275 287 320 378 437 505
154:0 22 68 73 175 246 267 275 287 320 378 437 505
156:0 24 37 154 179 193 267 306 326 336 394 481
157:0 24 37 154 179 193 267 306 326 336 394 481
159:0 232 246 300 313 346 349 352 453
160:0 232 246 300 313 346 349 352 453
162:0 38 116 163 179 204 228 274 363
164:0 17 18 48 97 101 119 185 297 432
166:0 60 103 117 146 227 264
168:0 41 49 50 60 226 228 390 400 476
169:0 16 18 95 98 174 185 211 228 413 417 432
171:0 54 60 97 103 133 250 351 352 362
176:0 64 119 193 217 234 248 253 290 326 375 381 417 500
178:0 65 98 114 185 211 287 297 389 485
180:0 28 34 97 103 260 316
181:0 28 34 97 103 260 316
182:0 51 71 75 77 79 80 175 204 236 267 275 290 298 321 363 381
183:0 21 47 150 204 227 253 313 321 487
184:0 21 34 47 48 133 150 187 195 204 217 227 248 253 287 313 321 330 453 487
185:0 253 313
186:0 34 54 55 56 114 145 150 170 187 203 227 287 301 341 346 352 358 426
188:0 38 93 133 203 227 312 538
189:0 38 93 133 203 227 312 538
192:0 117 174 203 227 230 234 267
195:0 24 34 68 105 174 227 246 254 255 256 491
196:0 36 38 44 45 47 174 175 197 203 204 226 273 281 313 321 363 376 485 500
197:0 36 38 44 45 47 174 175 197 203 204 226 273 281 313 321 363 376 485 500
199:0 23 133 187 248 300 303 382
202:0 150 204 227
205:0 42 68 129 175 203 279 328 379
208:0 111 175 205 328 350 431 484
210:0 38 102 118 185 217 264 265 370
212:0 17 68 179 203 211 226 318 403 405 410 432
217:0 36 38 68 69 187 204 232 238 242 281 370 400 498
219:0 108 151 174 205 254 255 256 262 517
221:0 33 34 38 44 90 174 175 333 341 419 420 556
224:0 48 103 114 129 175 199 323 341 352 491
229:0 68 83 99 179 228 364 386 389
230:0 13 50 62 82 150 175 190 225 330 352 499
232:0 33 34 36 38 68 90 116 175 189 203 204 246 316 363 420 457 484
233:0 159
237:0 33 136 170 183 193 203 252 253 410 418
242:0 68 118 186 203 204 217 253 312 363 383 426
247:0 23 116 174 228 246 349 372
248:0 23 116 174 228 246 349 372
253:0 13 24 72 73 225 242 300 306 320 331 345 363
254:0 13 24 72 73 210 225 242 300 306 320 331 345 363
256:0 68 83 97 174 179 203 226 265 297 306 364 400 481
257:0 68 83 97 119 174 179 203 226 265 297 306 364 400 481
259:0 23 38 44 56 68 124 174 243 246 250 253 281 287 300 301 419 469
260:0 23 38 44 56 68 124 174 243 246 250 253 281 287 300 301 419 469
262:0 43 242 281 305 310 382 422 423 424
264:0 42 175 189 204 228 321 431 493
266:0 33 40 81 173
267:0 33 40 81 106 334
268:0 33 40 81 173
269:0 33 40 81 106 334
271:0 54 55 68 72 73 75 175 230 298 321 363
272:0 54 55 56 61 68 71 73 75 154 175 230 252 298 321 346 363
274:0 36 73 98 117 133 251 331 384 417 432
275:0 1 13 36 73 74 98 106 117 133 251 252 267 326 331 384 432
277:0 18 48 99 119 211 228 287 413 432
279:0 16 97 98 228 239 314 392 403
281:0 50 109 194 212 227 262 288 425 485
282:0 50 109 194 204 212 227 262 288 381 425 485
284:0 54 56 60 61 97 114 170 193 203 226 341 453
286:0 74 77 147 204 264 313 331 358 363
288:0 34 133 173 174 175 185 228 281 303 306 321 359 400
289:0 34 116 154 163 174 179 203 228 253 264 306 321 400
291:0 16 185 189 203 232 318 400 405 515
292:0 16 185 189 203 232 318 400 405 515
294:0 36 108 265 313 326 359 509
295:0 36 108 265 313 326 359 509
297:0 68 185 193 197 223 238 264 279 364 418 469 498
301:0 33 38 39 45 185 193 204 226 273 274 313 321 358 383 389 426 445 493
305:0 23 34 103 174 265 407 457
306:0 23 34 103 174 265 407 457
308:0 193 223 226 252 290 384 385 418 427
310:0 29 129 174 242 351 415 423 481 486
315:0 253 326 346
317:0 123 151 174 189 194
319:0 36 37 38 56 129 246 362
321:0 34 37 38 90 111 174 321 392 487
323:0 23 34 38 111 184 203 205 246 254 255 256 336 426
326:0 18 133 203 243 248 326 381
329:0 16 44 90 98 116 175 203 210 242 341 364
330:0 16 44 90 98 116 175 203 210 242 341 364
332:0 50 51 68 223 265 298 320 345 415 417
334:0 97 99 114 119 211 228 297 384 407
340:0 36 37 56 175 209 250 330 341 349
342:0 34 38 232 246 300 349 376 498
346:0 72 105 112 174 203 243 321
348:0 28 103 174 229 352 440
350:0 33 54 95 109 114 150 175 225 243 300 321 362
354:0 50 109 193 194 228 286 310 441 466
356:0 185 194 262 286 288 466
358:0 105 494
362:0 50 117 191 205 311 313 419 420 506
364:0 90 111 174 205 254 255 256 281 346 352 392
365:0 90 111 174 205 254 255 256 281 346 352 392
367:0 34 48 55 109 112 128 203 287 300 330 334 392 504
368:0 34 48 55 109 112 128 203 287 300 330 334 362 504
372:0 37 56 82 111 203 239 349 407 424
373:0 37 56 82 111 203 239 334 349 407
388:0 34 37 38 74 133 254 255 256 321 328 469
389:0 34 37 38 74 133 254 255 256 321 328 469
391:0 24 66 68 116 227 252 253 264 274 299 417 501
392:0 24 66 68 116 227 252 253 264 274 299 303 417 501
394:0 1 47 48 97 175 189 281 297 300 392 458
395:0 1 47 48 97 117 175 189 281 297 300 346 392 458
397:0 28 31 38 193 197 211 228 253 279 297 310
398:0 28 31 38 193 197 211 228 253 279 297 310
400:0 38 98 130 154 203 316 346 431
404:0 24 36 98 129 270 336 351 400 423 424
405:0 24 36 98 129 270 336 351 400 423 424
407:0 42 71 73 74 75 78 79 80 170 178 191 253 275 312 320 326 346 363 390 437
409:0 18 21 23 37 38 174 242 359
411:0 29 34 38 68 90 103 116 174 184 350 469
416:0 405
419:0 3 29 154 163 189 210 226 316 382 392 415 541
421:0 75 111 205 230 267 311 312 320 321 361 363 505
423:0 54 68 90 124 133 174 243 254 255 256 262 281 362 376 499
424:0 3 21 68 228 251 252 279 415
426:0 34 50 95 114 194 262 311 432 499
428:0 175 186 227 252 264 313 327 383 415 458 509
429:0 60 103 109 174 194 195 212 262 286 288 389 408 417 425 466 506
430:0 18 64 65 101 103 109 119 185 195 212 297 372 375 389 413
432:0 28 39 44 98 175 313 358 372 389
435:0 38 43 114 123 184 228 242 310 386 481
444:0 34 37 38 184 225 232 239 341 431
445:0 34 37 38 184 225 232 239 341 431
448:0 44 97 103 136 170 179 203 238 242 266 299 327 383 410 417 418 509 515
450:0 18 34 174 254 255 256 279 303
452:0 18 28 41 97 103 109 163 185 342
454:0 29 68 96 223 238 252 265 358 364 367 382 410 418
457:0 60 62 97 150 175 186 204 321 362
460:0 23 38 73 74 130 331 345 363 419
461:0 44 68 97 163 193 228 251 252 274 306 364 419 420 458
462:0 161
463:0 34 133 174 187 222 265 330 359
464:0 68 130 174 179 222 242 306 407 422 423 424 431
465:0 73 93 133 175 267 384 437 476
466:0 2 27 96 112 223 238 253 264 359 364
467:0 2 5 103 112 116 183 187 223 238 253 394
468:0 38 45 64 118 119 186 193 204 217 226 227 234 246 248 253 266 273 281 290 326 345 375 381 417 495 500 516
469:0 17 18 38 95 141 179 185 290 318
470:0 36 38 44 45 47 174 175 197 203 204 226 273 281 313 321 363 376 485 500
471:0 36 38 45 47 174 175 197 203 204 226 273 281 313 321 363 376 485 500
472:0 13 17 38 40 68 97 163 226 232 328 342 364 379 431 440
473:0 31 33 34 38 44 90 133 174 175 333 341 419 420 556
474:0 111 159
475:0 45 50 95 109 194 196 204 212 227 248 262 286 288 345 381 425 485
476:0 38 88 106 203 205 222
477:0 185 194 262 286 288 466 472
478:0 29 44 50 117 191 205 242 311 313 419 423 506
496:0 137 212 228 230 239 243 345 363 445
497:0 137 212 228 230 239 243 345 363 445
499:0 34 37 174 222 281 484
500:0 34 37 174 222 281 484
502:0 103 197 362 372 376 383 400 403
503:0 103 197 362 372 376 383 400 403
505:0 103 175 193 228 279 372
507:0 28 122 189 203 204 228 281 336 422 423 424
508:0 28 122 189 203 204 228 281 336
510:0 6 185 204 227 281 313 445
512:0 10 22 44 73 242 310 320 321 331 345 363 417 437
514:0 10 44 83 133 242 281 310 321 363 417
516:0 10 44 55 56 242 300 310 321 346 362 363 392 417
518:0 49 112 129 149 171 174 226 236 248 281 286 290 485 500
520:0 95 211 234 273 381 516
521:0 95 211 234 273 381 516
523:0 24 28 36 38 99 103 203 382
525:0 36 174 199 222 475 484
526:0 36 174 199 222 475 484
528:0 48 204 260 313 485 500
530:0 66 130 306 319 431
533:0 4 68 179 183 193 197 203 265 395 469
534:0 4 68 179 183 193 197 203 265 395 469
536:0 54 287 300 352 426
537:0 54 287 300 352 426
541:0 13 97 103 170 175 203 226 293 318 382 403 405
542:0 13 97 103 170 175 203 226 293 318 320 382 403 405
544:0 36 41 42 191 390
545:0 36 41 42 191 390
547:0 71 75 77 78 204 227 251 262 313 320 321 363 415 538
549:0 71 78 79 117 203 204 230 275 312 320 345 361 363 437 494
552:0 38 68 116 212 228 251 422 424 431
553:0 37 38 68 116 212 228 251 422 424 431
555:0 36 116 172 203 227 264 281
558:0 68 174 191 203 210 328 400
560:0 68 133 197 252 349
563:0 171 203 262 286 313 377 417
565:0 21 34 88 175 250 282 352
567:0 44 211 282 432 457
569:0 28 36 114 120 174 191 205 300 350
571:0 68 197 262 313 326 389 445
573:0 1 3 21 39 45 129 175 189 203 204 227 313 358 445
575:0 212 243 357 399 445
576:0 212 243 286 357 399 445
578:0 101 109 151 286 290 310
579:0 101 109 151 286 290 310
581:0 16 119 211 314 362 381 382
583:0 181 286 352 363 420 475
584:0 181 286 352 363 420 475
586:0 97 226 313 316 320 363
589:0 30 36 38 68 103 175 184 185 203 210 224 228
591:0 34 77 78 111 203 205
593:0 54 109 132 151
596:0 40 42 50 185 228 431 440
598:0 73 191 331
603:0 33
604:0 33 37 192 209 489 491
606:0 50 100 112 310 384 385 417
608:0 51 114 151 203 445 499
609:0 51 52 83 101 107 114 151 174 203 262 286 310 445 499 517
611:0 13 68 106 116 179 203 400
612:0 13 68 106 116 179 203 400
614:0 204 227 264 281 372 400 419
617:0 34 38 51 117 151 170 174 189 191 203 226 227 228 281 364 385 470
620:0 203 226 233 265 364 382 501
625:0 29 212 228 279 389 427
630:0 184 211 212 313
634:0 33 103 310 372 422 423 424 457
635:0 33 103 310 372 422 423 424 457 458
637:0 36 37 38 106 133 172 193 203 234 394
700:0 28 33 36 38 39 44 45 47 91 92 98 104 156 164 173 174 175 182 197 203 204 207 213 214 215 216 218 226 231 237 240 241 247 263 270 273 281 304 313 321 343 363 376 387 485 496 497 500 514 526
