1:0 80 113 130 133 174 204 219 267 275 320 345 437
4:0 14 44 157 187 200 232 242 246 251 349 394 407
7:0 54 114 175 193 243 252 281 287 300 330 392 453
16:0 185 193 211 228 253 314 403 413
19:0 44 68 103 154 172 179 207 253 382 387
21:0 18 98 143 161 184 185 206 253 310
23:0 21 50 180 184 228 251 305 342
27:0 14 68 157 175 219 229 232 306 400
29:0 36 48 50 68 116 204 228 251
32:0 36 48 50 68 93 133 251 389
37:0 50 95 175 180 185 244 257 326 336 394 412
41:0 16 18 95 98 174 185 228 413 417 428
43:0 14 75 175 204 235 275 321
46:0 60 68 103 113 175 206 228 230 232 440 450
48:0 97 103 202 226 234 324 390 450
50:0 103 157 185 228 246 251 253 310 426
52:0 95 133 175 180 204 244 274 316 386 387
54:0 60 94 95 109 113 193 238 248 281 287 426
56:0 68 96 157 179 193 251 265 279 370
58:0 34 37 38 83 219 242 257 336 394
60:0 54 61 114 150 170 283 287 301 341 346
63:0 7 8 9 112 227 282 379 385
66:0 7 8 9 27 68 96 113 157 227 265 370 418
69:0 14 115 141 227 235 275 321 345 388
72:0 62 109 114 219 229 243 282 367
74:0 5 157 175 335 359
77:0 24 32 37 38 95 172 204
79:0 23 173 187 214 219 248 300 335 382 428
83:0 16 98 119 174 175 189 193 211 297 343 400
84:0 48 98 114 119 175 185 283 413
86:0 21 32 50 122 195 227 252 324 333
88:0 114 122 153 174 212 254 255 256 286 325 425
90:0 36 61 103 112 229 333 341
92:0 7 8 9 114 149 153 195 261 288 310
95:0 111 153 157 175 205 335 350
96:0 7 8 9 112 260 272 274 417 427
98:0 14 21 91 114 133 175 246 282 321
102:0 115 174 235 236 244 246 267 275 381 437
104:0 14 24 103 130 157 187 195 246 442
108:0 34 133 164 173 174 187 214 222 265 359
109:0 60 103 149 174 180 194 220 261 288
111:0 14 68 157 174 179 222 242 306 407 422 423 424
113:0 68 118 164 215 217 270 312 356
114:0 72 73 93 115 133 175 267 283 437
115:0 23 38 50 68 116 164 193 219 283 306 359
116:0 50 62 82 150 175 190 225 324
118:0 56 60 114 189 214 300 401
122:0 95 102 109 244 248 252 271 298 358
123:0 13 68 113 179 203 219 226 318 400 405
127:0 31 98 175 185 206 364 370
131:0 32 90 164 174 193 214 246 250 287 321 349
133:0 174 175 203 204 273 281 313 321 343
138:0 21 48 61 62 114 157 191 282 378 390
140:0 61 62 91 103 109 175 196 229 282 341
142:0 18 174 193 211 225 228 372
143:0 18 38 90 122 164 174 204 228
147:0 48 54 113 114 225 349 407
152:0 22 68 73 175 246 267 275 312 320 378 437
155:0 24 37 38 98 154 179 193 306 336 343 394
158:0 8 37 56 157 232 242 246 300 337 346 349
161:0 38 116 163 164 179 204 228 271 274 343 387
163:0 17 18 48 97 101 119 143 185 297
165:0 60 103 117 227 282 318 405 450
167:0 49 50 60 226 228 324 390 398
170:0 54 60 97 103 133 175 250
172:0 3 9 117 179 217 227 252 268 273 321 344
173:0 102 118 133 150 164 187 217 273 313 343
174:0 185 195 217 273 313 343 356 387
175:0 64 119 164 193 217 244 248 375 381 417
177:0 65 98 114 185 211 244 287 297 389 428
179:0 28 34 36 103 115 219 260 268 316
183:0 48 113 133 164 187 195 217 248 276 287 453
185:0 29 106 111 120 205 328
187:0 38 93 115 133 227 244 270 312 388
190:0 3 21 68 97 103 180 228 251 252 340 343
191:0 73 174 227 230 267 270 275 320
193:0 18 141 179 185 228 318 324 364
194:0 24 34 68 174 219 227 246 254 255 256 300
198:0 17 18 65 103 109 119 143 185 195 297 375
200:0 103 174 180 194 244 262 286 389 425 466
203:0 24 36 133 193 243 244 248 251 273 277
204:0 38 42 68 115 129 175 279 328 390
206:0 29 44 117 157 173 174 246 277 310 376
207:0 13 17 38 68 97 226 232 328 364 400 440
209:0 115 118 173 185 215 217 242 265 370 422 423 424
211:0 48 61 114 175 310 324 398
213:0 189 230 270 282 328 367
214:0 38 106 117 175 206 228 279
215:0 8 44 68 115 180 193 228 252 306 386 420 458
216:0 36 38 68 69 214 232 238 242 281 313 370 400
218:0 108 151 174 254 255 256 257 262
220:0 34 36 38 44 90 157 174 246 333 341
222:0 54 103 109 112 133 157 267 275 333 392
223:0 48 62 86 103 114 173 175 190 350
225:0 8 62 98 150 229 248 301 420
226:0 21 56 114 150 157 239 243 300 346
227:0 18 65 143 174 228 372 413
228:0 68 83 99 179 180 228 251 261 386 417 422 424
231:0 34 68 90 116 173 246 283 420
234:0 24 37 44 50 180 207 244 326 428
236:0 68 136 170 183 229 270 410 418
238:0 8 96 244 252 273 357
239:0 2 7 8 27 96 112 223 238
240:0 2 5 9 103 112 183 223 238 394
241:0 38 69 146 174 179 203 214 217 244 270 359 386
246:0 23 116 174 200 228 246 334 349 372 442
252:0 24 73 225 235 242 283 300 306 320 345 388 437
255:0 68 97 157 179 203 207 226 265 306 364 387 400
258:0 23 38 44 68 174 243 246 250 253 287 301 426
261:0 43 281 305 310 343 382 389 422 423 424
263:0 164 189 204 228 270 271 321
270:0 55 73 75 175 230 235 321
273:0 13 36 73 98 133 206 388 417
276:0 18 48 99 119 143 228 287 413
278:0 16 54 97 239 282 346 392
280:0 50 109 194 212 261 262 288 425
283:0 56 60 170 193 324 341 450
285:0 204 206 207 270 313 358 388 402
287:0 34 163 173 174 214 228 306 359 400
290:0 16 185 203 318 400 405 450
293:0 36 108 173 207 265 283 326
296:0 68 185 193 197 223 238 270 279 358 418
298:0 21 47 227 287 313 321
299:0 38 153 205 222 335
300:0 164 226 244 252 253 270 273 313 321 387 389 428
302:0 105 236 244 260 417
303:0 14 206 244 246 305 321 386 389 422 423 424
304:0 23 34 103 174 265 283 407 442
307:0 7 8 9 193 223 226 252 384 385 418 427
309:0 29 129 174 242 253 422 423 424 435
311:0 47 164 186 273
312:0 47 164 186 273
313:0 226 227 271 318 405
314:0 74 226 227 318 405
315:0 42 75 79 170 178 191 235 437
316:0 123 138 151 174 194 220
318:0 37 38 56 246
320:0 34 37 38 90 111 173 174 207 214 321
322:0 23 34 111 184 205 246 257 281 336 426
324:0 89 90 203 214 281 284
325:0 133 164 243 248 271 326 428
327:0 50 157 226 227 252 265 271 272 273 274 427
328:0 16 98 116 175 210
331:0 51 67 68 223 265 298 320 345 402
333:0 97 99 114 228 297 407
335:0 13 24 46 68 154 174 175 232 400 458
336:0 34 184 254 255 256 372 400
339:0 36 37 56 175 209 250
341:0 34 232 246 276 282 283 300
345:0 105 112 157 243 321 378
347:0 14 28 103 157 229 282 440
349:0 54 95 109 113 114 225 243 300 321
351:0 50 133 244 248 381 466
352:0 50 146 252 271 277 417
353:0 50 109 193 194 228 286 310 371 425
355:0 185 194 220 262 286 288 466
357:0 13 21 29 73 174 235 267 348 437
358:0 50 95 138 174 248 273
359:0 38 164 174 185 212 226 277 372 382 386 389 428
361:0 50 117 191 205 335
363:0 90 157 174 254 255 256 281 324 346
366:0 34 48 109 112 287 300 392
369:0 130 133 157 173 189 214 222 346 401
370:0 48 150 300 346 392 445
371:0 37 56 82 239 349 407 421 424
387:0 34 37 38 74 133 276 321 328 388 402
390:0 7 9 24 68 116 227 252 257 270 299
393:0 48 56 97 173 175 189 281 300 392 458
396:0 28 31 38 193 228 297 310
399:0 38 98 111 154 205 316 346 401
403:0 36 98 336 422 423 424
406:0 42 75 79 170 178 191 235 326 437
408:0 18 21 23 37 38 43 242 359
410:0 29 34 38 90 103 116 174 184 350
417:0 44 111 175 205 260 313 343
418:0 3 29 154 163 189 210 226 316
420:0 75 230 267 312 320 321
422:0 68 90 133 174 243 254 255 256 262 281
425:0 34 50 95 114 194 262
427:0 7 8 9 67 186 213 227 252 313 327 415 458
431:0 28 39 44 98 313 372
433:0 50 95 105 138 174 248 273
434:0 38 43 123 184 228 242 310 386
438:0 29 106 111 120 205 328
439:0 95 102 109 204 244 248 252 271 298 358 361
440:0 68 118 164 215 217 270 312 356 387
441:0 48 97 101 227 417
442:0 108 194 220 286 288 425
443:0 34 37 38 184 200 225 232 239 328 442
446:0 18 38 122 164 174 204 228 428
447:0 44 67 97 136 170 197 238 242 299 327 334 410 418
449:0 34 174 254 255 256 303 328
451:0 18 28 97 103 109 163 185 228 400
453:0 29 96 223 238 252 265 358 364 382 410 418
455:0 21 73 75 78 79 235 345 388
456:0 60 97 150 175 186 204 321 401
458:0 21 56 114 150 157 239 243 300 324 346
459:0 23 38 54 73 74 345 402
