1:0 174 345|113 133|113 267|113 320|174 437|275 174|345 113|204 80|174 219|113 437|275 113|345 320|113 219|437 320|267 133|267 320|174 113|345 267|267 437|437 133|204 345|275 133|275 320|275 267|204 437|275 345|133 219|80 267|80 320|275 437|204 219|345 80|345 437|267 219|320 219|80 437|174 133|275 80|345 219|113 80|437 219|80 219|275 219|174 80|204 133|174 320
4:0 242 232|242 200|187 394|44 407|232 407|246 44|394 44|394 232|246 232|200 407|349 407|187 232|44 251|394 200|394 349|242 407|232 251|44 232|349 44|394 407|242 246|394 242|349 232|44 200|394 246|232 200|187 242|349 200|242 251|394 251|242 349|242 44
7:0 54 287|175 114|281 114|392 300|330 287|193 287|54 175|175 300|54 281|243 300|392 175|392 243|300 453|193 281|300 114|330 300|392 114|392 252|175 453|54 300|175 252|281 287|392 54|243 330|193 300|453 252|330 114|54 453|54 252|175 243|193 114|392 453|54 330|54 193|193 330|281 300|54 243|392 281|175 287|243 287|300 287|243 193|392 287|114 287|281 453|175 281|54 114|330 281
16:0 413 228|413 314|228 253|193 314|228 314|413 253|193 185|185 253|228 185|314 185|413 193
19:0 68 103 154 172 207 382 179 44 387 253
21:0 143 184|18 310|206 98|206 310|18 143|161 253|161 185|310 98|143 98|206 143|18 253|18 185|161 98|18 98|310 143|98 253|18 184|98 185|310 185|143 161|143 253|143 185|185 253
23:0 342 21 228 180 251 184 50 305
27:0 68 306 157 175 229 400 232 14 219
29:0 68 204 36 228 251 48 116 50
32:0 68 36 93 251 48 133 389 50
37:0 257 326 394 412 175 244 95 180 336 185 50
41:0 228 185|18 95|18 428|428 95|413 228|174 16|417 185|174 98|185 16|413 16|228 16|18 185|18 413|18 228|18 16|228 417|98 16|95 185|428 185|18 98|98 185|413 98|228 98|18 417
43:0 175 75|175 321|75 235|275 235|75 321|204 75|235 321|204 235|275 175|275 75|275 321|175 235
46:0 228 113|450 113|68 103|103 232|228 450|68 232|450 230|60 440|450 232|60 113|60 230|175 440|103 175|175 230|113 232|103 440|103 113|68 175|68 440|68 113|228 232|68 230|68 60|450 60|175 113|113 440|230 113|103 450|228 440|103 228|68 228|230 440|103 60|450 440|232 440
48:0 103 450|226 390|226 450|97 234|226 97|97 390|103 226|450 97|103 97|450 390|103 390
50:0 103 426 157 310 228 246 251 185 253
52:0 204 274 175 244 95 180 316 386 387 133
54:0 238 426 193 109 60 94 281 95 248 113 287
56:0 68 157 193 279 179 265 96 251 370
58:0 34 257 37 394 38 242 336 83 219
60:0 283 301|170 54|301 150|170 283|114 150|283 287|170 301|114 287|150 287|54 114|170 114|170 287|54 150|170 150|54 287
63:0 7 112|8 112|9 112|227 112|227 7|227 8|227 9|7 282|8 282|9 282|112 385|227 385|379 7|7 9|379 8|8 9|7 385|379 9|8 385|379 385|9 385|7 8
66:0 27 96|68 27|68 265|227 96|7 265|8 265|9 265|265 418|7 8|68 418|227 113|7 418|8 418|9 418|265 370|7 27|8 27|227 265|9 27|68 370|68 113|7 370|8 370|9 370|68 96|7 113|8 113|9 113|27 418|68 227|418 96|7 96|8 96|68 7|9 96|68 8|68 9|227 7|418 370|227 8|227 9|227 370|27 370|7 9|8 9|96 370|27 113|418 113|96 113
69:0 115 235|227 235|115 321|345 115|115 388|227 388|227 115|235 321|275 321|345 235|345 388|235 388|275 345|275 115|275 388|275 227|345 321|275 235|388 321
72:0 243 109|62 114|109 219|109 229|243 219|109 282|109 367|229 62|282 367
74:0 359 5|359 175|5 335|175 335|5 175|359 335
77:0 204 172 37 38 24 95 32
79:0 173 382|187 173|23 382|187 23|173 248|187 335|173 300|173 335|23 300|173 23|187 382
83:0 119 189 343 174 175 193 211 297 400 98 16
84:0 114 48|413 114|413 48|114 185|119 175|119 413|48 185|119 114|119 185|119 48
86:0 324 122 21 227 195 333 252 32 50
88:0 325 174|325 212|325 286|122 174|256 174|122 114|174 286|174 212|256 254|255 174|212 286|255 256|325 114|174 254|255 254|256 114|325 122|212 114|255 114|425 174|425 286|425 212|425 325|174 114|114 254|122 212
90:0 103 229|103 341|103 112|229 61|229 112|341 229|103 61|341 61|61 112
92:0 310 195|7 149|8 149|9 149|149 288|114 288|195 149|7 288|8 288|310 288|9 288|7 195|195 288|8 195|195 9|7 114|7 9|8 114|310 149|8 9|9 114|310 114|7 8|310 7|114 149|310 8|310 9
95:0 175 111|205 350|205 175|205 335|175 350|205 111|175 335|111 350|350 335|111 335
96:0 427 9|7 112|8 112|272 7|9 112|272 427|272 8|272 9|274 427|7 9|8 9|274 7|274 8|427 112|274 9|7 8|272 274|272 112|427 7|427 8
98:0 246 321|282 321|114 321|133 321|246 282|246 114|246 133
102:0 267 235|275 246|235 236|275 174|267 437|246 267|381 267|381 437|246 235|437 235|437 236|275 437|381 235|381 236|174 235|275 267|275 381|275 235|275 236|246 437|174 437
104:0 103 246|442 103|187 103|195 246|442 246|103 24
108:0 187 133|187 173|34 133|187 174|174 133|359 173|173 174|359 174|173 133|34 187|222 173|34 359|222 174|173 265|34 174|222 359|34 173|34 222|34 265
109:0 174 288|174 220|103 288|103 220|180 288|180 220|220 288|149 288|149 220|174 60|60 180|60 149|174 180|103 174|103 180|103 149|174 149|180 149|60 288|103 60|60 220
111:0 68 306 222 157 174 242 179 14 422 423 407 424
113:0 215 217|215 118|68 215|215 270|217 118|68 217|312 270|217 356|270 118|68 270|118 356|68 356|68 118
114:0 283 267|283 437|267 437|267 133|437 133|73 93|73 283|73 437|175 267|73 267|175 437|93 267|93 437|73 133
115:0 68 38|359 193|306 23|68 116|283 219|306 359|23 219|359 50|38 283|68 306|38 116|283 116|306 219|23 193|68 50|193 283|68 219|359 23|306 38|359 283|38 23|38 219|23 50|116 50|68 193|68 23|68 359|193 219|38 193|23 283|23 116|359 38|219 50|359 116|38 50|68 283
116:0 190 62|324 50|175 62|62 50|62 150|225 150|324 190|225 82|324 175|175 150|175 82|82 150|190 175|324 62|225 175|324 150
118:0 189 401|56 60|189 300|56 401|189 56|56 300|56 114|189 60|401 300|401 114|189 114|60 114
122:0 109 252|95 252|298 95|95 248|298 252|358 252
123:0 68 179|179 405|226 113|68 113|113 405|113 219|226 219|405 219|68 226|68 405|68 219|226 405
127:0 175 185|175 364|370 31|175 31|98 185|364 98|364 31|364 185|175 370|364 370
131:0 174 287|174 321|90 287|193 287|174 246|246 287|90 246|246 321|193 246|174 32|250 287|174 250|287 321|174 90|193 250|246 250|174 193
133:0 204 273 343 174 175 313 281 321 203
138:0 378 48|48 390|21 114|61 114|62 114|62 48|378 282|191 48|378 61|378 62|282 390|61 48|61 390|62 390|21 62|282 48|61 62|191 61|21 61|191 62|21 48|378 114|114 48|21 282|114 390|191 390|61 282|378 390
140:0 103 196|175 282|103 282|103 109|109 196|229 196|109 282|175 61|175 62|103 175|229 61|229 62|175 109|196 282|175 229|61 62|103 229|109 229|196 61|196 62|61 282|175 196|103 61|109 61|103 62
142:0 225 228|228 372|18 193|18 372|18 228|174 193
143:0 38 228|204 38|18 38|18 174|38 174|174 90|38 90|18 228
147:0 113 48|54 48|225 114|114 48|54 113|54 114|54 225
152:0 246 267|175 437|275 175|378 437|246 437|275 246|22 73|378 175|22 246|437 320|378 246|68 175|267 320|68 267|68 320|267 437|73 267|73 320|275 320|275 267|68 437|175 246|68 275|73 437|275 437|275 73|378 267|68 378|22 175|22 267|378 73|275 378|22 320|22 437|275 22|68 73|68 246|378 22|73 246|175 267|68 22
155:0 306 154 37 343 394 38 193 24 179 98 336
158:0 246 337|346 300|346 337|246 300|346 8|346 232|8 246|246 232|300 337|349 337|346 246|8 337|8 300|8 232|232 337|8 349|232 300|349 232
161:0 204 274 343 38 228 179 163 164 387 116 271
163:0 119 48|119 143|119 297|17 101|143 48|18 101|297 48|17 119|119 18|119 185|17 143|48 185|18 143|17 297|18 297|119 97|119 101|143 97|17 185|297 97|18 185|17 18|143 101|297 101|97 48|97 185|17 48|18 48|143 297|17 97|185 101|18 97|297 185|143 185
165:0 103 450|282 117|103 282|450 60|227 282|227 117|103 60|103 117
167:0 60 50|324 49|324 50|226 228|226 60|226 390|228 390|60 390|324 226|324 228|226 50|324 60|228 49|50 390|324 390
170:0 97 250|250 133|54 250|103 60|103 97|54 133|60 97|60 250
172:0 273 3 227 9 179 217 268 252 117 321
173:0 217 118|102 313|102 343|102 133|133 150|187 133|313 150|102 187|102 150|313 118|102 273|343 118|102 217|273 217|133 118|102 118|273 313|273 343|343 313|187 118|150 118|273 118
174:0 273 185|343 356|343 185|217 387|313 356|387 185|273 343|217 185|273 387|217 356|313 185|343 387|343 313|273 217|273 313|273 356|313 387
175:0 119 417|119 375|375 417|381 248|375 193|193 64|381 217|381 64|375 248|119 193|119 64|417 64|417 217|375 381|375 64|248 64|248 217
177:0 114 389|114 185|98 287|114 98|114 65|297 98|114 287|428 185|297 287|428 297|98 185|428 114|65 389|65 185|297 185|98 65|297 114|185 389|297 389
179:0 34 103 36 260 316 28 115 268 219
183:0 133 287|248 287|187 133|248 133|195 113|187 195|113 133|113 287|187 287|248 217|195 287|48 133|187 113|195 453|453 48|276 133|248 113|113 217|113 48
185:0 328 111|120 205|106 111|120 106|205 106|120 328|120 111|205 328|205 111|111 29|120 29|205 29|106 328
187:0 244 312|244 133|38 227|38 270|227 115|115 270|227 270|38 115|38 312|38 133|38 244|312 115|115 133|244 115|227 244|312 270|227 133|244 270|93 115|38 93|244 93
190:0 68 340 103 3 343 21 228 180 97 251 252
191:0 227 270|174 230|230 270|227 230|267 270|230 267
193:0 141 185|18 324|364 179|324 141|364 185
194:0 34 68 255 256 174 227 24 246 300 219 254
198:0 119 143|375 143|119 297|109 65|195 297|103 109|375 109|119 18|375 297|143 195|18 143|18 297|119 375|119 65|143 65|119 195|18 375|143 297|109 143|18 103|109 297|18 109|18 65|375 65
200:0 262 389|174 466|194 389|425 262|466 286|174 262|174 194|103 262|425 194|103 194|174 286|103 286|262 466|103 174|425 389|174 389|286 389|194 466|103 389|262 286|194 262|425 174|425 286|425 103|194 286|425 466|466 389
203:0 273 36 243 277 193 244 24 248 251 133
204:0 175 279|328 129|175 390|328 390|68 129|279 390|42 390|68 42|129 390|68 175|68 328|42 129|68 279|175 328|68 390
206:0 376 173 157 174 310 277 246 44 29 117
207:0 68 226|38 328|226 400|232 13|17 13|17 232|364 400|400 97|38 364|400 232|68 38|226 13|68 97|226 232|38 400|17 226|232 97|400 440|68 440|97 13|38 232|226 97|17 97|328 364|68 328|38 13|328 400|38 226|68 364|17 38|68 400|38 97|97 440|68 13|232 440|17 364|17 68|68 232|400 13|38 440|17 400
209:0 173 242 265 215 115 217 370 422 185 423 118 424
211:0 61 114|61 48|175 61|114 48|175 114|324 175|175 48|324 61|324 114|324 48
213:0 189 230|328 282|189 328|282 367|189 270
214:0 38 117|38 228|106 279|38 279|106 228|175 279|206 117|206 106|206 38|175 117|206 175|38 106|279 117|106 175|38 175|206 279|206 228
215:0 68 306 193 228 8 44 180 386 420 115 252 458
216:0 68 238 69 36 38 242 313 281 400 214 232 370
218:0 256 151|174 262|256 254|255 256|174 254|108 262|255 174|256 174|174 151|262 151|262 254|151 254|255 262|174 108|256 262|255 151|255 254
220:0 34 341 36 38 157 174 90 246 44 333
222:0 54 109|109 133|275 133|112 133|103 112|103 333|54 267|109 112|103 133|112 333|275 109|54 133|103 109|275 112
223:0 173 114|103 350|173 48|190 114|173 175|350 114|190 350|103 175|190 48|350 48|103 48|175 114|103 173|114 48|173 190|173 350|190 175|175 48|103 190|175 350
225:0 8 229 248 62 301 420 98 150
226:0 346 300|239 243|21 114|21 150|239 150|239 114|239 346|300 150|300 114|243 346|21 346|243 150|114 150|239 21|239 300|21 300|243 300|346 150|346 114
227:0 413 228|143 372|228 372|143 228|413 65|65 372|18 413|143 65|228 65|18 65|18 372|18 143|18 228|174 143
228:0 68 261 228 179 417 180 386 251 99 422 83 424
231:0 34 68 173 90 246 283 420 116
234:0 37 207 326 428 244 24 44 180 50
236:0 136 183|68 418|136 170|170 410|68 183|418 183|136 410|68 170|410 418|68 410|229 418|410 183|170 229|136 229|410 229|68 229|68 136|170 418|229 183|136 418|170 183
238:0 8 252|96 252|357 8|273 8|273 96|8 96|273 252
239:0 238 96|7 112|223 7|8 112|223 8|238 27|27 96|238 223|112 96|223 96|238 2|2 96|223 27|238 7|238 8|7 96|8 96|2 27|2 8|7 27|8 27|223 112|2 223|7 8|2 7
240:0 394 183|9 112|223 9|238 103|2 5|103 2|394 9|238 223|103 5|238 2|5 183|238 5|103 9|9 183|2 9|103 112|103 223|238 9|5 9|223 183|223 112|2 223|223 5|5 112
241:0 69 359 38 174 244 179 146 214 386 217 270 203
246:0 442 174|228 116|246 116|228 246|23 372|246 372|442 334|174 23|442 116|23 334|246 334|174 334|23 228|23 246|174 246|116 372|23 116|349 200|228 372|442 23|334 116|442 246
252:0 283 300|73 345|73 388|73 320|73 437|242 235|225 437|300 437|306 437|345 388|345 235|235 388|345 437|235 320|437 235|437 388|242 388|242 283|242 437|345 320|242 73|320 388|24 283|437 320|283 437|24 437|225 242|73 235|242 300|306 242
255:0 68 306 207 157 226 364 179 400 265 97 387 203
258:0 426 174|174 23|44 253|426 243|426 44|426 246|426 253|68 301|68 38|68 287|23 246|38 174|68 44|174 44|68 253|68 426|38 246|174 246|243 246|38 243|23 287|246 44|23 44|243 44|68 174|426 287|23 253|38 23|38 301|426 23|38 287|174 301|174 287|38 44|243 287|44 287|246 287|426 301|68 246|38 253|68 243|426 38|68 23
261:0 343 310 382 43 281 422 389 423 305 424
263:0 204 189 228 164 270 321 271
270:0 55 321|175 75|175 321|73 321|75 235|73 75|230 235|75 321|230 321|55 230|175 230|73 230|75 230|235 321|55 175|175 235|73 235
273:0 36 206 73 417 13 98 133 388
276:0 119 48|119 143|143 48|99 287|413 228|119 18|48 99|119 413|119 228|18 143|143 287|413 48|228 48|119 99|143 99|18 413|18 228|228 287|119 287|413 99|18 48|228 99|143 228|18 287
278:0 239 16|282 16|239 392|346 282|392 346|346 16|239 346
280:0 212 288|425 109|261 50|425 261|425 262|109 288|262 212|425 194|261 288|262 288|261 212|425 50|109 262|109 194|194 288|261 262|109 212|261 109|50 288|109 50|194 262|425 212|425 288|194 212|262 50|194 50|261 194|212 50
283:0 56 193|324 450|170 341|193 60|193 450|170 56|56 60|341 56|324 56|450 60|324 193|341 193|324 60|170 450
285:0 358 270|204 358|358 313|313 270|204 270|204 313|206 313
287:0 34 306 359 173 174 228 400 163 214
290:0 400 405|318 185|318 405|318 16|450 400|405 185|405 16|450 318|185 16|450 405|400 318|450 185|450 16|400 185
293:0 36 173 207 326 108 265 283
296:0 197 185|68 418|223 193|279 270|68 270|279 197|223 197|238 279|418 185|185 270|68 238|223 418|223 270|193 197|238 185|238 223|193 418|193 270|418 270|68 193|197 418|197 270|68 279|238 193|238 418|68 223|193 185|238 197|279 418|279 185|223 279|68 185|223 185|68 197|193 279
298:0 227 321|227 313|313 321|227 47|47 287|47 321|313 47|287 321
299:0 205 222|205 38|222 38
300:0 273 428 226 244 313 164 387 252 253 270 321 389
302:0 260 417
303:0 206 244 246 386 14 422 321 389 423 305 424
304:0 34 103|174 407|34 265|23 407|103 265|34 283|34 23|103 283|34 174|103 23|103 174|23 265|174 283|23 283|174 23|265 283|34 407
307:0 223 193|193 9|418 252|223 252|226 252|193 418|226 7|427 7|226 8|427 8|427 9|226 9|7 385|384 252|8 385|223 7|9 385|223 8|7 8|223 9|223 226|7 418|223 427|8 418|9 418|427 226|226 385|7 384|8 384|9 384|223 418|193 252|427 385|427 252|226 384|384 385|7 252|8 252|385 252|9 252|7 9|8 9|226 193|193 7|193 8
309:0 174 242 129 435 29 422 253 423 424
311:0 273 186|47 186|273 47
312:0 273 186|47 186|273 47
313:0 226 227|226 271|227 271
315:0 79 437|42 178|178 79|75 79|75 437|191 42|191 178
316:0 123 151|123 194|174 194|123 220|174 220|194 220|174 151|123 174
318:0 38 246|56 246|37 38|37 56|38 56
320:0 34 37 173 207 38 174 90 111 214 321
322:0 34 205 426 257 23 246 111 281 336 184
324:0 89 90 281 214 284 203
325:0 326 428 243 248 164 133 271
327:0 272 273 274 427 157 226 227 265 252 50 271
328:0 175 210|175 116|98 116|210 98|98 16|210 116|210 16
331:0 51 298|223 265|345 298|345 402|223 320|51 223|51 68|51 345|402 320|68 298|223 67|68 402|68 223|223 298|345 320|68 67|223 402|298 265|265 67|68 265|68 345|68 320
333:0 97 114|114 99|228 297|97 99|228 97|228 114|97 407|114 407|228 99|297 97|297 114|99 407
335:0 68 154 174 175 24 400 232 46 13 458
336:0 34 255 256 400 184 372 254
339:0 36 37|36 250|37 250|36 56|36 175|36 209|56 250|175 250|209 250|37 56|37 175|56 175|56 209|175 209
341:0 276 232|34 232|34 283|34 300|34 276|276 300|246 232|246 283|246 300|34 246|276 246|232 300|283 300
345:0 243 112|105 112|105 243
347:0 103 229|103 282|282 440|28 440|229 28|103 28|103 440|282 28
349:0 114 321|54 95|54 243|95 114|54 113|95 113|109 300|54 321|113 300|300 114|109 114|243 109|225 114|109 113|243 113|54 109|54 300|109 95|109 321|243 300|54 114|54 225
351:0 248 133|248 50|381 466|381 248|466 248|381 133|381 50|466 50
352:0 277 417 146 252 50 271
353:0 193 50|310 50|193 228|194 228|228 50|310 286|109 194|109 286|193 109|109 50|310 109|193 194|228 286|193 286|194 286|194 50|310 228|310 193|109 228|310 194|286 50
355:0 286 288|466 286|466 288|220 288|185 288|185 220|262 288|466 220|466 185|262 220|262 466|262 185|194 288|194 185|194 220|286 220|286 185|194 466|262 286|194 262|194 286
357:0 267 13|21 348|174 29|73 348|73 29|73 13|21 267|21 29|21 174|73 267|174 73|21 73
358:0 273 50|174 95|95 50|248 50|174 248|174 50|273 95|273 248|95 248
359:0 428 38 174 226 277 212 382 164 386 185 372 389
361:0 205 117|205 50|205 191|205 335
363:0 255 256 324 157 174 90 346 281 254
366:0 300 287|34 48|392 287|34 109|34 300|109 300|34 392|392 109|34 287|109 287|392 112|112 287|392 300|109 48|300 48|392 48|34 112|109 112
369:0 189 346|189 173|189 401|222 189|346 401|173 130|346 133|401 130|173 133|401 133|173 346|222 133|173 401|222 173|189 130|222 346|189 133|222 401
370:0 300 48|346 300|346 48
371:0 37 407|82 407|56 82|37 424|239 37|407 424|37 349|349 407|82 424|239 82|239 407|349 82|349 424|37 82|239 424|56 424|239 56|239 349|56 349|37 56
387:0 34 388|38 74|74 388|38 388|34 276|37 276|38 276|402 388|34 133|402 133|74 133|37 133|38 133|133 321|133 388|34 402|34 328|388 321|34 38|74 402|37 328|38 402|38 328|37 38|34 321|34 37|34 74|74 321|38 321
390:0 68 257 227 7 24 9 299 116 252 270
393:0 392 189 173 56 175 281 300 97 48 458
396:0 228 297|38 228|193 297|193 28|193 31|310 31|38 28|297 28|38 31|297 31|28 31|38 193|38 310|310 297|228 28|38 297|228 31|310 228
399:0 154 205 38 346 111 316 401 98
403:0 36 98 336 422 423 424
406:0 79 437|75 235|42 235|178 235|326 235|437 235|79 235|42 178|178 79|326 437|170 235|75 79|326 75|75 437|191 235|191 42|191 178
408:0 359 242|359 21|359 38|18 21|18 242|18 38|359 23|37 242|37 38|21 242|21 38|37 23|38 242|18 23|242 23|38 23|21 23
410:0 34 184|103 29|34 116|34 350|90 29|38 184|350 184|34 103|174 90|38 116|38 350|34 29|116 184|103 38|34 90|38 90|103 174|174 29|38 29|34 174|34 38|38 174|174 184|103 184|174 350|29 184|103 116|29 116
417:0 205 343 175 260 313 111 44
418:0 154 189 3 226 210 163 316 29
420:0 312 320|75 320|312 75|312 321|75 321|230 320|312 230|230 321|267 320|312 267|75 230|267 321|75 267|230 267
422:0 281 133|255 90|256 133|262 133|174 281|256 174|243 133|174 90|174 262|90 254|255 133|68 281|68 133|281 254|255 281|68 256|256 254|256 281|255 174|68 262|255 256|174 133|262 254|133 254|255 262|68 243|256 262|68 255|262 281|255 254|174 254|68 174|68 254|90 281|256 90
425:0 95 114|95 50|34 95|194 262|114 50|34 114|194 95|262 95|194 114|262 114|194 50|262 50|34 194|34 262|34 50
427:0 327 227 7 313 415 8 9 213 252 67 186 458
431:0 39 313 44 28 98 372
433:0 273 50|174 95|95 50|248 50|174 248|174 50|105 174|273 95|273 248|95 248
434:0 38 123 242 310 228 43 386 184
438:0 328 111|120 205|106 111|120 106|205 106|120 328|120 111|205 328|205 111|111 29|120 29|205 29|106 328
439:0 109 252|95 252|361 252|204 361|298 95|204 252|95 248|298 252|358 252
440:0 217 118|215 270|215 387|68 270|68 387|217 387|68 356|217 356|215 118|270 118|387 118|118 356|387 270|215 217|68 217|312 270|68 118|68 215
441:0 417 101|97 48|227 417|417 48
442:0 194 286|108 194|108 220|108 288|194 220|194 288|286 220|286 288|220 288
443:0 34 184|34 239|37 184|38 184|239 184|34 442|239 37|239 38|34 232|442 184|442 37|239 225|232 184|442 38|37 232|38 232|34 225|34 200|225 184|37 225|38 225|200 184|37 200|442 232|38 200|239 200|34 38|232 200|37 38|34 37|225 200
446:0 38 228|204 38|18 428|18 38|18 174|428 38|428 174|38 174|428 228|18 228
447:0 136 170 238 410 242 327 44 197 299 418 334 97 67
449:0 34 255 256 174 328 303 254
451:0 28 97|228 185|18 163|103 28|109 400|109 28|103 109|400 185|163 97|228 400|163 28|103 163|163 185|228 163|109 163|18 228|400 163|18 400|97 185|228 97|18 97|400 97|28 185|18 103|103 185|103 228|400 28|103 400|103 97
453:0 238 96|223 364|418 252|223 265|364 418|410 96|358 265|223 252|96 29|223 418|410 418|410 252|410 364|238 358|265 418|238 364|238 223|223 96|238 265|238 382|223 410|358 96|382 418|364 96|238 252|223 29|238 418|96 252|358 252|364 252|418 96|410 382|265 252|364 382|358 418|238 410|358 223
455:0 78 235|79 235|73 345|73 388|345 75|75 388|345 78|73 79|345 79|78 388|79 388|75 79|78 79|73 78|75 78|21 75|345 235|345 388|235 388|21 235|21 345|21 388|21 73|21 79|73 75|73 235|21 78|75 235
456:0 150 321|401 150|175 60|175 97|97 150|97 186|204 97|175 186|401 97|401 321|204 175|175 321|175 150|175 401|150 186|60 97|204 186|204 150
458:0 346 300|324 21|324 243|239 243|21 114|21 157|157 346|21 150|239 150|239 114|239 346|300 150|300 114|243 346|21 346|239 157|324 150|324 114|324 300|157 300|157 150|157 114|324 346|243 150|324 157|114 150|239 21|239 300|157 243|239 324|21 300|243 300|346 150|346 114
459:0 73 74|23 74|38 402|73 402|345 402|23 402|74 402|38 73|38 345|38 23|73 345|38 74|73 23|345 23|345 74