1:0 14 15 70 76 92 104 148 156 164 182 188 202 203 207 213 214 216 218 237 241 249 263 290 331 363 412 445 447
2:0 14 15 70 76 92 104 148 156 164 182 188 202 203 207 213 214 216 218 237 241 249 263 290 331 363 412 445 447
3:0 14 15 46 63 70 76 89 92 104 148 156 164 182 188 202 203 207 213 214 216 218 237 241 249 263 290 331 363 412 416 431 445 447
4:0 14 15 53 70 91 92 104 126 156 157 164 182 203 207 213 214 216 218 231 237 241 249 261 263 264 280 290 315 317 332 337 363 374 421 445
5:0 14 15 53 70 91 92 104 126 156 157 164 182 203 207 213 214 216 218 231 237 241 249 261 263 264 280 290 315 317 332 337 363 374 421 445
6:0 14 15 19 46 53 63 70 76 89 91 92 104 126 156 157 164 182 203 207 211 213 214 216 218 231 237 241 249 261 263 264 280 290 315 317 332 337 355 363 374 406 411 416 421 432 445
7:0 57 58 59 70 91 92 104 127 156 164 182 203 207 213 214 216 218 231 237 240 249 258 263 264 280 290 317 352 360 362 363 374 445
8:0 57 58 59 70 91 92 104 127 156 164 182 203 207 213 214 216 218 231 237 240 249 258 263 264 280 290 317 352 360 362 363 374 445
9:0 46 57 58 59 63 70 89 91 92 104 127 156 157 164 182 203 207 213 214 216 218 231 237 240 249 258 263 264 280 290 317 352 360 362 363 374 411 416 419 430 431 445
12:0 63 76 92 94 104 138 148 156 164 168 182 202 203 207 213 214 216 218 219 237 240 241 244 247 263 285 290 318 332 355 363 369 412 416 432 445
15:0 14 15 63 76 92 104 148 156 164 168 182 188 202 203 206 207 213 214 216 218 237 241 249 263 280 290 318 332 355 363 369 371 398 404 416 432 445
16:0 19 92 104 156 164 168 182 203 207 211 213 214 216 218 237 240 241 263 290 332 355 363 365 369 432 445
17:0 19 92 104 156 164 168 182 203 207 211 213 214 216 218 237 240 241 263 290 332 355 363 365 369 432 445
18:0 19 63 92 104 156 164 168 182 203 207 211 213 214 216 218 237 240 241 263 290 332 355 363 365 369 416 432 445
19:0 15 58 59 85 86 87 91 92 104 156 164 168 182 203 207 213 214 216 218 231 237 240 241 247 249 263 269 290 351 363 365 369 445 447 451
20:0 14 15 46 58 59 63 70 85 86 87 91 92 104 156 164 168 182 203 207 213 214 216 218 231 237 240 241 247 249 263 269 290 351 363 365 369 416 445 447 451
21:0 19 92 104 156 164 168 182 203 207 211 213 214 216 218 237 240 241 263 290 332 355 363 365 369 432 445
22:0 19 63 92 104 156 164 168 182 203 207 211 213 214 216 218 237 240 241 263 290 332 355 363 365 369 416 432 445
23:0 70 89 91 92 104 156 157 164 168 182 188 202 203 207 213 214 216 218 231 237 240 241 259 263 289 290 317 363 371 398 399 445
24:0 63 70 89 91 92 104 156 157 164 168 182 188 202 203 207 213 214 216 218 231 237 240 241 259 263 289 290 317 363 371 398 399 416 445
25:0 70 85 86 87 91 92 104 113 148 156 164 182 203 207 213 214 216 218 231 237 240 249 263 264 280 290 351 363 374 445 447 451
26:0 63 70 85 86 87 91 92 104 113 148 156 164 168 182 203 207 213 214 216 218 231 237 240 249 263 264 280 290 351 363 374 411 416 445 447 451
27:0 14 15 70 89 91 92 104 156 157 164 168 182 201 203 207 213 214 216 218 231 237 241 249 263 264 280 290 317 332 360 363 374 398 404 421 431 445 446
28:0 14 15 63 70 89 91 92 104 156 157 164 168 182 201 203 207 213 214 216 218 231 237 241 249 263 264 280 290 317 332 360 363 374 398 404 411 416 421 431 444 445 446
29:0 15 58 59 70 85 87 91 92 104 156 164 168 182 188 203 207 213 214 216 218 231 237 240 241 249 263 290 332 351 352 363 398 421 445
30:0 15 58 59 70 85 87 91 92 104 156 164 168 182 188 203 207 213 214 216 218 231 237 240 241 249 263 290 332 351 352 363 398 421 445
31:0 15 46 53 57 58 59 63 70 85 87 89 91 92 104 126 156 157 164 168 182 188 201 203 207 213 214 216 218 231 237 240 241 247 249 259 263 264 269 280 290 317 332 351 352 363 374 398 406 411 416 419 421 431 444 445 446
32:0 15 58 59 70 85 87 91 92 104 156 164 168 182 188 203 207 213 214 216 218 231 237 240 241 249 263 290 351 352 363 398 421 445
33:0 15 58 59 70 85 87 91 92 104 156 164 168 182 188 203 207 213 214 216 218 231 237 240 241 249 263 290 351 352 363 398 421 445
34:0 15 46 53 57 58 59 63 70 85 87 89 91 92 104 126 156 157 164 168 182 188 201 203 207 213 214 216 218 231 237 240 241 247 249 259 263 264 269 280 290 317 351 352 363 374 398 406 411 416 419 421 431 444 445 446
35:0 53 58 59 70 76 85 86 87 91 92 94 104 113 115 126 138 148 156 164 182 203 207 213 214 216 218 219 231 237 240 241 244 247 249 263 264 278 280 289 290 347 351 352 363 374 409 445 446 447 451
36:0 53 58 59 63 70 76 85 86 87 91 92 94 104 113 115 126 138 148 156 164 182 203 207 213 214 216 218 219 231 237 240 241 244 247 249 263 264 278 280 289 290 347 351 352 363 374 409 411 416 445 446 447 451
37:0 46 53 91 92 104 126 156 164 182 203 207 213 214 216 218 219 231 237 241 244 261 263 290 315 363 371 399 445
38:0 46 53 63 76 91 92 104 126 138 156 164 182 203 207 213 214 216 218 219 231 237 241 244 261 263 290 315 347 363 371 399 416 445
39:0 53 58 59 70 76 85 86 87 91 92 94 104 113 115 126 138 148 156 164 182 203 207 213 214 216 218 219 237 240 241 244 247 263 264 278 280 289 290 351 352 360 363 374 409 445 446 447 451
40:0 53 58 59 63 70 76 85 86 87 91 92 94 104 113 115 126 138 148 156 164 182 203 207 213 214 216 218 219 237 240 241 244 247 263 264 278 280 289 290 351 352 360 363 374 409 411 416 445 446 447 451
41:0 19 92 104 156 164 168 182 188 202 203 207 211 213 214 216 218 237 240 241 247 259 263 269 289 290 332 355 363 365 369 371 432 445
42:0 19 63 92 104 156 164 168 182 188 202 203 207 211 213 214 216 218 237 240 241 247 259 263 269 289 290 332 355 363 365 369 371 416 432 445
43:0 14 15 76 92 104 148 156 164 182 188 202 203 207 213 214 216 218 237 241 263 290 331 363 412 445 447
44:0 14 15 76 92 104 148 156 164 182 188 202 203 207 213 214 216 218 237 241 263 290 331 363 374 409 412 445 447
45:0 14 15 63 76 92 104 148 156 164 182 188 202 203 207 213 214 216 218 237 241 263 290 331 363 374 409 412 416 445 447
46:0 14 15 76 91 92 104 148 156 164 168 182 188 202 203 206 207 213 214 216 218 237 241 249 263 280 290 331 332 363 404 412 445 447
47:0 14 15 63 76 91 92 104 148 156 164 168 182 188 202 203 206 207 213 214 216 218 237 241 249 263 280 290 331 332 363 404 412 416 445 447
48:0 76 92 94 104 148 156 164 168 182 188 202 203 207 213 214 216 218 237 241 263 285 290 363 445
49:0 63 76 92 94 104 148 156 164 168 182 188 202 203 207 213 214 216 218 237 241 263 285 290 318 332 355 363 369 412 416 432 445
50:0 15 89 91 92 104 156 157 164 168 182 188 201 203 207 213 214 216 218 237 241 249 263 290 317 332 363 421 445 446
51:0 15 63 89 91 92 104 156 157 164 168 182 188 201 203 207 213 214 216 218 237 241 249 263 290 317 332 363 416 421 444 445 446
52:0 15 85 87 91 92 104 138 148 156 164 168 182 203 207 213 214 216 218 231 237 240 241 244 247 259 263 269 289 290 332 351 352 363 369 371 399 421 445
53:0 15 46 63 85 87 91 92 104 138 148 156 164 168 182 203 207 213 214 216 218 231 237 240 241 244 247 259 263 269 289 290 332 351 352 363 369 371 373 399 416 421 445
54:0 57 58 59 70 91 92 94 104 127 148 156 164 182 203 207 213 214 216 218 231 237 240 244 249 258 263 264 280 290 332 347 352 362 363 374 421 445
55:0 57 58 59 63 70 91 92 94 104 127 148 156 164 182 203 207 213 214 216 218 231 237 240 244 249 258 263 264 280 290 332 347 352 362 363 374 411 416 421 431 445
56:0 70 85 87 89 91 92 104 156 157 164 168 182 203 207 213 214 216 218 231 237 240 241 249 263 264 269 280 290 315 317 332 339 363 369 371 374 398 411 431 445
57:0 63 70 85 87 89 91 92 104 156 157 164 168 182 203 207 213 214 216 218 231 237 240 241 249 263 264 269 280 290 315 317 332 339 363 369 371 374 398 411 416 431 444 445
58:0 46 53 70 91 92 104 126 156 164 168 182 203 207 213 214 216 218 231 237 241 249 261 263 290 315 332 363 445
59:0 46 53 63 70 76 91 92 104 126 156 164 168 182 203 207 213 214 216 218 231 237 241 249 261 263 290 315 332 363 406 416 431 445
60:0 57 58 59 91 92 94 104 127 156 164 168 182 203 207 213 214 216 218 237 240 258 263 290 352 363 445
61:0 57 58 59 70 89 91 92 94 104 127 156 164 168 182 203 207 213 214 216 218 237 240 249 258 263 264 280 290 352 363 374 445
62:0 57 58 59 63 70 89 91 92 94 104 127 156 157 164 168 182 203 207 213 214 216 218 237 240 249 258 263 264 280 290 317 339 352 363 371 374 398 411 416 431 445
63:0 86 92 94 104 113 115 138 148 156 164 168 182 203 207 213 214 216 218 219 231 237 240 241 244 247 259 263 264 269 278 285 289 290 347 351 363 373 374 409 412 433 445 447 451
64:0 86 92 94 104 113 115 138 148 156 164 168 182 203 207 213 214 216 218 219 231 237 240 241 244 247 259 263 264 269 278 285 289 290 347 351 363 373 374 409 412 433 445 447 451
65:0 63 86 92 94 104 113 115 138 148 156 164 168 182 203 207 213 214 216 218 219 231 237 240 241 244 247 259 263 264 269 278 285 289 290 347 351 363 373 374 409 411 412 416 433 445 447 451
66:0 53 70 89 91 92 104 126 156 157 164 168 182 203 207 213 214 216 218 237 240 241 249 263 264 280 290 317 339 363 371 374 398 411 431 445
67:0 53 70 89 91 92 104 126 156 157 164 168 182 203 207 213 214 216 218 237 240 241 249 263 264 280 290 317 339 363 371 374 398 411 431 445
68:0 53 63 70 89 91 92 104 126 156 157 164 168 182 203 207 213 214 216 218 237 240 241 249 263 264 280 290 317 339 363 371 374 398 411 416 431 444 445
69:0 14 15 76 92 104 148 156 164 168 182 188 202 203 207 213 214 216 218 237 241 263 290 331 363 412 445 447
70:0 14 15 76 92 104 148 156 164 168 182 188 202 203 207 213 214 216 218 237 241 263 290 331 363 412 445 447
71:0 14 15 63 76 92 104 148 156 164 168 182 188 202 203 207 213 214 216 218 237 241 263 290 331 363 412 416 445 447
72:0 14 15 57 58 59 92 104 127 156 164 168 182 188 202 203 207 213 214 216 218 237 240 258 263 290 352 362 363 371 398 445
73:0 14 15 57 58 59 63 92 104 127 156 164 168 182 188 202 203 207 213 214 216 218 237 240 258 263 290 352 362 363 371 398 416 445
74:0 53 70 89 91 92 104 126 153 156 157 164 182 201 203 207 213 214 216 218 237 241 249 263 264 280 290 317 360 363 374 397 431 444 445 446
75:0 53 70 89 91 92 104 126 153 156 157 164 182 201 203 207 213 214 216 218 237 241 249 263 264 280 290 317 360 363 374 397 431 444 445 446
76:0 46 53 63 70 89 91 92 104 126 153 156 157 164 182 201 203 207 213 214 216 218 237 241 249 263 264 280 290 317 360 363 374 397 411 416 431 444 445 446
77:0 53 70 76 92 104 126 156 164 182 203 207 213 214 216 218 231 237 241 261 263 290 315 363 445
78:0 53 63 70 76 92 104 126 156 164 182 203 207 213 214 216 218 231 237 241 261 263 290 315 363 398 416 445
79:0 53 57 58 59 70 86 89 91 92 94 104 113 126 138 148 156 164 182 203 207 213 214 216 218 219 231 237 240 241 244 247 258 263 278 285 290 347 352 362 363 433 445 447
80:0 53 57 58 59 63 70 86 89 91 92 94 104 113 126 138 148 156 164 182 203 207 213 214 216 218 219 231 237 240 241 244 247 249 258 263 264 278 280 285 290 347 352 362 363 374 409 411 416 419 433 445 447
81:0 85 86 87 92 104 113 115 148 153 156 164 182 203 207 214 216 218 237 240 241 244 263 278 290 351 360 363 430 451
82:0 63 85 86 87 92 104 113 115 148 153 156 164 182 203 207 214 216 218 237 240 241 244 263 278 290 351 360 363 416 430 451
83:0 14 15 19 92 104 156 164 168 182 203 206 207 211 213 214 216 218 231 237 241 244 263 290 332 355 363 365 369 398 432 445
84:0 19 92 104 156 164 168 182 203 207 211 213 214 216 218 237 241 263 290 332 355 363 365 445
85:0 19 63 92 104 156 164 168 182 203 207 211 213 214 216 218 237 241 259 263 269 290 332 355 363 365 371 416 445
86:0 57 58 59 92 104 127 156 164 168 182 203 207 213 214 216 218 219 237 240 258 263 290 352 362 363 374 445
87:0 57 58 59 63 92 104 127 156 164 168 182 203 207 213 214 216 218 219 237 240 258 263 290 352 362 363 374 416 419 445
88:0 53 70 85 87 91 92 104 126 153 156 157 164 168 182 188 202 203 207 213 214 216 218 237 240 241 247 259 263 269 290 317 351 363 371 374 398 445
89:0 53 63 70 85 87 91 92 104 126 153 156 157 164 168 182 188 202 203 207 213 214 216 218 237 240 241 247 249 259 263 264 269 280 290 317 351 363 371 374 398 399 411 416 445
90:0 57 58 59 92 104 153 156 164 182 203 207 213 214 216 218 237 240 258 263 290 352 362 363 371 445
91:0 57 58 59 63 92 104 153 156 164 182 203 207 213 214 216 218 237 240 258 259 263 290 352 362 363 371 398 416 419 445
92:0 85 92 94 104 138 153 156 164 168 182 188 202 203 207 213 214 216 218 237 240 241 244 247 259 261 263 269 285 289 290 363 371 373 399 412 433 445
93:0 85 92 94 104 138 153 156 164 168 182 188 202 203 207 213 214 216 218 237 240 241 244 247 259 261 263 269 285 289 290 363 371 373 374 398 399 412 421 433 445
94:0 63 70 85 87 92 94 104 138 153 156 164 168 182 188 202 203 207 213 214 216 218 237 240 241 244 247 249 259 261 263 264 269 280 285 289 290 363 371 373 374 398 399 409 411 412 416 421 433 445
95:0 46 70 89 91 92 104 153 156 157 164 182 201 203 207 213 214 216 218 231 237 241 244 249 259 263 269 290 317 360 363 371 397 406 430 431 444 445 446
96:0 86 92 94 104 113 115 138 148 156 164 168 182 203 207 213 214 216 218 219 237 240 241 244 247 259 263 264 269 278 280 285 289 290 347 363 374 409 433 445 447
97:0 63 86 92 94 104 113 115 138 148 156 164 168 182 203 207 213 214 216 218 219 237 240 241 244 247 259 263 264 269 278 280 285 289 290 347 363 374 409 411 416 433 445 447
98:0 14 15 57 58 59 70 91 92 104 156 157 164 168 182 203 206 207 213 214 216 218 237 240 249 258 263 280 290 317 352 362 363 374 404 445
99:0 14 15 57 58 59 63 70 91 92 104 156 157 164 168 182 203 206 207 213 214 216 218 237 240 249 258 263 280 290 317 352 362 363 374 404 416 445
100:0 85 86 87 92 104 113 148 153 156 164 168 182 203 207 214 216 218 237 240 259 263 269 290 351 360 363 451
101:0 63 85 86 87 92 104 113 148 153 156 164 168 182 203 207 214 216 218 237 240 259 263 269 290 351 360 363 416 451
102:0 14 70 76 92 94 104 113 115 138 148 153 156 164 168 182 188 202 203 207 213 214 216 218 237 241 244 263 285 290 331 363 412 433 445 447
103:0 14 63 70 76 92 94 104 113 115 138 148 153 156 164 168 182 188 202 203 207 213 214 216 218 237 241 244 263 285 290 331 363 412 416 433 445 447
104:0 14 53 58 59 70 89 91 92 104 126 156 157 164 168 182 201 203 206 207 213 214 216 218 231 237 241 249 263 264 280 290 317 332 363 374 431 445 446
105:0 14 53 58 59 63 70 89 91 92 104 126 156 157 164 168 182 201 203 206 207 213 214 216 218 231 237 241 249 263 264 280 290 317 332 363 374 411 416 431 444 445 446
106:0 70 89 92 104 156 157 164 168 182 203 207 213 214 216 218 237 240 241 249 263 264 280 290 317 339 363 374 398 411 431 444 445
107:0 70 89 92 104 156 157 164 168 182 203 207 213 214 216 218 237 240 241 249 263 264 280 290 317 339 363 374 409 411 431 444 445
108:0 14 15 53 57 58 59 63 70 76 85 87 89 91 92 104 126 138 156 157 164 168 182 201 203 207 213 214 216 218 231 237 240 241 244 247 249 263 264 280 290 317 351 352 363 374 416 431 445
109:0 53 85 87 92 104 126 148 153 156 164 168 182 188 203 207 213 214 216 218 237 240 241 247 259 261 263 269 290 351 360 363 371 399 445
110:0 53 63 85 87 92 104 126 148 153 156 164 168 182 188 203 207 213 214 216 218 237 240 241 247 259 261 263 269 290 351 360 363 371 399 416 445
111:0 14 46 53 58 59 70 85 87 89 91 92 104 126 156 157 164 168 182 201 203 207 213 214 216 218 231 237 240 241 249 263 290 317 351 363 371 397 398 406 431 444 445 446
112:0 14 15 46 53 57 58 59 63 70 85 87 89 91 92 104 126 156 157 164 168 182 201 203 207 213 214 216 218 231 237 240 241 249 263 264 280 290 317 351 363 371 374 397 398 406 411 416 419 421 431 444 445 446
113:0 53 58 59 63 70 76 85 86 87 89 92 94 104 113 126 138 148 156 157 164 182 201 203 207 213 214 216 218 219 231 237 240 241 244 247 249 258 263 264 278 280 285 289 290 317 347 351 352 363 374 409 416 431 445 446 447 451
114:0 14 15 63 76 92 104 115 148 156 164 168 182 188 202 203 207 213 214 216 218 237 241 244 249 263 290 331 351 363 412 416 445 447
115:0 15 46 53 57 58 59 63 70 76 85 87 89 91 92 104 126 156 157 164 168 182 201 203 207 213 214 216 218 231 237 240 241 247 249 258 263 264 280 290 317 332 351 352 363 374 409 411 416 419 421 431 445
116:0 57 58 59 92 104 127 156 164 182 203 207 213 214 216 218 237 240 258 263 290 352 362 363 406 430 445
117:0 57 58 59 63 92 104 127 156 164 182 203 207 213 214 216 218 237 240 258 263 290 352 362 363 406 416 430 445
118:0 57 58 59 92 104 127 156 164 182 203 207 213 214 216 218 237 240 258 263 290 352 363 398 445
119:0 57 58 59 63 92 104 127 156 164 182 203 207 213 214 216 218 237 240 258 263 290 352 363 398 416 445
120:0 57 58 59 85 86 87 92 94 104 113 115 127 148 156 164 182 203 207 214 216 218 237 240 244 258 263 278 290 352 360 362 363 430
121:0 57 58 59 63 85 86 87 92 94 104 113 115 127 138 148 156 164 182 203 207 214 216 218 237 240 244 258 263 278 285 290 352 360 362 363 416 419 430 433 447
122:0 63 76 85 86 87 92 94 104 113 115 138 148 156 164 168 182 203 207 213 214 216 218 219 237 240 241 244 247 259 263 264 269 278 280 285 289 290 332 347 351 363 371 374 409 411 412 416 433 445 447 451
123:0 14 15 63 92 104 156 164 168 182 203 206 207 211 213 214 216 218 237 240 241 249 263 280 290 318 332 355 363 369 404 416 432 445
124:0 58 59 63 92 94 104 113 115 138 148 156 164 168 182 203 207 213 214 216 218 237 240 244 247 258 259 263 264 269 278 280 285 290 347 352 363 371 374 409 411 412 416 419 433 445 447
125:0 63 70 85 86 87 92 94 104 113 148 156 164 168 182 203 207 213 214 216 218 231 237 240 249 263 264 280 290 351 363 374 411 416 431 445 451
126:0 53 63 70 92 94 104 126 156 164 168 182 203 207 213 214 216 218 231 237 241 249 261 263 264 280 290 315 363 374 411 416 431 445
127:0 14 15 63 70 89 91 92 104 156 157 164 168 182 203 206 207 213 214 216 218 237 240 241 249 263 264 280 290 317 339 363 374 404 411 416 431 444 445 446
128:0 53 57 58 59 63 70 76 85 87 89 92 104 126 156 157 164 182 201 203 207 213 214 216 218 231 237 240 241 249 263 290 317 351 352 363 371 416 431 444 445
130:0 46 53 57 58 59 63 70 85 86 87 89 92 104 126 127 156 164 182 201 203 207 213 214 216 218 237 240 249 258 259 263 269 290 352 362 363 371 399 406 416 419 444 445
131:0 46 57 58 59 63 70 85 87 92 94 104 127 138 156 164 182 203 207 213 214 216 218 219 231 237 240 249 258 263 290 351 352 362 363 406 416 419 445
133:0 91 92 104 156 164 182 203 207 213 214 216 218 231 237 240 241 247 263 290 363 445
134:0 46 57 58 59 63 70 91 92 104 127 156 164 182 203 207 213 214 216 218 231 237 240 241 247 249 258 263 290 352 362 363 416 445
135:0 46 63 70 85 86 87 91 92 104 113 148 156 164 182 203 207 213 214 216 218 231 237 240 241 247 249 263 290 351 363 416 445 451
136:0 46 53 63 70 91 92 104 126 156 164 182 203 207 213 214 216 218 231 237 240 241 247 249 261 263 290 315 363 416 445
137:0 58 59 63 76 85 86 87 92 94 104 138 148 156 164 168 182 203 207 214 216 218 231 237 240 241 244 247 263 278 290 332 351 363 416 433 451
138:0 57 58 59 92 104 127 156 157 164 168 182 201 203 207 213 214 216 218 237 240 249 258 263 290 317 352 360 362 363 397 445 446
139:0 57 58 59 63 92 104 127 156 157 164 168 182 201 203 207 213 214 216 218 237 240 249 258 263 290 317 352 360 362 363 397 416 431 444 445 446
140:0 57 58 59 91 92 104 127 156 157 164 168 182 201 202 203 207 213 214 216 218 237 240 249 258 263 290 317 352 362 363 397 445 446
141:0 14 15 57 58 59 63 91 92 104 127 156 157 164 168 182 201 202 203 207 213 214 216 218 237 240 249 258 263 280 290 317 332 352 362 363 397 404 416 431 444 445 446
142:0 19 46 53 63 70 89 92 104 126 156 157 164 168 182 201 203 207 211 213 214 216 218 231 237 240 241 249 259 263 269 290 317 332 337 355 363 371 397 406 416 432 444 445 446
143:0 53 57 58 59 63 70 76 85 87 89 92 94 104 126 156 157 164 182 201 203 207 213 214 216 218 237 240 241 247 249 263 264 278 280 290 317 351 352 363 374 411 416 431 445
144:0 19 46 58 59 63 92 104 115 156 164 182 201 203 207 211 214 216 218 237 240 241 249 258 263 290 332 352 355 363 365 369 416 419 432
145:0 19 46 63 85 86 87 92 104 113 148 156 164 182 201 203 207 211 214 216 218 237 240 241 249 263 290 332 351 355 363 365 369 416 432 451
146:0 19 46 53 63 76 92 104 126 156 164 182 201 203 207 211 214 216 218 219 237 240 241 249 261 263 290 315 332 355 363 365 369 416 432
147:0 53 57 58 59 63 85 86 87 92 104 126 127 156 164 182 203 207 213 214 216 218 219 231 237 240 241 258 263 290 351 352 363 406 445
148:0 53 57 58 59 63 85 86 87 92 104 126 127 156 164 182 203 207 213 214 216 218 219 231 237 240 241 258 263 290 351 352 363 406 445
149:0 15 19 46 53 57 58 59 63 70 85 86 87 89 92 104 126 127 156 157 164 182 201 203 207 211 213 214 216 218 219 231 237 240 241 249 258 263 264 280 290 317 332 337 351 352 355 363 374 406 411 416 432 444 445
150:0 53 58 59 63 70 76 85 86 87 89 92 94 104 113 115 126 138 148 156 157 164 182 201 203 207 214 216 218 219 231 237 240 241 244 247 249 258 259 261 263 264 269 278 280 285 289 290 317 332 339 347 351 352 363 373 374 398 409 411 412 416 419 431 433 444 447 451
151:0 14 15 19 46 53 57 58 59 63 70 76 85 86 87 89 91 92 94 104 113 115 126 127 138 148 153 156 157 164 168 182 188 201 202 203 206 207 211 213 214 216 218 219 231 237 240 241 244 247 249 258 259 261 263 264 269 278 280 285 289 290 315 317 318 331 332 337 339 347 351 352 355 360 362 363 365 369 371 373 374 397 398 399 404 406 409 411 412 416 419 421 430 431 432 433 444 445 446 447 451
152:0 14 15 76 92 104 113 115 148 156 164 182 202 203 207 213 214 216 218 219 231 237 241 263 290 331 363 412 445 447
153:0 14 15 70 76 92 104 113 115 148 156 164 182 202 203 207 213 214 216 218 219 231 237 241 249 263 290 331 363 412 445 447
154:0 14 15 63 70 76 89 92 104 113 115 148 156 164 182 202 203 207 213 214 216 218 219 231 237 241 249 263 290 331 363 412 416 431 445 447
155:0 15 53 91 92 104 126 156 164 182 203 207 213 214 216 218 237 241 261 263 290 315 332 363 445
156:0 15 46 53 70 91 92 104 126 156 164 182 203 207 213 214 216 218 237 241 249 261 263 264 280 290 315 332 363 445
157:0 15 46 53 63 70 76 89 91 92 104 126 156 157 164 182 203 207 213 214 216 218 237 241 249 261 263 264 280 290 315 317 332 360 363 374 411 416 421 431 445
158:0 14 15 57 58 59 91 92 104 127 156 157 164 182 203 207 213 214 216 218 231 237 240 258 263 264 280 290 317 332 352 363 374 421 445
159:0 14 15 46 57 58 59 70 91 92 104 127 156 157 164 182 203 207 213 214 216 218 231 237 240 249 258 263 264 280 290 317 332 352 363 374 421 445
160:0 14 15 46 57 58 59 63 70 89 91 92 104 127 156 157 164 182 203 207 213 214 216 218 231 237 240 249 258 263 264 280 290 317 332 337 352 363 374 406 411 416 419 421 431 445
161:0 15 53 57 58 76 85 91 92 104 156 164 168 182 203 207 213 214 216 218 231 237 240 241 247 263 264 280 290 351 352 363 369 374 421 445 447 451
162:0 15 53 57 58 59 63 70 76 85 87 91 92 104 156 164 168 182 203 207 213 214 216 218 231 237 240 241 247 249 263 264 280 290 351 352 363 369 374 411 416 421 445 447 451
163:0 19 92 94 104 115 138 156 164 168 182 203 207 211 213 214 216 218 237 240 241 244 247 263 278 290 318 332 355 363 365 432 445
164:0 19 63 92 94 104 115 138 156 164 168 182 203 207 211 213 214 216 218 237 240 241 244 247 263 278 290 318 332 355 363 365 416 432 445
165:0 14 76 91 92 104 113 115 148 156 164 168 182 202 203 207 213 214 216 218 219 237 241 263 264 280 290 318 332 355 363 369 374 409 445
166:0 14 63 70 76 91 92 104 113 115 148 156 164 168 182 202 203 207 213 214 216 218 219 237 241 249 263 264 280 290 318 332 355 363 369 374 409 411 416 445
167:0 76 91 92 94 104 148 156 164 168 182 188 202 203 207 213 214 216 218 237 241 263 290 363 398 445
168:0 63 76 91 92 94 104 148 156 164 168 182 188 202 203 207 213 214 216 218 237 241 263 290 363 398 416 445
169:0 19 63 92 104 156 164 168 182 188 202 203 207 211 213 214 216 218 237 240 241 247 259 263 269 289 290 332 355 363 365 369 371 399 404 416 432 445
170:0 57 58 59 85 86 87 92 104 127 148 156 164 182 203 207 213 214 216 218 237 240 258 263 290 351 352 362 363 445 451
171:0 57 58 59 63 85 86 87 92 104 127 148 156 164 182 203 207 213 214 216 218 237 240 258 263 290 351 352 362 363 416 445 451
172:0 85 86 87 92 104 113 148 156 164 182 203 207 213 214 216 218 231 237 240 263 290 351 363 374 445 447 451
173:0 53 76 86 91 92 94 104 113 115 126 138 148 156 164 182 203 207 213 214 216 218 219 231 237 240 241 244 247 263 278 290 351 352 363 374 445 447
174:0 53 76 86 91 92 94 104 113 115 126 138 148 156 164 182 203 207 213 214 216 218 219 237 240 241 244 247 263 278 290 351 352 363 374 445 447
175:0 53 76 86 92 94 104 113 115 126 138 148 156 164 182 203 207 213 214 216 218 219 237 240 241 244 247 249 263 290 351 352 363 374 445 447
176:0 19 53 63 76 86 92 94 104 113 115 126 138 148 156 164 182 203 207 211 213 214 216 218 219 237 240 241 244 247 249 263 264 280 290 318 332 351 352 355 363 374 409 416 432 445 447
177:0 76 86 92 94 104 113 115 138 148 156 164 168 182 202 203 207 211 213 214 216 218 237 240 241 244 247 263 285 290 318 332 347 355 363 365 369 433 445 447
178:0 19 63 76 86 92 94 104 113 115 138 148 156 164 168 182 202 203 207 211 213 214 216 218 237 240 241 244 247 263 285 290 318 332 347 355 363 365 369 416 432 433 445 447
179:0 85 86 87 92 104 113 148 156 164 182 203 207 213 214 216 218 231 237 240 263 290 351 363 445 451
180:0 70 85 86 87 92 104 113 148 156 164 182 203 207 213 214 216 218 231 237 240 249 263 264 280 290 351 363 374 445 451
181:0 63 70 85 86 87 92 104 113 148 156 164 182 203 207 213 214 216 218 231 237 240 249 263 264 280 290 351 363 374 411 416 431 445 451
182:0 14 15 63 76 92 104 148 156 164 182 188 202 203 207 213 214 216 218 219 237 241 263 290 331 363 374 409 412 416 445 447
183:0 57 58 59 70 91 92 104 127 156 164 182 203 207 213 214 216 218 231 237 240 249 258 263 264 280 290 352 363 374 445 447
184:0 57 58 59 63 70 91 92 104 127 156 164 182 203 207 213 214 216 218 231 237 240 249 258 263 264 280 290 352 363 374 411 416 445 447
185:0 70 89 91 92 104 153 156 157 164 168 182 201 203 207 213 214 216 218 237 241 244 249 259 263 264 269 280 290 317 347 363 374 397 444 445 446
186:0 57 58 59 63 70 89 91 92 94 104 127 156 164 168 182 203 207 213 214 216 218 237 240 249 258 263 264 280 290 352 363 371 374 411 416 445
187:0 14 76 92 104 148 156 164 182 202 203 207 213 214 216 218 237 241 263 290 318 331 332 363 369 412 445 447
188:0 14 76 92 104 148 156 164 182 202 203 207 213 214 216 218 237 241 263 290 318 331 332 363 369 412 445 447
189:0 14 63 76 92 104 148 156 164 182 202 203 207 213 214 216 218 237 241 263 290 318 331 332 363 369 412 416 445 447
190:0 15 70 76 85 86 87 91 92 104 138 156 164 168 182 203 207 213 214 216 218 231 237 240 241 247 249 263 264 269 280 289 290 332 351 352 363 369 371 374 421 445 447
191:0 14 15 76 92 104 113 148 156 164 182 188 202 203 207 213 214 216 218 219 237 241 263 290 331 363 412 445 447
192:0 14 15 63 76 92 104 113 148 156 164 182 188 202 203 207 213 214 216 218 219 237 241 263 290 331 363 412 416 445 447
193:0 76 92 94 104 138 148 156 164 168 182 202 203 207 211 213 214 216 218 237 241 247 263 290 318 332 355 363 369 432 445
194:0 57 58 59 89 91 92 104 127 148 156 164 182 188 201 203 207 213 214 216 218 231 237 240 249 258 263 290 352 363 445
195:0 57 58 59 63 70 89 91 92 104 127 148 156 157 164 182 188 201 203 207 213 214 216 218 231 237 240 249 258 263 264 280 290 317 352 363 374 411 416 444 445
196:0 15 63 91 92 94 104 113 115 138 148 156 164 182 203 207 213 214 216 218 231 237 240 241 244 247 263 285 290 347 363 416 433 445 447
197:0 15 63 91 92 94 104 138 148 156 164 182 203 207 213 214 216 218 231 237 240 241 244 247 259 263 269 289 290 363 371 399 416 445
198:0 19 86 92 94 104 138 156 164 168 182 203 207 211 213 214 216 218 237 240 241 244 247 259 263 269 289 290 332 347 355 363 365 371 373 399 432 445
199:0 53 57 58 59 63 70 86 89 91 92 94 104 113 126 138 148 156 164 182 203 207 213 214 216 218 219 231 237 240 241 244 247 249 258 263 264 278 280 285 290 347 352 362 363 374 409 411 416 419 433 445 447
200:0 85 86 87 92 94 104 138 148 156 164 168 182 203 207 213 214 216 218 237 240 241 244 247 259 261 263 269 285 289 290 332 347 351 363 371 373 399 433 445 451
203:0 70 85 86 87 89 92 94 104 113 115 138 148 156 164 168 182 203 207 213 214 216 218 231 237 240 241 244 247 249 263 278 285 290 347 351 363 412 433 445 447 451
204:0 70 76 89 91 92 104 113 115 153 156 157 164 182 201 202 203 207 213 214 216 218 237 241 249 263 290 317 360 363 371 445 446
205:0 63 70 76 89 91 92 104 113 115 153 156 157 164 182 201 202 203 207 213 214 216 218 237 241 249 263 290 317 360 363 371 397 416 430 445 446
206:0 53 58 59 70 76 85 86 87 89 91 92 104 126 138 156 157 164 168 182 203 207 213 214 216 218 231 237 240 241 244 247 249 263 290 317 347 351 352 355 360 363 398 445 446 451
207:0 14 15 70 89 91 92 104 156 157 164 168 182 188 201 203 206 207 211 213 214 216 218 231 237 240 241 249 259 263 269 280 290 317 332 355 363 369 371 374 397 398 399 404 432 444 445 446
208:0 15 46 63 70 89 91 92 104 153 156 157 164 182 201 203 207 213 214 216 218 231 237 241 244 249 259 263 269 290 317 360 363 371 397 399 406 416 430 431 444 445 446
209:0 46 53 70 76 85 86 87 89 91 92 104 126 156 164 168 182 188 203 207 213 214 216 218 237 240 241 247 249 259 263 264 269 280 290 315 339 351 352 363 371 374 445
210:0 46 53 63 70 76 85 86 87 89 91 92 104 126 156 157 164 168 182 188 203 207 213 214 216 218 231 237 240 241 247 249 259 263 264 269 280 290 315 317 339 351 352 363 371 374 411 416 431 444 445
211:0 57 58 59 86 92 104 127 153 156 164 182 188 203 207 213 214 216 218 237 240 247 258 263 269 290 351 352 360 362 363 371 398 445
212:0 14 15 63 70 92 104 156 164 168 182 201 203 206 207 211 213 214 216 218 237 240 241 249 263 280 290 318 332 355 363 369 374 404 416 430 432 445
213:0 70 89 91 92 104 148 156 157 164 182 188 201 203 207 213 214 216 218 219 237 241 249 263 290 317 360 363 397 444 445 446
214:0 14 15 63 70 89 91 92 104 156 157 164 168 182 203 207 213 214 216 218 237 240 241 249 263 264 280 290 317 332 339 363 374 411 416 421 444 445
215:0 14 15 57 58 59 70 91 92 104 138 156 164 168 182 203 206 207 213 214 216 218 231 237 240 241 244 247 249 258 259 263 264 269 280 289 290 332 347 363 371 373 374 398 399 404 419 421 445
216:0 14 15 46 70 89 91 92 104 156 157 164 168 182 203 207 213 214 216 218 237 240 241 249 259 263 264 269 280 290 317 332 339 363 371 374 421 445
217:0 14 15 46 63 70 89 91 92 104 156 157 164 168 182 203 207 213 214 216 218 237 240 241 249 259 263 264 269 280 290 317 332 339 363 371 374 411 416 419 421 431 444 445
218:0 53 92 104 113 115 126 156 157 164 182 203 207 213 214 216 218 237 241 249 261 263 290 315 317 363 445
219:0 53 63 70 76 89 92 104 113 115 126 153 156 157 164 182 201 203 207 213 214 216 218 237 241 249 261 263 290 315 317 360 363 397 416 444 445 446
220:0 46 58 59 70 89 91 92 104 113 115 156 157 164 182 201 203 207 213 214 216 218 237 240 249 258 263 290 317 363 445 446
221:0 46 58 59 63 70 89 91 92 104 113 115 156 157 164 182 201 203 207 213 214 216 218 237 240 249 258 263 290 317 363 416 419 444 445 446
222:0 57 58 59 70 89 91 92 94 104 113 115 153 156 157 164 182 201 203 207 213 214 216 218 219 237 240 241 247 249 258 263 290 317 347 352 362 363 397 444 445 446
223:0 53 57 58 59 63 86 92 94 104 126 127 156 164 168 182 203 207 213 214 216 218 237 240 241 263 290 331 352 362 363 445 451
224:0 53 57 58 59 63 86 92 94 104 126 127 156 164 168 182 188 203 207 213 214 216 218 237 240 241 263 290 331 352 362 363 371 412 416 430 445 451
225:0 19 58 59 92 104 156 164 168 182 203 207 213 214 216 218 237 240 258 263 264 278 280 290 332 352 363 365 374 419 432 445
226:0 57 58 59 63 89 92 104 127 156 157 164 182 203 207 213 214 216 218 237 240 258 263 290 317 331 332 352 362 363 416 432 445
227:0 14 15 19 46 92 104 148 156 157 164 168 182 201 203 207 211 213 214 216 218 237 241 249 259 263 269 290 317 332 355 363 365 371 399 404 430 432 445 446
228:0 46 53 76 92 104 126 138 156 164 168 182 188 203 207 213 214 216 218 231 237 241 247 249 259 261 263 269 289 290 315 363 371 373 399 445
229:0 46 53 63 70 76 92 104 126 138 156 164 168 182 188 203 207 213 214 216 218 231 237 241 247 249 259 261 263 269 289 290 315 363 371 373 399 416 445
230:0 57 58 59 63 92 104 127 156 164 182 203 207 213 214 216 218 237 240 258 263 290 352 362 363 406 416 430 445
231:0 46 70 89 92 104 156 157 164 182 201 203 207 213 214 216 218 231 237 241 249 263 290 317 363 445 446
232:0 46 63 70 89 92 104 156 157 164 182 201 203 207 213 214 216 218 231 237 241 249 263 290 317 360 363 397 398 416 444 445 446
233:0 58 59 63 76 85 86 87 92 94 104 138 148 156 164 168 182 203 207 214 216 218 231 237 240 241 244 247 263 278 290 332 351 363 416 433 451
234:0 46 76 85 86 87 89 92 94 104 113 115 138 148 156 164 168 182 203 207 213 214 216 218 231 237 240 241 244 247 263 285 290 347 351 363 412 416 433 445 451
236:0 70 89 92 104 156 157 164 168 182 203 207 213 214 216 218 237 240 241 249 263 280 290 339 363 445
237:0 70 89 91 92 104 156 157 164 168 182 201 203 207 213 214 216 218 237 240 241 249 263 280 290 332 339 360 363 444 445
238:0 58 59 92 94 104 113 115 138 148 156 164 168 182 203 207 213 214 216 218 237 240 244 247 258 263 278 285 290 347 352 363 371 374 419 433 445 447
239:0 85 86 87 92 94 104 113 148 156 164 168 182 203 207 213 214 216 218 237 240 249 263 264 280 290 351 363 374 445 451
240:0 53 92 94 104 126 156 164 168 182 203 207 213 214 216 218 231 237 241 249 261 263 264 280 290 315 363 374 445
241:0 57 58 59 63 70 76 85 86 87 89 92 104 156 157 164 182 201 203 207 213 214 216 218 231 237 240 241 244 247 249 263 264 280 290 317 351 352 360 363 374 411 416 445 446
242:0 53 58 59 63 70 76 85 86 87 89 92 94 104 113 126 138 148 156 157 164 182 201 203 207 213 214 216 218 219 231 237 240 241 244 247 249 258 263 264 278 280 285 289 290 317 347 351 352 363 374 409 411 416 419 431 445 446 447 451
243:0 15 46 63 70 85 86 87 91 92 104 113 115 148 156 164 182 201 203 207 214 216 218 231 237 240 241 244 247 249 263 290 347 351 363 416 431 451
244:0 15 46 53 63 70 76 91 92 104 115 126 148 156 164 182 201 203 207 214 216 218 231 237 240 241 244 247 249 261 263 290 315 347 363 416 431 444
245:0 15 46 57 58 59 63 91 92 104 115 127 156 164 182 201 203 207 214 216 218 231 237 240 241 244 247 249 258 263 290 347 352 362 363 416 419 431
246:0 63 89 91 92 104 156 157 164 182 201 203 207 213 214 216 218 237 240 241 249 259 263 269 280 290 317 363 371 397 399 444 445 446
247:0 63 89 91 92 104 156 157 164 182 201 203 207 213 214 216 218 237 240 241 249 259 263 269 280 290 317 363 371 397 399 444 445 446
248:0 15 46 53 57 58 59 63 70 85 86 87 89 91 92 104 126 156 157 164 182 201 203 207 213 214 216 218 231 237 240 241 249 259 263 264 269 280 290 317 332 337 351 352 363 371 374 397 399 406 411 416 419 421 431 444 445 446
249:0 19 46 57 58 59 63 70 85 86 87 89 92 94 104 113 115 127 138 148 156 164 182 201 202 203 207 211 214 216 218 219 231 237 240 241 244 247 249 258 263 285 290 332 347 351 352 355 362 363 406 416 419 432 451
250:0 19 46 53 63 70 76 85 86 87 89 92 94 104 113 115 126 138 148 156 164 182 201 202 203 207 211 214 216 218 219 237 240 241 244 247 249 261 263 290 315 332 347 351 355 363 365 416 432 451
251:0 14 15 63 76 86 92 94 104 113 115 138 148 156 164 182 201 202 203 207 214 216 218 219 237 240 241 244 247 263 285 290 318 332 347 351 352 363 369 374 412 416 433 446 447 451
252:0 14 15 70 76 91 92 104 148 156 157 164 182 202 203 207 213 214 216 218 219 231 237 241 249 263 264 280 290 317 331 332 363 374 409 412 445 447
253:0 14 15 70 76 91 92 104 148 156 157 164 182 202 203 206 207 213 214 216 218 219 231 237 241 249 263 264 280 290 317 331 332 363 374 404 409 412 445 447
254:0 14 15 46 63 70 76 89 91 92 104 148 156 157 164 182 202 203 206 207 213 214 216 218 219 231 237 241 249 263 264 280 290 317 331 332 337 363 374 404 406 409 411 412 416 431 445 447
255:0 14 15 53 70 91 92 104 126 156 157 164 182 203 207 213 214 216 218 237 241 249 261 263 290 315 317 332 363 421 445
256:0 14 15 53 70 91 92 104 126 156 157 164 182 203 207 213 214 216 218 237 241 249 261 263 264 280 290 315 317 332 339 363 374 398 411 421 445
257:0 14 15 46 53 63 70 76 89 91 92 104 126 156 157 164 182 203 207 213 214 216 218 237 241 249 261 263 264 280 290 315 317 332 339 363 374 398 411 416 421 431 444 445
258:0 57 58 59 70 91 92 104 127 156 157 164 182 203 207 213 214 216 218 231 237 240 249 258 263 290 317 352 363 445
259:0 57 58 59 70 89 91 92 104 127 156 157 164 182 203 207 213 214 216 218 231 237 240 249 258 263 280 290 317 352 363 374 445 446
260:0 46 57 58 59 63 70 89 91 92 104 127 156 157 164 182 203 207 213 214 216 218 231 237 240 249 258 263 264 280 290 317 352 363 374 411 416 419 431 444 445 446
261:0 46 91 92 104 156 164 168 182 203 207 213 214 216 218 231 237 240 241 247 249 259 263 269 289 290 363 371 373 399 445
262:0 46 63 70 91 92 104 156 164 168 182 203 207 213 214 216 218 231 237 240 241 247 249 259 263 269 289 290 363 371 373 399 416 445
263:0 15 57 58 59 85 86 87 91 92 104 156 164 168 182 203 207 213 214 216 218 231 237 240 241 247 249 263 290 351 352 363 374 445 447 451
264:0 15 46 57 58 59 63 70 85 86 87 91 92 104 156 164 168 182 203 207 213 214 216 218 231 237 240 241 247 249 263 290 351 352 363 374 416 421 445 447 451
267:0 63 76 92 94 104 148 156 164 168 182 202 203 207 213 214 216 218 219 237 241 247 263 290 318 332 355 363 369 412 416 432 445
269:0 63 76 92 94 104 113 148 156 164 168 182 188 202 203 207 213 214 216 218 237 241 247 263 290 318 332 355 363 369 412 416 432 445
270:0 14 57 58 59 76 92 104 148 156 164 168 182 202 203 207 213 214 216 218 237 240 241 258 263 290 331 352 363 412 445 447
271:0 14 57 58 59 70 76 92 104 127 148 156 164 168 182 202 203 207 213 214 216 218 237 240 241 249 258 263 280 290 331 352 363 374 409 412 445 447
272:0 14 57 58 59 63 70 76 92 104 127 148 156 164 168 182 202 203 207 213 214 216 218 237 240 241 249 258 263 264 280 290 331 352 363 374 409 411 412 416 431 445 447
273:0 14 76 91 92 104 148 153 156 164 182 202 203 207 213 214 216 218 237 241 247 249 263 290 331 363 412 445 447
274:0 14 15 63 70 76 91 92 104 148 153 156 157 164 168 182 202 203 207 213 214 216 218 237 241 244 247 249 259 263 280 290 317 331 363 371 373 374 399 412 445 447
275:0 14 15 63 70 76 91 92 104 148 153 156 157 164 168 182 202 203 207 213 214 216 218 237 241 244 247 249 259 263 280 290 317 318 331 332 363 371 373 374 399 404 411 412 416 432 445 447
276:0 19 92 104 156 164 168 182 203 207 211 213 214 216 218 237 240 241 263 290 332 355 363 365 369 432 445
277:0 19 63 92 104 156 164 168 182 203 207 211 213 214 216 218 237 240 241 263 290 332 355 363 365 369 416 432 445
278:0 19 58 59 92 104 156 164 168 182 203 207 211 213 214 216 218 237 240 258 263 290 332 351 352 355 362 363 365 369 432 445
279:0 19 57 58 59 63 92 104 156 164 168 182 203 207 211 213 214 216 218 237 240 258 263 290 332 351 352 355 362 363 365 369 371 374 416 432 445
280:0 85 86 92 94 104 113 115 138 148 156 164 168 182 203 207 213 214 216 218 219 237 240 241 244 247 259 263 269 278 285 289 290 347 351 363 374 433 445 447 451
281:0 85 86 92 94 104 113 115 138 148 156 164 168 182 203 207 213 214 216 218 219 237 240 241 244 247 259 263 269 278 285 289 290 347 351 363 374 433 445 447 451
282:0 63 85 86 92 94 104 113 115 138 148 156 164 168 182 203 207 213 214 216 218 219 237 240 241 244 247 259 263 269 278 285 289 290 347 351 363 374 411 412 416 433 445 447 451
283:0 58 59 76 92 104 148 156 164 168 182 202 203 207 213 214 216 218 237 240 241 244 247 263 290 352 363 445
284:0 58 59 63 76 92 104 148 156 164 168 182 202 203 207 213 214 216 218 237 240 241 244 247 263 290 318 332 352 355 363 369 412 416 432 445
285:0 14 76 92 104 148 156 164 182 188 202 203 207 213 214 216 218 219 237 241 263 289 290 331 363 412 445 447
286:0 14 15 63 70 76 92 104 148 156 157 164 182 188 202 203 207 213 214 216 218 219 231 237 241 249 263 264 280 289 290 317 331 339 363 374 409 411 412 416 444 445 447
287:0 15 53 58 59 70 76 85 87 92 104 126 156 157 164 182 203 207 213 214 216 218 237 240 241 247 249 263 264 280 290 317 332 339 351 352 363 374 421 445
288:0 15 46 53 58 59 70 76 85 87 89 92 104 126 156 157 164 182 203 207 213 214 216 218 237 240 241 247 249 263 264 269 280 290 317 332 339 351 352 363 374 411 421 431 445
289:0 15 46 53 58 59 63 70 76 85 87 89 92 104 126 156 157 164 182 203 207 213 214 216 218 237 240 241 247 249 263 264 269 280 290 317 332 339 351 352 363 374 411 416 421 431 445
290:0 15 76 91 92 104 148 156 164 182 201 202 203 206 207 214 216 218 237 241 247 263 290 332 363 404
291:0 14 15 63 76 91 92 104 148 156 164 168 182 201 202 203 206 207 213 214 216 218 237 241 247 263 290 318 332 355 363 369 404 416 432 445
292:0 15 63 76 91 92 104 138 148 156 164 168 182 201 202 203 206 207 214 216 218 237 241 247 261 263 290 332 363 404 416 421
293:0 46 53 58 59 76 92 104 126 156 164 182 203 207 213 214 216 218 237 240 241 247 263 290 351 352 363 374 445
294:0 46 53 58 59 70 76 89 92 104 126 156 157 164 182 203 207 213 214 216 218 237 240 241 247 249 259 263 269 280 290 315 317 351 352 363 374 445
295:0 46 53 57 58 59 63 70 76 89 92 104 126 156 157 164 182 203 207 213 214 216 218 237 240 241 247 249 259 263 269 280 290 315 317 351 352 363 374 411 416 419 431 445
296:0 57 70 89 91 92 104 156 157 164 182 203 207 213 214 216 218 237 240 241 249 263 264 280 290 317 339 363 374 398 411 431 445
297:0 57 63 70 89 91 92 104 156 157 164 182 203 207 213 214 216 218 237 240 241 249 263 264 280 290 317 339 362 363 371 374 398 411 416 431 444 445
298:0 57 58 59 92 104 127 156 164 182 203 207 213 214 216 218 231 237 240 258 263 290 352 363 445
299:0 70 85 86 87 89 92 104 153 156 157 164 182 201 203 207 213 214 216 218 237 241 249 259 263 269 290 317 351 363 397 444 445 446
300:0 58 59 76 85 86 87 91 92 104 138 148 156 164 182 203 207 213 214 216 218 219 231 237 240 241 244 247 263 290 347 351 352 363 371 445 447 451
301:0 58 59 63 70 76 85 86 87 91 92 104 138 148 156 164 182 203 207 213 214 216 218 219 231 237 240 241 244 247 249 263 290 347 351 352 363 371 416 445 447 451
302:0 15 91 92 94 104 138 148 156 164 168 182 203 207 213 214 216 218 237 240 241 244 247 249 259 261 263 264 269 280 289 290 317 332 347 351 352 363 371 373 374 398 399 421 445
303:0 14 53 58 63 70 76 92 104 126 156 157 164 182 188 201 203 207 213 214 216 218 237 240 241 247 249 259 263 264 269 280 290 317 363 371 373 374 399 411 416 430 445 447 451
304:0 15 46 70 89 91 92 104 156 157 164 182 201 203 207 213 214 216 218 231 237 240 241 249 263 290 317 332 351 352 363 397 421 445 446
305:0 15 46 70 89 91 92 104 156 157 164 182 201 203 207 213 214 216 218 231 237 240 241 249 263 290 317 332 351 352 363 397 421 444 445 446
306:0 15 46 53 57 58 59 63 70 76 85 86 87 89 91 92 104 126 156 157 164 182 201 203 207 213 214 216 218 231 237 240 241 249 263 264 269 280 290 317 332 337 351 352 363 371 374 397 399 406 411 416 419 421 430 431 444 445 446
307:0 70 92 94 104 113 115 138 148 156 157 164 182 203 207 213 214 216 218 237 240 241 244 247 249 263 264 278 280 290 317 339 347 363 374 398 409 411 445 447
308:0 63 70 92 94 104 113 115 138 148 156 157 164 182 203 207 213 214 216 218 237 240 241 244 247 249 263 264 278 280 290 317 339 347 363 374 398 409 411 412 416 445 447
309:0 46 53 70 85 86 87 92 104 113 148 156 164 168 182 203 207 213 214 216 218 231 237 240 263 290 351 363 445 451
310:0 46 53 63 70 85 86 87 92 104 113 148 156 164 168 182 203 207 213 214 216 218 231 237 240 263 290 315 351 363 416 445 451
311:0 85 86 87 92 104 113 148 156 164 182 203 207 213 214 216 218 231 237 240 263 290 351 363 374 445 447 451
312:0 85 86 87 92 104 113 148 156 164 182 203 207 213 214 216 218 231 237 240 263 290 351 363 374 445 447 451
313:0 76 85 86 87 92 104 113 148 156 164 168 182 202 203 207 213 214 216 218 237 240 241 244 247 263 264 280 290 318 332 351 352 355 363 369 374 445 451
314:0 76 85 86 87 92 104 113 148 156 164 168 182 202 203 207 213 214 216 218 237 240 241 244 247 263 264 280 290 318 332 351 352 355 363 369 374 445 451
315:0 14 15 76 92 104 148 156 164 182 188 202 203 207 213 214 216 218 237 240 241 244 247 263 290 331 363 398 412 445 447
316:0 58 70 76 92 104 138 153 156 164 182 188 202 203 207 213 214 216 218 237 240 241 247 249 263 289 290 331 351 352 363 445
317:0 58 63 70 76 89 92 104 138 153 156 164 182 188 202 203 207 213 214 216 218 237 240 241 247 249 263 289 290 331 351 352 363 416 445
318:0 57 58 59 92 104 127 156 164 168 182 203 207 213 214 216 218 237 240 258 259 263 269 290 352 362 363 371 399 445
319:0 46 57 58 59 63 70 89 92 104 127 156 164 168 182 203 207 213 214 216 218 237 240 249 258 259 263 269 290 317 352 362 363 371 398 399 416 419 445
320:0 46 57 58 59 70 89 92 104 127 156 164 182 203 207 213 214 216 218 237 240 249 258 263 290 317 352 362 363 419 445
321:0 46 57 58 59 63 70 89 92 104 127 156 164 182 203 207 213 214 216 218 237 240 249 258 263 290 317 352 362 363 416 419 445
322:0 53 70 89 91 92 104 126 156 157 164 182 201 203 207 213 214 216 218 237 241 249 261 263 290 315 317 363 445 446
323:0 46 53 63 70 76 89 91 92 104 126 153 156 157 164 182 201 203 207 213 214 216 218 237 241 249 261 263 290 315 317 363 397 416 430 444 445 446
324:0 53 63 70 76 89 92 104 126 153 156 157 164 182 188 203 207 213 214 216 218 231 237 241 249 261 263 290 315 317 360 363 416 444 445 446
325:0 86 92 94 104 113 115 138 148 156 164 168 182 203 207 213 214 216 218 231 237 240 241 244 247 259 263 269 278 285 289 290 347 351 363 371 433 445 447 451
326:0 63 86 92 94 104 113 115 138 148 156 164 168 182 203 207 213 214 216 218 231 237 240 241 244 247 259 263 264 269 278 280 285 289 290 347 351 363 371 374 409 411 412 416 433 445 447 451
327:0 70 91 92 94 104 138 148 156 157 164 168 182 203 207 213 214 216 218 219 237 240 241 244 247 249 263 264 278 280 285 289 290 317 347 351 352 363 374 409 433 445
328:0 63 70 76 89 91 92 104 156 157 164 182 201 202 203 207 213 214 216 218 237 241 249 263 290 317 363 445
329:0 19 63 70 76 89 91 92 104 156 157 164 182 201 202 203 207 211 213 214 216 218 237 241 249 263 290 317 318 355 363 369 406 432 445
330:0 19 53 63 70 76 89 91 92 104 126 156 157 164 182 201 202 203 207 211 213 214 216 218 231 237 241 249 263 290 317 318 332 337 355 363 369 406 416 432 444 445
331:0 14 15 76 92 104 148 156 164 182 201 202 203 207 213 214 216 218 237 241 263 264 280 290 331 363 371 374 398 399 409 412 445 447
332:0 14 15 63 70 76 92 104 148 156 164 182 201 202 203 207 213 214 216 218 237 241 263 264 280 290 331 363 371 373 374 398 399 409 411 412 416 445 447
333:0 19 58 76 92 104 138 156 164 168 182 203 207 211 213 214 216 218 219 237 240 241 244 263 290 332 355 363 365 406 445
334:0 19 46 53 58 63 76 89 92 104 126 138 156 164 168 182 203 207 211 213 214 216 218 219 231 237 240 241 244 249 263 290 332 337 355 363 365 406 416 445
335:0 14 46 53 58 59 70 76 85 87 91 92 104 126 156 157 164 168 182 202 203 206 207 213 214 216 218 231 237 240 241 247 249 263 264 269 280 290 317 332 351 352 363 371 373 374 398 404 411 421 431 445
336:0 53 70 89 91 92 104 156 164 168 182 188 202 203 207 213 214 216 218 231 237 240 241 249 263 269 289 290 363 371 398 399 404 445
337:0 58 59 63 89 92 94 104 113 115 138 148 153 156 157 164 182 201 203 207 214 216 218 219 237 240 244 247 263 278 285 290 317 347 360 363 373 397 416 433 444 446 447 451
338:0 53 63 76 89 92 94 104 113 115 126 138 148 153 156 157 164 182 201 203 207 214 216 218 219 237 241 244 247 261 263 278 285 290 315 317 347 360 363 373 397 416 433 444 446 447 451
339:0 57 58 59 89 92 104 127 156 164 182 201 203 207 213 214 216 218 237 240 258 263 290 317 352 363 445
340:0 57 58 59 63 70 89 92 104 127 156 157 164 182 201 203 207 213 214 216 218 237 240 249 258 263 290 317 352 363 416 444 445
341:0 14 15 57 58 59 70 91 92 104 127 156 157 164 182 188 203 206 207 213 214 216 218 237 240 249 258 263 269 280 290 317 332 352 363 371 374 404 445
342:0 14 15 57 58 59 63 70 91 92 104 127 156 157 164 182 188 203 206 207 213 214 216 218 237 240 249 258 263 269 280 290 317 332 352 363 371 374 399 404 416 419 445
343:0 58 76 89 91 92 94 104 113 115 138 148 153 156 157 164 182 201 203 207 214 216 218 219 237 240 241 244 247 263 278 285 290 317 347 360 363 397 433 446 447 451
344:0 58 63 70 76 89 91 92 94 104 113 115 138 148 153 156 157 164 182 201 203 207 214 216 218 219 237 240 241 244 247 249 263 278 285 290 317 347 360 363 397 416 433 444 446 447 451
345:0 14 76 92 104 148 156 157 164 182 188 201 202 203 207 213 214 216 218 237 241 263 290 317 331 363 397 412 445 446 447
346:0 14 63 70 76 89 92 104 148 156 157 164 182 188 201 202 203 207 213 214 216 218 237 241 249 263 290 317 331 363 397 412 416 444 445 446 447
347:0 14 15 91 92 104 156 157 164 182 201 203 206 207 213 214 216 218 237 241 249 263 280 290 317 332 352 363 397 404 445 446
348:0 14 15 63 70 89 91 92 104 156 157 164 182 201 203 206 207 213 214 216 218 231 237 241 249 263 280 290 317 332 352 363 397 404 416 430 444 445 446
349:0 57 58 59 92 104 127 156 164 182 203 207 213 214 216 218 237 240 258 263 290 352 363 445
350:0 57 58 59 63 92 104 127 156 164 182 203 207 213 214 216 218 219 231 237 240 244 258 263 290 352 363 406 416 419 445
351:0 53 58 59 76 85 86 87 92 104 126 148 156 164 168 182 201 203 207 213 214 216 218 237 240 241 244 247 258 263 290 351 352 363 412 419 445
352:0 15 53 58 59 70 76 85 86 87 91 92 104 126 148 156 157 164 168 182 203 207 213 214 216 218 231 237 240 241 244 247 249 263 264 278 280 285 289 290 317 332 351 352 363 374 409 421 433 445 446 447 451
353:0 85 86 87 92 94 104 138 148 156 164 168 182 203 207 213 214 216 218 237 240 241 244 247 259 261 263 269 285 289 290 347 351 363 371 373 399 433 445 451
354:0 63 85 86 87 92 94 104 138 148 156 164 168 182 203 207 213 214 216 218 237 240 241 244 247 259 261 263 269 285 289 290 347 351 363 371 373 374 399 416 421 433 445 451
355:0 58 59 92 94 104 138 148 156 164 168 182 203 207 213 214 216 218 237 240 241 244 247 259 261 263 269 285 289 290 347 363 371 373 374 399 433 445 451
356:0 58 59 63 70 89 92 94 104 138 148 156 157 164 168 182 203 207 213 214 216 218 237 240 241 244 247 249 259 261 263 264 269 280 285 289 290 317 347 363 371 373 374 399 416 433 445 451
357:0 14 15 19 46 63 70 76 89 92 104 148 156 164 182 202 203 207 211 213 214 216 218 219 237 241 249 263 290 318 331 332 355 363 412 416 432 445 447
358:0 86 92 94 104 113 115 138 148 156 164 182 203 207 213 214 216 218 219 237 240 241 244 247 259 263 269 278 285 289 290 347 351 363 412 433 445 447 451
359:0 14 15 53 58 59 63 70 85 86 87 92 104 126 138 148 156 157 164 168 182 201 203 206 207 213 214 216 218 231 237 240 241 244 247 249 258 259 261 263 269 289 290 317 332 347 351 352 363 371 399 404 416 421 444 445 451
361:0 58 59 92 104 113 148 156 164 182 203 207 213 214 216 218 219 237 240 247 258 263 290 352 363 419 445
362:0 58 59 63 89 92 104 113 148 153 156 164 182 203 207 213 214 216 218 219 237 240 247 258 259 263 269 290 352 360 363 371 399 416 419 445
363:0 57 58 59 70 89 92 104 127 156 157 164 182 203 207 213 214 216 218 231 237 240 249 258 263 290 317 352 362 363 445
364:0 46 57 58 59 70 89 92 104 127 156 157 164 182 203 207 213 214 216 218 231 237 240 249 258 263 290 317 352 362 363 445
365:0 46 57 58 59 63 70 89 92 104 127 156 157 164 182 203 207 213 214 216 218 231 237 240 249 258 263 290 317 352 362 363 416 419 445
366:0 57 58 59 92 104 127 156 164 182 203 207 213 214 216 218 237 240 258 263 290 352 362 363 445
367:0 57 58 59 63 92 104 127 156 164 182 203 207 213 214 216 218 237 240 258 263 289 290 317 352 362 363 416 445
368:0 57 58 59 63 92 94 104 127 156 164 182 203 207 213 214 216 218 219 237 240 244 247 258 263 290 352 362 363 416 445
369:0 57 58 59 63 89 92 104 127 156 157 164 182 201 203 207 213 214 216 218 219 237 240 244 249 258 263 290 317 347 352 362 363 397 416 444 445 446
370:0 57 58 59 92 104 127 156 164 182 203 207 213 214 216 218 219 237 240 244 258 263 290 352 362 363 445
371:0 15 46 53 70 92 104 126 156 157 164 182 203 207 213 214 216 218 237 240 241 249 263 280 290 317 332 337 363 406 421 445
372:0 15 46 53 70 92 104 126 156 157 164 182 203 207 213 214 216 218 237 240 241 249 263 280 290 317 332 337 363 406 421 445
373:0 15 19 46 53 63 70 89 92 104 126 156 157 164 182 203 207 211 213 214 216 218 231 237 240 241 249 263 280 290 317 332 337 355 363 406 416 421 432 444 445
375:0 15 63 70 89 92 94 104 113 115 148 153 156 157 164 182 188 201 203 207 214 216 218 237 240 241 244 247 249 263 280 290 317 332 360 363 397 430 446 447
376:0 15 63 70 89 92 94 104 113 115 148 153 156 157 164 182 188 201 203 207 214 216 218 237 240 241 244 247 249 263 280 290 317 332 360 363 397 416 430 446 447
377:0 63 70 85 86 87 89 91 92 104 153 156 157 164 182 201 203 207 214 216 218 219 237 241 244 249 263 264 280 290 317 351 363 374 397 409 411 416 431 444 446 451
378:0 58 59 63 70 85 86 87 89 92 104 153 156 157 164 182 203 207 214 216 218 219 237 240 244 249 258 263 264 280 290 317 351 363 374 397 411 416 419 430 431 451
379:0 63 70 85 86 87 89 92 104 153 156 157 164 182 201 203 207 214 216 218 219 237 240 241 244 249 263 264 280 290 317 332 351 363 374 397 411 416 421 430 431 446 451
380:0 15 19 46 57 58 63 76 85 86 87 89 92 94 104 113 115 127 138 148 156 164 182 201 203 207 211 213 214 216 218 219 237 240 241 244 247 263 290 332 337 347 351 352 355 363 406 412 416 421 432 445 447 451
381:0 15 19 46 57 58 63 76 85 86 87 89 92 94 104 113 115 127 138 148 156 164 182 201 203 207 211 213 214 216 218 219 237 240 241 244 247 263 290 332 337 347 351 352 355 363 406 412 416 421 432 445 447 451
382:0 46 57 58 59 63 70 85 86 87 89 92 104 127 156 157 164 182 203 207 214 216 218 219 237 240 244 249 258 263 280 290 317 347 351 352 362 363 416 419
383:0 14 15 46 53 63 70 76 85 86 87 89 91 92 104 126 156 157 164 182 201 203 207 214 216 218 219 231 237 241 244 249 263 280 290 315 317 332 337 339 351 363 374 397 406 411 416 421 431 444 446
384:0 14 19 46 53 57 58 59 63 70 76 85 86 87 89 92 104 126 127 156 157 164 182 201 203 207 214 216 218 231 237 240 241 244 249 263 280 290 315 317 332 337 339 351 352 360 363 374 406 411 412 416 419 421 444
385:0 63 85 86 87 92 94 104 113 115 138 148 156 164 182 201 203 207 214 216 218 219 237 240 241 244 247 263 278 285 290 332 347 351 352 363 369 374 409 412 416 430 433 446 447 451
386:0 15 58 63 70 76 85 86 87 92 94 104 113 115 138 148 156 157 164 182 203 207 214 216 218 219 237 240 241 244 247 249 259 263 264 269 278 280 285 289 290 317 332 347 351 352 363 374 398 409 411 412 416 419 430 433 446 447 451
387:0 14 15 70 76 92 104 113 115 148 156 164 182 202 203 207 213 214 216 218 219 231 237 241 249 263 290 331 363 412 431 445 446 447
388:0 14 15 70 76 92 104 113 115 148 156 164 182 202 203 207 213 214 216 218 219 231 237 241 249 263 290 331 363 412 431 445 446 447
389:0 14 15 46 63 70 76 89 92 104 113 115 148 156 157 164 182 201 202 203 207 213 214 216 218 219 231 237 241 249 263 290 317 331 363 397 412 416 431 444 445 446 447
390:0 14 15 53 70 91 92 104 126 156 164 182 203 207 213 214 216 218 231 237 241 249 259 261 263 264 269 280 290 315 332 339 363 369 374 421 431 445 446 447
391:0 14 15 53 70 91 92 104 126 156 157 164 182 203 207 213 214 216 218 231 237 241 249 259 261 263 264 269 280 290 315 317 332 339 363 369 374 398 411 421 431 445 446 447
392:0 14 15 46 53 63 70 76 89 91 92 104 126 156 157 164 182 203 207 213 214 216 218 231 237 241 249 259 261 263 264 269 280 290 315 317 332 339 347 363 369 374 398 411 416 421 431 444 445 446 447
393:0 15 57 58 59 91 92 104 127 156 164 182 203 207 213 214 216 218 237 240 258 263 280 290 317 332 352 362 363 365 374 432 445 446 447
394:0 15 57 58 59 70 91 92 104 127 156 164 182 203 207 213 214 216 218 237 240 249 258 263 280 290 317 332 352 362 363 365 374 421 432 445 446 447
395:0 14 15 46 57 58 59 63 70 89 91 92 104 127 156 157 164 182 203 207 211 213 214 216 218 237 240 249 258 263 280 290 317 332 352 362 363 365 374 416 419 421 430 431 432 445 446 447
396:0 19 92 104 156 164 168 182 203 207 211 213 214 216 218 237 240 241 263 290 332 355 363 365 369 432 445
397:0 19 92 104 156 164 168 182 203 207 211 213 214 216 218 237 240 241 263 290 332 355 363 365 369 432 445
398:0 19 63 92 104 156 164 168 182 203 207 211 213 214 216 218 237 240 241 263 290 332 355 363 365 369 416 432 445
399:0 15 58 59 85 86 87 91 92 104 156 164 168 182 203 207 213 214 216 218 231 237 240 241 247 249 263 269 290 351 363 365 445 446 447 451
400:0 15 57 58 59 63 70 85 86 87 91 92 104 127 156 164 168 182 203 207 213 214 216 218 231 237 240 241 247 249 263 264 269 290 351 352 363 365 374 416 431 445 446 447 451
402:0 14 15 63 70 92 104 148 156 164 182 203 206 207 213 214 216 218 237 240 241 249 263 280 290 318 332 363 404 416 445
403:0 46 70 85 86 87 92 104 113 148 156 164 168 182 203 207 213 214 216 218 231 237 240 263 290 351 363 445 451
404:0 46 70 85 86 87 92 104 113 148 156 164 168 182 203 207 213 214 216 218 231 237 240 263 290 351 363 445 451
405:0 46 63 70 85 86 87 92 104 113 148 156 164 168 182 203 207 213 214 216 218 231 237 240 263 290 351 363 416 445 451
406:0 14 15 76 92 104 148 156 164 182 188 202 203 207 213 214 216 218 237 240 241 244 247 263 290 331 363 412 445 447
407:0 14 15 63 76 92 104 148 156 164 182 188 202 203 207 213 214 216 218 237 240 241 244 247 263 290 331 363 398 412 416 445 447
408:0 14 46 53 58 59 70 85 87 89 91 92 104 126 156 157 164 168 182 201 203 207 213 214 216 218 231 237 240 241 249 263 290 317 351 363 371 374 397 406 431 444 445 446
409:0 14 15 46 53 57 58 59 63 70 85 87 89 91 92 104 126 156 157 164 168 182 201 203 207 213 214 216 218 231 237 240 241 249 263 264 280 290 317 351 363 371 374 397 406 411 416 419 431 444 445 446
410:0 46 53 58 59 70 85 87 89 91 92 104 126 156 157 164 182 201 203 207 213 214 216 218 231 237 240 241 249 259 263 269 290 317 351 363 397 430 444 445 446
411:0 46 53 58 59 63 70 85 87 89 91 92 104 126 156 157 164 182 201 203 207 213 214 216 218 231 237 240 241 249 259 263 269 290 317 351 363 397 416 419 430 444 445 446
413:0 63 76 92 94 104 138 148 156 164 168 182 202 203 207 213 214 216 218 219 237 240 241 244 247 263 285 290 331 363 412 416 445 447
413:1 63 89 91 92 94 104 138 148 156 164 168 182 201 203 207 213 214 216 218 219 237 240 241 244 247 263 285 290 317 363 416 445
413:2 63 92 94 104 138 148 156 164 168 182 203 207 213 214 216 218 219 237 240 241 244 247 263 285 290 360 363 416 430 445 446
414:0 63 76 92 94 104 138 148 156 164 168 182 202 203 207 213 214 216 218 219 237 240 241 244 247 263 285 290 318 332 355 363 369 412 416 432 445
416:0 15 63 92 104 148 156 164 168 182 188 203 207 213 214 216 218 237 240 241 263 290 318 332 355 363 369 374 404 416 432 445
417:0 15 85 86 87 91 92 104 113 148 156 164 182 203 207 213 214 216 218 231 237 240 263 290 351 363 369 374 445 447 451
418:0 57 58 59 70 91 92 104 127 156 164 182 203 207 213 214 216 218 231 237 240 249 258 263 264 280 290 317 339 352 362 363 445
419:0 46 57 58 59 63 70 91 92 104 127 156 164 182 203 207 213 214 216 218 231 237 240 249 258 259 263 264 269 280 290 317 339 352 362 363 371 411 416 445
420:0 14 76 92 104 148 156 164 182 202 203 207 213 214 216 218 219 237 241 263 290 331 363 412 445 447
421:0 14 63 76 92 104 148 156 164 182 202 203 207 213 214 216 218 219 237 241 263 290 331 363 412 416 445 447
422:0 57 58 59 92 104 156 164 182 203 207 213 214 216 218 237 240 258 263 290 352 362 363 445
423:0 57 58 59 63 70 89 91 92 104 127 148 156 157 164 182 188 201 203 207 213 214 216 218 237 240 249 258 263 290 317 352 362 363 416 444 445
424:0 15 63 70 76 85 86 87 91 92 104 138 156 164 168 182 203 207 213 214 216 218 231 237 240 241 247 249 263 264 269 280 289 290 332 351 352 363 369 371 374 416 421 445 447
425:0 15 85 86 87 92 94 104 138 148 153 156 164 168 182 203 207 213 214 216 218 237 240 241 244 247 261 263 278 285 290 318 347 351 360 363 371 373 432 445 451
426:0 15 19 63 85 86 87 92 94 104 138 148 153 156 164 168 182 203 207 213 214 216 218 237 240 241 244 247 261 263 278 285 290 318 347 351 360 363 371 373 416 432 445 451
427:0 15 58 76 85 86 91 92 104 156 164 182 203 207 213 214 216 218 231 237 240 241 247 249 263 264 290 351 352 363 374 409 445 447 451
428:0 15 58 59 63 70 76 85 86 87 91 92 104 156 164 182 203 207 213 214 216 218 231 237 240 241 247 249 263 264 290 351 352 363 374 409 411 416 445 447 451
429:0 63 85 86 87 92 94 104 138 148 156 164 168 182 203 207 213 214 216 218 237 240 241 244 247 259 261 263 269 285 289 290 332 347 351 363 371 373 399 412 416 433 445 451
430:0 19 63 86 92 94 104 138 156 164 168 182 203 207 211 213 214 216 218 237 240 241 244 247 259 263 269 289 290 332 347 355 363 365 371 373 399 416 432 445
431:0 15 85 87 91 92 104 138 148 156 164 168 182 203 207 213 214 216 218 231 237 240 241 244 247 259 263 269 289 290 332 351 352 363 369 371 421 445
432:0 15 46 63 85 87 91 92 104 138 148 156 164 168 182 203 207 213 214 216 218 231 237 240 241 244 247 259 263 269 289 290 332 351 352 363 369 371 416 421 445
433:0 86 92 94 104 113 115 138 148 156 164 182 203 207 213 214 216 218 219 237 240 241 244 247 259 263 269 278 285 289 290 347 351 363 433 445 447 451
434:0 15 46 53 91 92 104 126 153 156 164 168 182 188 203 207 213 214 216 218 231 237 240 241 247 249 259 263 269 289 290 363 371 399 421 432 445
435:0 15 46 53 63 70 91 92 104 126 153 156 164 168 182 188 203 207 213 214 216 218 231 237 240 241 247 249 259 263 269 289 290 363 371 398 399 416 421 432 445
436:0 76 89 92 94 104 113 115 138 148 156 157 164 182 201 203 207 214 216 218 219 237 240 241 244 247 263 278 285 290 317 347 360 363 371 397 430 433 446 447 451
437:0 63 70 76 89 92 94 104 113 115 138 148 153 156 157 164 182 201 203 207 214 216 218 219 237 240 241 244 247 249 263 278 285 290 317 347 360 363 371 397 416 430 433 446 447 451
438:0 91 92 104 153 156 157 164 168 182 201 203 207 213 214 216 218 237 241 244 263 280 290 317 347 363 397 445 446
439:0 76 85 86 87 92 94 104 113 115 138 148 156 164 168 182 203 207 213 214 216 218 219 237 240 241 244 247 259 263 264 269 278 280 285 289 290 347 351 363 374 409 433 445 447 451
440:0 53 76 86 92 94 104 113 126 138 148 156 164 182 203 207 213 214 216 218 219 237 240 241 244 247 258 263 278 290 351 352 363 374 409 445 447
441:0 19 92 104 156 164 168 182 203 207 211 213 214 216 218 237 240 241 259 263 269 290 332 355 363 365 369 432 445
442:0 63 92 94 104 138 148 156 164 168 182 203 207 213 214 216 218 237 240 241 244 247 259 261 263 269 289 290 317 318 347 351 352 363 373 399 416 445
443:0 15 46 53 70 89 91 92 104 126 156 157 164 182 201 203 207 213 214 216 218 237 240 241 249 263 290 317 332 337 363 406 421 431 444 445 446
444:0 15 46 53 70 89 91 92 104 126 156 157 164 182 201 203 207 213 214 216 218 231 237 240 241 249 263 290 317 332 337 363 406 421 431 444 445 446
445:0 14 15 46 53 57 63 70 89 91 92 104 126 156 157 164 182 201 203 206 207 213 214 216 218 231 237 240 241 249 263 280 290 317 332 337 363 374 398 406 416 421 431 444 445 446
446:0 53 57 58 59 70 76 85 87 89 92 94 104 126 156 157 164 182 201 203 207 213 214 216 218 237 240 241 247 249 263 264 278 280 290 317 351 352 363 374 431 445
447:0 14 46 70 89 91 92 104 156 157 164 182 203 207 213 214 216 218 231 237 240 241 249 263 264 280 290 317 339 363 371 374 398 409 411 421 445
448:0 14 46 63 70 89 91 92 94 104 156 157 164 182 203 207 213 214 216 218 231 237 240 241 247 249 263 264 280 290 317 339 347 352 363 371 374 398 399 406 409 411 416 421 430 431 444 445
449:0 46 70 89 92 104 156 157 164 182 201 203 207 213 214 216 218 231 237 241 249 263 290 317 352 363 445 446
450:0 46 63 70 89 92 104 156 157 164 182 201 203 207 213 214 216 218 231 237 241 249 263 290 317 352 363 416 444 445 446
451:0 14 15 70 91 92 104 148 156 164 168 182 188 203 206 207 213 214 216 218 231 237 240 241 247 249 259 263 269 280 290 317 332 363 371 374 398 399 404 445
452:0 14 15 46 63 70 89 91 92 104 148 156 157 164 168 182 188 203 206 207 213 214 216 218 231 237 240 241 247 249 259 263 269 280 290 317 332 363 371 374 398 399 404 416 431 445
453:0 70 89 91 92 104 156 157 164 168 182 188 203 207 213 214 216 218 237 240 241 247 249 259 263 264 269 280 289 290 317 339 363 371 373 374 398 399 404 411 431 445
454:0 14 15 63 70 89 91 92 104 156 157 164 168 182 188 203 207 213 214 216 218 237 240 241 247 249 259 263 264 269 280 289 290 317 339 363 371 373 374 398 399 404 411 416 431 444 445
455:0 14 15 63 76 92 104 148 156 164 168 182 188 202 203 207 213 214 216 218 237 241 263 290 331 363 371 374 412 416 445 447
456:0 57 58 59 92 104 127 148 156 164 182 203 207 213 214 216 218 219 237 240 244 258 263 290 318 352 362 363 369 371 432 445
457:0 57 58 59 63 92 104 127 148 156 164 182 203 207 213 214 216 218 219 237 240 244 258 263 290 318 352 362 363 369 371 416 432 445
458:0 57 58 59 89 92 104 127 156 164 182 203 207 213 214 216 218 237 240 258 263 290 332 352 363 445
459:0 14 58 59 76 92 104 113 148 156 164 182 202 203 207 213 214 216 218 219 231 237 240 247 258 263 290 331 352 363 412 419 445 447
460:0 14 58 59 63 70 76 89 92 104 113 148 156 157 164 182 202 203 207 213 214 216 218 219 231 237 240 247 249 258 263 264 280 290 317 331 352 363 374 411 412 416 419 431 445 447
461:0 14 15 57 58 59 63 70 91 92 104 138 156 164 168 182 203 206 207 213 214 216 218 231 237 240 241 244 247 249 258 259 263 264 269 280 289 290 332 347 363 371 373 374 398 399 404 411 416 419 421 445
462:0 63 85 86 87 92 104 113 115 148 153 156 164 182 203 207 214 216 218 237 240 241 244 263 278 290 351 360 363 416 430 451
463:0 14 15 53 57 58 59 63 70 76 85 87 89 91 92 104 126 138 153 156 157 164 168 182 201 203 207 213 214 216 218 231 237 240 241 244 247 249 263 264 280 290 317 351 352 360 363 374 411 416 431 445
464:0 14 15 46 53 57 58 59 63 70 85 87 89 91 92 104 126 156 157 164 168 182 201 203 207 213 214 216 218 231 237 240 241 249 263 264 280 290 317 351 363 371 374 397 398 406 411 416 419 421 430 431 444 445 446
465:0 14 15 63 70 76 89 92 104 115 148 156 157 164 168 182 188 202 203 207 213 214 216 218 237 241 244 249 263 280 290 317 331 332 351 363 371 374 398 411 412 416 445 447
466:0 53 63 70 85 86 87 89 91 92 94 104 113 148 156 157 164 168 182 203 207 213 214 216 218 231 237 240 249 259 263 264 269 280 290 317 351 363 374 411 416 431 445 451
467:0 53 63 70 76 85 89 92 94 104 126 156 157 164 168 182 203 207 213 214 216 218 231 237 241 249 259 261 263 264 269 280 290 315 317 363 374 411 416 431 445
468:0 19 53 63 76 86 92 94 104 113 115 126 138 148 156 164 182 203 207 211 213 214 216 218 219 237 240 241 244 247 249 263 264 280 290 318 332 351 352 355 363 365 374 409 416 432 445 447
469:0 63 76 92 94 104 138 148 156 164 168 182 202 203 207 211 213 214 216 218 237 241 244 247 263 290 318 332 355 363 369 416 432 445
470:0 14 46 63 70 76 91 92 104 148 156 164 182 202 203 207 213 214 216 218 231 237 240 241 247 249 263 290 331 332 363 404 412 416 445 447
471:0 46 58 59 63 70 91 92 104 156 164 182 203 207 213 214 216 218 231 237 240 241 247 249 258 263 290 352 363 416 419 445
472:0 14 15 63 70 89 91 92 104 156 157 164 168 182 188 201 203 206 207 211 213 214 216 218 231 237 240 241 249 259 263 269 280 290 317 332 355 363 369 371 374 397 398 399 404 416 432 444 445 446
473:0 46 58 59 63 70 89 91 92 104 113 115 156 157 164 182 201 203 207 213 214 216 218 237 240 249 258 263 290 317 363 416 419 431 444 445 446
474:0 58 59 63 76 85 86 87 92 94 104 138 148 156 164 168 182 203 207 214 216 218 231 237 240 241 244 247 263 278 290 332 351 363 373 399 416 433 451
475:0 14 15 63 70 85 86 89 92 94 104 113 115 138 148 156 157 164 168 182 203 206 207 213 214 216 218 219 237 240 241 244 247 249 259 263 264 269 278 280 285 289 290 317 332 339 347 351 363 374 398 404 409 411 416 433 444 445 447 451
476:0 63 70 85 86 87 89 92 104 153 156 157 164 182 201 203 207 213 214 216 218 237 241 249 259 263 269 290 317 351 363 397 416 430 444 445 446
477:0 58 59 63 70 89 92 94 104 138 148 156 157 164 168 182 203 207 213 214 216 218 237 240 241 244 247 249 259 261 263 264 269 280 285 289 290 317 347 363 371 373 374 399 411 416 433 445 451
478:0 58 59 63 85 86 87 92 94 104 113 138 148 156 164 182 203 207 213 214 216 218 219 237 240 244 247 258 259 263 269 289 290 351 352 363 371 373 374 416 419 445
479:0 85 86 87 92 104 113 115 138 148 156 164 168 182 203 207 214 216 218 237 240 241 244 247 261 263 289 290 351 363 399 451
479:1 85 86 87 92 104 113 115 138 148 156 164 168 182 203 207 214 216 218 237 240 241 244 247 261 263 289 290 351 363 399 451
479:2 85 86 87 92 104 113 115 138 148 156 164 168 182 203 207 214 216 218 237 240 241 244 247 261 263 289 290 351 363 399 451
479:3 85 86 87 92 104 113 115 138 148 156 164 168 182 203 207 214 216 218 237 240 241 244 247 261 263 289 290 351 363 399 451
479:4 85 86 87 92 104 113 115 138 148 156 164 168 182 203 207 214 216 218 237 240 241 244 247 261 263 289 290 351 363 399 451
479:5 85 86 87 92 104 113 115 138 148 156 164 168 182 203 207 214 216 218 237 240 241 244 247 261 263 289 290 351 363 399 451
480:0 63 76 85 86 87 92 94 104 113 115 138 148 156 164 182 201 202 203 207 214 216 218 219 231 237 240 241 244 247 263 278 285 290 347 351 352 363 369 374 412 416 433 446 447 451
481:0 58 59 63 85 86 87 92 94 104 113 115 138 148 156 164 182 201 203 207 214 216 218 219 231 237 240 241 244 247 263 278 285 290 347 351 352 363 369 374 412 416 433 446 447 451
482:0 53 63 85 86 87 92 94 104 113 115 126 138 148 153 156 164 182 201 203 207 214 216 218 219 231 237 240 241 244 247 259 263 269 278 285 290 347 351 352 363 369 371 374 412 416 433 446 447 451
483:0 15 46 53 58 59 63 70 85 86 87 89 92 104 126 148 156 157 164 182 201 203 207 214 216 218 219 231 237 240 241 244 249 263 280 290 315 317 332 337 339 351 363 406 416 421 430 433 444 446
484:0 15 46 53 57 58 59 63 70 85 86 87 89 92 104 126 156 157 164 182 201 203 207 214 216 218 219 237 240 241 244 249 258 263 264 280 290 317 332 337 339 351 352 362 363 374 406 411 416 419 421 433 444
485:0 46 53 63 70 76 89 91 92 104 126 153 156 157 164 182 203 207 213 214 216 218 237 241 249 259 261 263 269 290 315 317 363 371 399 406 416 430 431 444 445 446
486:0 63 70 85 86 87 89 92 104 157 164 203 207 214 216 218 219 237 240 241 244 249 263 264 280 290 317 332 351 363 374 397 409 411 416 419 431 444
487:0 15 19 46 63 70 85 86 87 89 92 94 104 138 156 164 182 203 207 211 214 216 218 219 231 237 240 241 244 247 249 261 263 290 318 332 337 347 351 363 371 399 406 412 416 421 431 432 444 451
488:0 58 63 76 86 92 94 104 113 115 138 148 156 164 182 203 207 213 214 216 218 219 237 240 241 244 247 263 278 285 290 347 363 412 416 433 445 447 451
489:0 57 58 59 92 104 127 156 164 182 203 207 214 216 218 219 237 240 244 258 263 290 352 362 363 369 374 447
490:0 57 58 59 63 92 94 104 113 115 127 148 156 164 182 203 207 214 216 218 219 237 240 244 247 258 263 285 290 347 352 362 363 369 374 412 416 447
491:0 14 15 58 59 63 70 85 86 87 92 94 104 138 148 156 157 164 168 182 188 203 207 214 216 218 237 240 241 244 247 249 259 261 263 264 269 280 289 290 317 332 347 351 363 371 373 374 398 399 404 409 411 416 421 431 451
492:0 14 63 76 92 94 104 148 156 164 182 202 203 207 214 216 218 219 237 241 244 263 290 331 363 412 416 447
493:0 14 15 19 46 53 57 58 59 63 70 76 85 86 87 89 92 94 104 113 115 126 127 138 148 156 157 164 182 188 201 202 203 207 214 216 218 219 231 237 240 241 244 247 249 258 261 263 278 280 290 315 317 318 331 332 337 347 351 352 362 363 371 398 399 404 406 411 412 416 419 421 430 431 432 433 444 446 447 451
