1:0 22 33 36 38 45 73 74 75 77 79 230 235 388 402
2:0 22 33 36 38 45 73 74 75 76 77 79 230 235 388
3:0 22 33 36 38 45 73 74 75 76 77 79 80 230 235 388
4:0 10 45 52 53 82 83 108 163 184 424
5:0 10 45 52 53 82 83 108 163 184 424
6:0 10 17 45 52 53 82 83 108 163 184 257 337 394 403 421 424
7:0 33 39 44 55 56 110 130 145 182 229 240 334 352 401
8:0 33 39 44 55 56 110 130 145 182 229 240 334 352 401
9:0 33 39 44 55 56 110 130 145 182 229 240 334 352 401 430
10:0 33 81 450
11:0 106
12:0 16 18 48 60 77 78 79 93 219 318 366 405 445
13:0 40 81 450
14:0 106
15:0 31 41 42 97 99 116 228 283 372 390 398
16:0 16 17 18 28 33 97 98 119 239 297 355 366 403
17:0 16 17 18 28 33 97 98 119 239 297 355 366 403
18:0 16 17 18 28 33 97 98 119 239 297 355 366 403
19:0 33 38 39 44 98 116 158 162 228 242 283 372 389
20:0 14 33 38 39 44 98 116 158 162 184 228 242 283 372 389
21:0 31 43 45 64 65 97 119 228 332 355 372
22:0 31 43 45 64 65 97 119 228 332 355 365 372
23:0 35 40 43 44 51 103 114 137 254 255 256 380 426 441
24:0 35 40 43 44 51 103 114 137 242 254 255 256 380 422 423 424 426 441
25:0 21 39 45 84 85 86 87 97 98 104 113 364 435
26:0 39 84 85 98
27:0 10 28 40 111 129 154 163 201 205 210 229 328 360
28:0 10 28 40 111 129 154 163 201 205 210 229 306 328 360
29:0 10 24 39 40 44 45 154 242 260 270 305 390 445
30:0 10 24 39 40 44 45 154 242 260 270 305 390 445
31:0 10 24 34 39 40 276 414
32:0 24 30 31 32 40 43 64 116 260 270 390 398 445
33:0 24 30 31 32 40 43 64 116 260 270 390 398 445
34:0 24 37 40 64 116 224 414
35:0 1 3 45 47 107 111 113 118 227 236 266 309 322 356 358 361 381
36:0 3 47 107 118
37:0 39 46 52 53 83 98 109 126 219 261 286 288 326 371 445
38:0 52 98 109 219 417
39:0 1 3 34 38 47 50 102 111 156 205 304 358 360
40:0 3 47 50 111
41:0 17 44 48 109 114 141 212 305 310 314 403
42:0 17 44 48 103 109 114 141 212 305 310 314 403
43:0 51 71 72 77 78 79 80 202 230 236 363 381
44:0 51 71 72 77 78 79 80 202 230 236 363 381
45:0 72 76 77 78 80 312
46:0 10 74 77 78 141 147 163 202 312 404
47:0 10 74 77 78 141 147 163 202 312 404 440
48:0 33 48 50 60 77 78 79 93 94 141 193 305 324 428
49:0 16 33 48 50 60 77 78 79 93 94 141 193 305 318 324 405 428
50:0 10 28 45 89 90 91 163 189 222 310 389 414 426
51:0 10 28 45 89 90 91 161 163 189 222 310 328 389 400 414 426
52:0 6 10 44 45 103 154 163 185 252 269 364 372 400 417 445
53:0 10 44 45 103 154 163 185 252 269 364 372 400 408 415 417 445
54:0 10 39 50 55 56 93 103 133 154 244 346 352 428
55:0 10 39 50 55 56 93 103 133 154 244 346 352 428 453
56:0 2 10 37 43 67 69 103 116 154 207 238 343 370 372 386
57:0 2 10 37 43 67 69 99 103 116 154 207 238 370 372 374 386
58:0 36 43 44 46 52 53 97 172 179 242 257 270 316 394 424
59:0 44 46 245 316 422 424
60:0 3 34 55 56 61 95 145 187 240 341 346 358 426
61:0 3 34 55 56 61 95 145 187 240 341 346 358 426
62:0 3 61 66 95 170 223
63:0 100
64:0 50 60 93 94 100 105 115 134 248 271 272 357 427
65:0 50 60 93 94 100 105 115 134 248 271 347 357 427
66:0 2 43 66 67 69 116 184 193 223 233 238 279 358
67:0 2 43 66 67 69 116 184 193 223 233 238 279 358
68:0 2 43 66 67 69 116 184 193 223 233 238 279 358
69:0 21 22 35 51 74 75 77 78 79 230 282 378 380
70:0 21 22 35 51 74 75 77 78 79 230 282 378 380
71:0 22 75 79 230 254 255 256 348 437
72:0 35 40 48 51 56 61 103 112 132 352 378 390 398
73:0 35 40 48 51 56 61 103 112 132 352 378 390 398
74:0 33 38 88 89 111 120 153 205 222 300 350 397 444
75:0 33 38 88 89 111 120 153 205 222 300 350 397 444
76:0 33 38 88 89 111 120 153 205 222 300 350 397 444
77:0 23 33 36 39 45 52 83 97 126 172 340 394
78:0 23 31 36 39 45 52 83 97 98 126 172 224 340 394 398
79:0 29 33 45 50 55 93 94 133 174 240 244 281 303 352 428
80:0 29 33 45 50 55 93 94 110 133 174 240 244 281 303 352 428
81:0 33 48 49 84 86 103 192 199 209 319 360 393 429 435 443
82:0 33 48 49 84 86 103 161 192 199 209 319 360 393 429 435 443
83:0 14 28 31 43 64 97 163 206 210 282 314 332 364 398 400 403
84:0 31 45 64 65 97 98 99 228 253 283 367 458
85:0 31 45 64 65 97 98 99 161 228 253 283 365 367
86:0 29 36 45 58 62 156 196 219 227 291 346 362 392 401 420 453
87:0 29 36 45 58 62 156 196 219 227 291 324 329 362 392 401 420 453
88:0 1 50 103 106 107 124 139 151 188 189 262 374 426 441
89:0 1 50 103 106 107 124 139 151 188 189 262 374 426 441
90:0 33 43 48 58 62 110 128 182 250 333 334 362 420
91:0 48 62 110 131 182 191 390
92:0 95 101 109 122 138 171 174 180 194 212 247 371 389 399
93:0 95 101 109 122 138 171 174 180 194 212 247 325 371 389 399
94:0 95 101 109 122 138 171 174 180 194 212 247 325 371 389 399
95:0 20 21 33 38 88 99 103 106 174 201 225 231 300 317 328 397 444
96:0 1 29 50 60 93 94 95 96 139 207 244 248 417 428
97:0 1 29 50 60 93 94 95 96 139 171 207 244 248 415 417 428
98:0 11 12 21 23 43 61 106 145 152 175 182 232 300 341 362
99:0 11 12 21 23 43 61 106 145 152 175 182 232 300 341 362
100:0 33 49 103 113 120 129 153 205 209 243 268 360 393 451
101:0 33 49 103 113 120 129 153 205 209 243 268 360 393 451
102:0 73 76 77 78 79 93 94 95 115 140 253 331 363 388
103:0 23 93 95 121 140 402 437 452
104:0 29 37 38 39 43 45 99 116 125 155 198 206 283 374
105:0 29 37 38 39 43 45 99 116 125 155 198 206 283 374
106:0 24 25 26 27 96 116 136 170 179 193 203 279 280 299 364 370
107:0 4 5 7 8 9 68 97 183 197 228 279 327 364 370 410 418
108:0 21 23 35 48 50 103 111 122 205 282 287 378 382 438
109:0 33 108 114 120 123 124 139 153 188 194 262 360 372
110:0 33 108 114 120 123 124 139 153 188 194 262 372 458
111:0 23 30 31 32 36 39 89 184 224 350 444
112:0 23 30 31 32 36 39 89 184 224 350 359 444
113:0 1 3 38 39 45 47 107 111 113 121 135 287 361 374
114:0 20 21 22 71 72 74 77 78 79 132 246 275 282 321 363 378 438
115:0 4 5 39 43 44 99 146 179 200 203 242 252 389 458
116:0 43 55 56 61 97 108 116 145 239 349 362 406
117:0 43 55 56 61 97 108 116 145 239 349 362 406
118:0 30 31 32 39 48 64 97 127 175 224 346 352 392
119:0 30 31 32 39 48 64 97 127 175 224 346 352 392 398
120:0 33 55 56 61 105 106 107 113 129 229 293 322 360 408
121:0 55 105 109 129 229
122:0 3 60 93 94 96 102 112 113 115 164 219 226 227 271 272 278 345 383 384 385
123:0 13 14 17 43 97 98 104 116 163 206 210 228 364 400 403 404 410 458
124:0 1 3 8 34 59 122 142 181 195 212 313 358 378 419
125:0 9 43 67 84 85 87 98 103 113 129 351 435
126:0 7 43 52 53 83 108 109 123 126 185 241 436
127:0 11 12 14 20 37 66 69 106 116 233 276 279 280 404
128:0 30 33 36 37 39 99 156 184 207 228 371 416 428
129:0 33 150 175
130:0 37 43 44 56 63 82 239 240 349 401 423
131:0 34 45 47 54 55 56 58 109 195 219 240 329 352 362 420
132:0 144
133:0 28 33 36 39 44 45 98 226 270 376 387
134:0 28 33 39 44 55 56 62 98 114 151 270 330 387 392
135:0 24 28 33 39 42 84 86 87 97 98 270 387 422 435
136:0 28 33 39 44 52 83 98 123 126 184 270 387 424 436
137:0 33 60 97 105 159 160 161 176 192 199 277 278 324 393 435
138:0 43 44 55 56 110 132 182 205 246 321 341 350 362
139:0 43 44 55 56 110 131 132 182 205 246 321 341 350 362
140:0 10 28 43 71 72 106 203 246 319 341 378 453
141:0 10 28 43 71 72 106 163 203 246 319 341 364 378 400 453
142:0 17 36 44 46 48 63 97 157 184 242 246 416 422 423 424 442
143:0 33 34 111 122 133 156 173 187 205 214 242 281 335 416
144:0 16 54 58 59 97 115 170 181 246 258 329 355 366 420
145:0 64 65 84 86 87 97 113 197 240 246 268 355 365 435
146:0 17 52 53 76 83 97 143 203 219 241 246 257 355 403
147:0 21 35 43 63 82 86 97 200 219 239 349 401 407
148:0 21 35 43 63 82 86 97 200 219 239 349 401 407
149:0 7 9 17 21 35 43 63 82 86 97 200 219 239 349 355 401 407
150:0 50 54 93 94 105 112 129 133 219 244 248 357 382 384 385 396 427
151:0 1 5 94 112 118 133 144 226 246 382 396 417
152:0 33 34 45 75 76 77 113 115 219 230 235 312 345 363
153:0 33 34 45 75 76 77 113 115 219 230 235 312 345 363
154:0 33 34 45 75 76 77 80 113 115 219 230 235 312 345 363
155:0 33 38 43 52 53 98 108 111 129 172 205 284 436
156:0 33 38 43 52 53 98 108 111 129 172 205 284 436
157:0 33 38 43 52 53 98 108 111 129 172 205 284 360 436
158:0 10 37 43 44 55 56 99 103 163 175 184 242 276 401 423
159:0 10 37 43 44 55 56 99 103 163 175 184 242 276 401 423
160:0 10 37 43 44 55 56 97 99 103 163 175 184 242 276 401 423
161:0 10 21 98 111 133 154 156 193 226 266 270 304 382 389
162:0 10 21 98 111 133 154 156 193 226 266 270 304 382 389
163:0 33 36 45 64 93 95 115 138 193 253 326 355 375 403 428
164:0 33 36 45 64 93 95 115 138 143 193 253 326 355 375 403 428
165:0 4 33 38 48 97 113 115 129 183 219 226 318 405
166:0 4 33 38 48 97 113 115 129 183 219 226 318 405
167:0 40 42 81 94 97 101 132 141 154 169 184 389 398 425
168:0 40 42 81 94 97 101 132 141 154 169 184 389 398 425 450
169:0 17 44 48 103 109 114 141 212 305 310 314 403 440
170:0 36 48 55 56 61 86 109 145 175 209 268 324 392 435
171:0 36 48 55 56 61 86 109 145 175 209 254 255 256 268 324 392 435
172:0 39 84 86 186 204 417
173:0 1 47 186 204 227 345 383
174:0 1 47 111 186 204 383
175:0 38 45 118 186 204 219 226 227 246 266 273 281 387
176:0 38 45 118 186 204 219 226 227 246 266 273 281 345 387
177:0 43 64 94 100 101 109 248 273 357 375 381 382 384 385 466
178:0 43 64 94 100 101 109 248 273 357 366 375 381 382 384 385 466
179:0 33 45 84 86 87 113 178 268 324 408 435
180:0 33 45 84 86 87 113 178 268 324 408 435
181:0 7 9 33 45 84 86 87 113 178 268 324 408 435
182:0 72 78 230 241 345 348 437
183:0 33 38 39 55 56 61 111 205 240 392 401
184:0 33 38 39 55 56 61 111 205 240 392 401
185:0 21 38 67 88 102 157 175 185 317 335 359 383 389 452
186:0 3 61 95 195 207 304 340
187:0 33 39 72 73 77 78 79 150 178 202 235 262 331 340 369 388
188:0 33 39 72 73 77 78 79 150 178 202 235 262 331 340 369 388
189:0 33 39 72 73 77 78 79 150 178 202 235 262 331 340 369 388
190:0 10 28 39 97 103 129 154 226 310 321 374 387 417 458
191:0 71 72 73 74 75 202 235 241 275 283 320 388 402
192:0 1 71 72 73 74 75 76 80 241 275 320 331 388 437
193:0 17 33 48 49 95 98 103 104 193 197 228 246 253 369 403 405
194:0 21 39 54 55 89 114 133 240 281 300 330 341 426
195:0 21 39 54 55 89 114 133 240 281 300 330 341 426
196:0 28 33 39 60 93 94 98 129 234 244 248 270 384 387
197:0 28 33 39 98 103 109 185 212 228 236 270 372 385 387
198:0 17 64 101 114 185 212 228 269 310 372 389
199:0 29 33 45 50 55 93 94 174 207 237 244 281 352 376 408 417 428
200:0 45 60 109 149 180 195 212 220 247 288 310 371 408
201:0 237
202:0 68 194 219 243
203:0 23 33 45 60 93 94 97 226 242 310 316 372 384 385 428 458
204:0 33 36 38 117 120 153 182 191 229 334 360 363 371 450
205:0 33 36 38 117 120 153 182 191 192 229 334 360 363 371 390 393 429 450
206:0 36 91 99 103 111 137 175 180 205 228 246 281 283 355
207:0 12 14 28 40 98 103 106 163 185 210 282 369 404
208:0 20 21 33 38 88 99 103 106 174 201 225 231 242 300 317 397 422 423 424 444
209:0 29 33 36 39 44 46 99 122 184 204 242 371 422 423 424
210:0 29 33 36 39 44 46 99 122 184 204 242 371 422 423 424
211:0 33 36 40 42 55 56 106 107 191 194 205 254 255 279 362 390 398 401
212:0 13 14 43 97 98 116 163 206 210 228 232 334 364 400 404 418 442 458
213:0 35 110 117 132 156 219 227 379 380 450
214:0 30 31 33 36 43 68 179 203 224 280 332 364 370 400
215:0 10 43 97 98 103 154 163 185 196 232 251 269 420
216:0 10 37 43 122 154 156 163 173 185 204 230 313 343 374
217:0 10 37 43 122 154 156 163 173 184 185 230 313 343 359
218:0 34 52 53 88 105 106 123 133 157 246 281 414 436
219:0 34 52 53 88 105 106 123 133 157 246 281 414 436
220:0 33 36 54 59 89 133 181 189 196 203 300 316 420 426
221:0 31 36 54 59 64 89 133 181 189 196 203 246 300 316 423 426
222:0 33 61 105 106 131 145 243 246 287 350 381 392 408 414
223:0 55 58 60 61 62 63 116 199 324 331 352
224:0 55 58 60 61 62 63 116 132 190 324 331 350 378 441
225:0 217
226:0 17 29 33 36 48 56 60 61 97 109 145 324 331 340 352 392
227:0 28 31 43 64 97 129 163 191 211 314 319 364 400 403
228:0 43 44 46 52 53 123 185 242 251 316 336 373 417 424
229:0 43 44 46 52 53 123 185 242 251 316 336 373 417 422 424
230:0 43 55 56 61 97 108 116 145 239 281 349 362 406
231:0 21 33 36 38 45 111 175 203 204 205 316 363 387
232:0 21 30 31 45 89 111 175 184 205 222 229 282 372 416 422 424
233:0 33 60 63 97 105 111 160 161 176 192 199 277 278 324 393 435
234:0 23 28 33 36 43 95 109 272 286 310 347 382 428 445
235:0 166
236:0 33 193 252 270
237:0 27 68 97 98 116 167 197 228 229 279 283 360 364 370
238:0 1 47 59 93 94 122 181 186 195 212 313 381 383 419
239:0 9 43 67 84 85 87 98 103 113 129 351 435
240:0 7 43 52 53 83 108 109 123 126 185 241 436
241:0 23 33 34 45 111 117 205 208 215 358 360 428 445
242:0 1 3 38 39 45 47 107 111 113 121 135 287 361 374
243:0 43 44 46 84 87 98 115 209 240 242 326 347 422 435
244:0 23 43 44 46 52 53 83 126 207 284 326 347 424 436
245:0 16 43 44 54 56 59 61 62 240 243 326 347 366 423
246:0 37 43 44 63 89 103 157 184 201 242 371 399 444
247:0 37 43 44 63 89 103 157 184 201 242 371 399 444
248:0 37 43 44 63 89 103 157 184 201 242 371 399 422 423 424 444
249:0 16 18 56 105 129 143 177 219 240 246 248 326 347 363 386
250:0 16 18 105 126 129 143 219 221 241 246 248 326 347 363 386
251:0 73 93 105 195 215 219 226 246 248 345 361 363 377 437
252:0 1 21 43 71 72 97 98 103 197 202 228 412
253:0 1 21 43 71 97 98 103 197 206 210 228 348 437
254:0 1 21 43 71 97 98 103 197 206 228 348 400 404 437
255:0 10 28 45 52 53 64 83 98 116 119 163
256:0 10 24 28 45 52 64 98 116 119 163 327 339 394
257:0 7 10 24 28 45 52 64 98 116 163 299 327 339 394 413
258:0 33 36 45 55 56 117 182 189 193 250 283 300
259:0 33 36 45 55 89 117 182 189 193 283 330 341 426
260:0 33 36 45 55 89 117 182 189 193 283 330 341 359 426
261:0 28 33 36 44 46 184 207 242 269 316 336 372 373 389
262:0 28 33 36 44 46 168 184 207 269 316 336 372 373 389
263:0 28 29 33 39 42 45 156 175 187 300 316 343 374
264:0 28 29 33 39 45 154 156 163 187 300 316 343 374 415
265:0 33 40 81 450
266:0 106
267:0 16 18 71 72 78 202 213 234 318 405
268:0 106
269:0 16 18 60 92 93 113 182 236 318 405
270:0 45 54 61 71 72 240 267 310 363 412 428
271:0 45 56 61 71 154 252 253 267 310 346 428
272:0 45 72 267 310
273:0 74 106 117 153 235 241 267
274:0 1 13 74 75 106 185 207 252 259 267 326
275:0 18 75 185 417 437
276:0 17 45 64 97 98 104 116 283 332 403
277:0 17 45 64 97 98 104 116 283 332 365 403
278:0 17 45 48 54 55 97 98 228 332 352 355 403
279:0 17 45 48 54 55 56 182 254 255 256 346 352 355 366 371 374
280:0 45 93 94 95 100 104 138 204 248 286 345 347 381
281:0 45 93 94 95 100 104 138 204 248 286 345 347 381
282:0 45 93 94 95 100 104 138 248 273 286 345 347 361 445
283:0 54 61 97 98 114 145 226 230 346
284:0 16 18 78 98 145 184 230 318 346 403 405 466
285:0 29 33 71 72 73 74 77 78 147 202 388 402
286:0 29 33 68 71 72 73 78 170 183 223 327 395 402
287:0 10 68 133 175 185 227 281 303 343
288:0 10 68 116 154 163 179 203 227 253 264
289:0 10 68 133 175 185 207 227 281 303 343 359 374 386
290:0 10 28 91 106 141 154 170 189 206 232
291:0 10 14 28 97 103 104 106 141 154 163 170 210 226 404 450
292:0 10 28 106 109 141 154 170 180 247 288 377 425
293:0 1 23 46 48 103 156 214 253 304 310 336
294:0 1 23 44 46 48 103 156 214 253 304 310 336
295:0 1 23 44 46 48 63 103 156 214 242 253 304 310 336 422 423 424
296:0 18 28 33 69 116 179 187 203 233 252 265 282 292 358 370 395
297:0 18 28 33 69 116 179 187 203 233 252 265 282 292 358 362 370 395
298:0 21 39 55 145 150 204
299:0 33 86 88 106 156 157 192 199 201 335 408 414 435 444
300:0 3 33 38 39 45 47 185 193 204 213 215 252 274 343 358 383 445
301:0 3 47 213 252
302:0 10 43 101 109 154 185 193 197 212 247 252 282 310 386 408 421 425 428
303:0 11 44 185 226 230 242 254 255 256 310 313 334 389 442
304:0 29 33 36 38 46 106 182 189 231 232 319 334 368 442
305:0 29 33 36 38 46 106 182 189 231 232 319 334 368 442
306:0 29 33 36 38 46 106 182 189 231 232 319 334 368 442
307:0 93 96 105 117 136 170 179 197 237 244 347 364 379 395
308:0 7 8 9 93 96 105 117 136 170 179 197 237 244 347 364 379 395
309:0 33 43 44 46 86 87 98 209 268 316 336 422 435
310:0 33 43 44 46 86 87 98 209 268 316 336 422 424 435
311:0 45 86 87 97 98 129 209 226 227 268 270 313 383 387 417
312:0 45 86 87 97 98 129 204 209 226 227 268 270 313 376 383 417
313:0 33 38 98 104 109 148 182 236 270 294 324 405 428
314:0 33 98 204 227 230 236 260 270 273 343 405 428
315:0 40 71 72 73 74 78 80 92 202 230 235 275 312 320 345 390
316:0 1 92 124 133 139 188 227 254 255 256 281 378 380 441
317:0 1 34 92 124 133 139 188 227 254 255 256 281 378 380 441
318:0 36 43 44 97 99 103 116 184 207 242 372 423 453
319:0 43 44 97 99 103 116 130 163 184 207 242 269 364 372 400 423 453
320:0 45 54 55 56 133 150 156 205 250 291 310 323 340 352 362
321:0 45 54 55 56 133 150 156 205 250 291 310 323 340 352 362
322:0 33 36 38 45 52 53 89 116 133 222 414 436
323:0 33 36 45 52 89 90 116 133 157 222 284 414 436
324:0 34 52 53 83 108 110 123 133 174 175 182 229 257 334 436
325:0 60 94 109 149 150 156 173 244 277 316 340 371 408 428
326:0 60 94 109 149 150 156 173 244 277 316 340 371 408 428
327:0 33 37 38 60 95 146 175 185 244 253 298 383 389
328:0 28 44 63 89 90 91 185 201 242 328 364 414
329:0 28 48 49 63 103 185 201 225 328
330:0 28 48 49 63 103 185 201 225 328 337
331:0 28 40 42 43 71 73 74 178 185 191 194 201 275 302 371 389
332:0 28 40 42 43 71 73 74 178 185 191 194 201 275 279 302 371 389
333:0 31 36 45 47 54 64 119 195 219 287 310 363 406
334:0 31 36 45 47 54 64 143 195 219 225 287 310 349 363 365 406
335:0 10 14 43 98 163 197 206 210 228 269 306 370 373 404
336:0 35 44 103 114 122 137 207 242 305 342 378 398 400
337:0 33 88 93 94 95 106 149 153 248 322 373 377 397
338:0 33 76 83 88 93 106 149 153 157 322 373 377 397
339:0 55 89 90 133 156 173 189 222 248 300 346 352 401 426
340:0 55 89 90 133 156 173 189 222 248 300 321 346 352 401 426 428
341:0 11 12 14 43 61 106 145 152 182 242 269 282 400
342:0 11 12 14 43 61 106 129 145 152 182 242 269 282 400
343:0 60 93 106 120 153 189 201 229 246 317 322 377 379 414
344:0 60 63 93 100 106 120 153 189 201 229 246 317 322 377 379 414
345:0 51 109 132 133 246 254 255 256 275 310 378 380 412
346:0 51 109 132 133 246 254 255 256 275 310 378 380 412
347:0 10 55 106 163 182 210 232 246 300 306 350 404
348:0 10 55 106 163 182 210 232 246 300 306 350 404
349:0 33 150 175
350:0 35 55 56 105 213 219 239 240 287 346 352 392 401 445
351:0 33 52 55 181 240 241 258 311
352:0 10 20 39 60 103 122 154 163 164 168 185 246 310 364 389 421 425
353:0 101 103 174 180 185 247 261 271 282 288 289 373 389 425
354:0 101 103 174 180 185 247 261 271 282 288 289 373 389 425
355:0 43 50 101 109 174 193 212 228 248 261 310 371 425
356:0 7 8 9 20 43 50 101 109 174 193 212 228 248 261 310 325 356 371 425
357:0 16 18 23 34 43 74 75 76 230 235 345 363 403 437
358:0 35 36 38 45 93 149 215 219 253 281 310 326 361
359:0 10 13 14 43 44 98 104 163 195 197 228 248 269 364 382 389 400 427
360:0 68 150 194 204 219 227 243
361:0 29 43 44 59 104 181 182 196 242 258 420 423
362:0 29 43 44 58 59 104 181 182 196 242 258 329 423
363:0 34 45 55 59 62 111 156 173 181 227 258 301 329
364:0 34 45 55 59 62 156 173 181 207 227 258 301 329
365:0 34 45 55 59 62 156 173 181 207 227 242 258 301 329 423
366:0 55 128 250 334
367:0 44 56 103 184 226 242 250 291 352 362 401 423
368:0 56 93 94 97 133 226 250 291 352 392 401 445
369:0 33 36 38 55 56 106 156 246 281 291 300 317 457
370:0 33 36 55 97 175 186 204 213 219 352 381 392 445
371:0 29 38 43 44 52 99 116 184 225 242 337 428
372:0 29 38 43 44 52 99 116 182 184 225 242 337 428
373:0 19 29 38 43 44 52 99 116 182 184 225 242 337 422 424 428
374:0 36
375:0 36 63 93 94 97 184 228 232 309 334 393 418 428
376:0 36 63 93 94 97 184 228 232 309 334 359 393 418 428
377:0 23 63 88 153 174 192 199 246 276 334 359 444 451
378:0 23 58 63 133 153 174 192 196 199 246 276 359 451
379:0 23 63 133 153 174 192 199 232 246 276 334 359 430 442 451
380:0 94 105 149 204 219 225 270 273 287 296 346 361 375 406 428
381:0 94 105 149 182 219 225 262 270 287 295 349 375 377 406 428
382:0 34 38 56 58 156 184 246 323 329 347 352 401
383:0 76 89 90 126 156 163 184 246 284 339 341 414
384:0 19 63 156 184 200 239 242 245 246 337 349 406
385:0 38 93 94 129 156 248 270 273 287 322 353 356 361 387 428
386:0 35 43 63 68 94 97 100 101 104 105 129 133 191 192 228 243 245 269 276 282 289 322 334 354 375 428
387:0 33 44 71 72 73 75 110 174 202 235 242 437
388:0 33 44 71 72 73 75 110 174 202 235 242 437
389:0 33 44 71 72 73 75 89 110 174 202 235 242 437 452
390:0 10 43 52 53 83 154 172 259 263 269 303 417
391:0 10 43 52 83 154 172 183 259 269 303 364 370 394
392:0 10 43 52 83 154 172 183 269 347 364 370 386 394
393:0 1 31 45 54 56 61 64 65 117 145 250 346 362
394:0 31 33 45 54 56 61 64 65 117 145 232 250 346 362
395:0 14 31 33 45 54 56 61 64 65 145 207 232 250 362 453
396:0 17 18 33 36 45 97 98 104 283 332 413
397:0 17 18 33 36 45 97 98 104 283 332 413
398:0 17 18 33 36 45 97 98 104 283 332 370 413
399:0 29 33 36 45 111 133 158 162 174 205 276 281
400:0 29 33 36 45 55 111 133 158 162 174 205 276 281
401:0 45 117 450
402:0 45 47 103 116 117 141 163 195 210 269 400 404 405
403:0 33 43 44 46 184 207 209 242 268 422 435
404:0 33 43 44 46 184 207 209 242 268 422 435
405:0 33 43 44 46 184 207 209 242 268 422 435
406:0 71 72 74 78 346 388
407:0 40 72 230 311 345
408:0 29 36 43 103 116 184 228 246 372 428 457
409:0 29 36 43 103 116 184 228 246 283 372 428 457
410:0 33 36 182 203 207 246 269 319 334 368 442
411:0 33 36 182 203 207 246 269 319 334 335 368 442
412:0 33 182 237 450
413:0 33 60 74 75 93 94 175 182 213 237 437 445 450
413:1 33 60 90 93 94 106 175 182 213 237 350 445 450
413:2 33 60 93 94 175 182 213 237 319 429 442 445 450
414:0 16 33 60 77 93 94 182 237 293 318 403 405 450
415:0 16 230 450
416:0 16 40 92 109 154 163 194 207 210 228 230 408 445 454 455 456
417:0 45 98 117 129 162 186 203 204 209 387 435
418:0 13 45 49 55 97 98 129 228 250 346 453
419:0 13 45 49 55 97 98 129 228 242 250 346 423 453
420:0 33 36 73 74 76 241 270 345 381 388
421:0 33 36 73 74 76 80 241 270 345 381 388
422:0 34 105 106 189 237 240 300 330 352 426
423:0 34 105 106 189 237 240 300 330 352 426
424:0 10 28 39 97 103 129 154 226 310 321 374 387 417 458
425:0 16 107 116 132 153 226 247 254 255 256 310 371 466
426:0 16 107 116 132 153 226 247 254 255 256 310 371 466
427:0 1 26 97 98 111 146 150 193 203 204 218 226 340 361
428:0 1 26 97 98 111 146 150 193 203 204 216 226 243 277 340 361
429:0 45 149 180 310 345 381
430:0 17 114 207 228 310 399 400 417
431:0 10 45 95 154 163 185 204 213 252 274 389 445
432:0 10 34 45 95 154 163 185 204 207 213 252 274 445
433:0 35 45 93 253 310 387
434:0 10 92 103 108 116 139 153 154 163 262 364 400
435:0 10 53 92 103 108 116 139 153 154 163 262 364 400
436:0 33 93 95 109 185 219 248 286 326 334 360 371 377
437:0 33 93 95 109 185 219 240 241 248 286 326 334 335 360 371 377
438:0 21 38 67 88 102 157 175 185 313 317 335 383 389
439:0 3 60 93 94 96 102 112 113 115 164 219 226 227 271 272 278 321 383
440:0 1 186 204 287 383
441:0 31 45 47 64 102 119 253 269 297 304 355 448
442:0 95 109 138 174 180 185 228 262 389 399 417 425 466
443:0 28 33 36 82 91 163 201 328 337 407
444:0 28 33 36 82 91 163 201 328 337 407
445:0 28 33 36 82 91 163 201 242 328 337 407 424
446:0 33 34 103 111 118 122 133 205 254 256 278 316 363 374 387
447:0 68 98 103 179 193 203 364 383 395
448:0 14 68 98 193 197 198 232 245 319 364 370 382 395 396 399 406
449:0 28 33 36 38 44 89 90 242 281 328
450:0 28 33 36 38 44 89 90 242 281 328 422 423 424
451:0 40 42 43 44 184 242 282 305 367 390 440 450
452:0 40 42 43 44 184 242 282 305 367 390 422 423 424 440 450
453:0 40 185 188 189 207 228 260 269 279 310 389 398 417 426
454:0 40 185 188 189 207 228 260 269 279 310 389 398 417 426
455:0 20 22 44 74 185 230 242 254 255 256 275 378 438
456:0 1 16 55 213 219 240 250 318 340 352 369 392 445
457:0 1 16 55 213 219 240 250 318 340 352 369 392 445
458:0 17 29 33 36 48 56 61 97 109 145 340 352 392
459:0 43 54 59 75 181 196 207 275 320 329 420 452
460:0 8 43 54 59 75 181 196 207 275 320 329 420 452
461:0 10 43 98 103 154 185 196 232 269 279 372 373 374 399 400 417
462:0 33 48 49 84 86 103 112 192 199 209 243 319 360 393 429 435 443
463:0 21 23 35 48 50 103 111 122 205 282 287 360 378 382 438
464:0 23 30 31 32 36 39 89 184 224 350 359 398 439 444
465:0 20 21 22 71 72 74 77 78 79 132 246 275 282 321 335 363 378 438
466:0 7 9 43 67 84 85 87 98 103 113 129 351 416 435
467:0 7 9 43 52 53 63 83 108 109 123 126 185 241 436
468:0 143 245 396 403
469:0 33 48 49 98 103 104 163 193 197 228 246 253 364 369 400 403 405 450
470:0 14 28 33 39 75 98 202 235 241 270 320 345 348 387
471:0 28 33 39 44 59 98 112 196 243 258 270 387 420 423
472:0 12 14 28 98 103 106 185 210 282 369 398 400 404 422 423 424
473:0 36 54 59 64 89 181 184 189 203 246 258 300 316 423 426 458
474:0 33 60 63 97 105 160 161 176 192 199 277 324 373 393 417 433 435
475:0 14 43 93 100 104 163 182 206 210 270 348 364 370 400 427
476:0 33 86 156 157 192 199 201 334 335 356 393 408 414 435 443 444
477:0 7 8 9 20 43 50 101 109 174 193 212 228 248 261 310 325 356 371 425
478:0 43 59 104 109 181 194 196 258 310 358 420 445 466
479:0 84 86 104 109 164 253 268 271 310 351 435 466
479:1 84 86 104 109 164 253 268 271 310 351 435 437 466
479:2 84 86 104 109 164 253 268 271 310 315 351 435 466
479:3 59 84 86 104 109 164 253 268 271 310 351 435 466
479:4 56 84 86 104 109 164 253 268 271 310 351 435 466
479:5 84 86 104 109 164 253 268 271 310 351 403 435 466
480:0 93 129 133 156 175 203 248 262 281 286 326 363
481:0 93 129 156 182 204 248 286 326 361 363 381 383
482:0 93 129 153 156 197 248 253 286 326 363 387 417
483:0 163 184 225 232 246 337 377 396 414 430 459
484:0 163 184 225 246 337 352 377 396 401 414 460
485:0 43 83 184 242 246 257 319 414 424 436 442 444 463
486:0 7 8 9 109 146 193 279 282 416 428 462
487:0 163 184 225 246 337 377 396 414 421 466 467
488:0 54 62 93 94 104 163 219 236 248 375 427 461
489:0 48 61 145 151 204 240 250 291 346 352 392
490:0 48 61 145 151 204 240 250 291 294 346 352 391 392
491:0 50 95 98 104 114 138 171 185 399 417 464 466
492:0 73 74 98 186 230 235 312 345 361 363 388 403 412 437 465
493:0 63 69 105 195 245 248 287 304 322 356 363 386 414 449
