1
2
3
5
6
7
8
10
11
15
16
17
19
21
23
25
26
27
28
29
30
31
32
33
34
35
36
37
38
39
40
41
43
45
46
49
51
52
53
55
57
59
61
62
63
64
65
66
68
69
70
71
72
73
75
76
78
79
82
85
86
87
88
90
91
92
94
95
96
97
99
100
102
104
106
107
108
110
111
113
114
115
116
118
119
120
121
123
124
125
126
127
129
131
132
133
134
135
136
140
142
144
145
146
148
149
151
152
153
154
156
158
160
162
163
164
166
168
170
172
173
175
176
181
182
183
184
185
186
187
188
189
190
191
192
193
194
195
197
199
200
201
202
203
205
207
208
209
210
213
215
216
217
218
219
220
221
222
225
226
227
228
232
234
235
236
237
238
239
240
242
243
244
245
246
247
248
249
251
252
254
255
256
257
259
260
261
262
265
266
267
269
270
271
273
275
276
278
279
280
281
283
284
286
287
288
289
290
295
296
297
298
299
300
303
305
306
307
308
309
310
311
312
313
314
315
316
318
319
320
322
325
326
327
328
330
331
332
334
335
336
337
338
339
340
341
345
346
347
350
352
353
355
356
357
358
360
361
362
363
364
365
366
367
368
369
370
371
372
373
374
375
376
377
379
380
381
382
383
384
385
386
388
389
390
392
393
395
396
397
399
400
401
402
403
404
405
406
407
408
410
411
412
413
414
416
417
418
419
420
421
422
424
425
426
427
428
429
430
432
433
434
436
438
439
441
443
444
445
446
448
449
450
451
452
453
454
455
456
457
458
459
462
465
466