0 0
1 0
2 0
3 0
4 0
5 1
6 1
7 0
8 1
9 1
10 0
11 0
12 1
13 0
14 1
15 1
16 0
17 0
18 1
19 0
20 1
21 0
22 1
23 0
24 1
25 1
26 0
27 0
28 1
29 0
30 1
31 1
32 0
33 1
34 0
35 0
36 0
37 0
38 0
39 1
40 1
41 1
42 1
43 1
44 1
45 0
46 0
47 1
48 0
49 0
50 1
51 1
52 0
53 0
54 0
55 0
56 1
57 0
58 0
59 1
60 1
61 1
62 0
63 0
64 0
65 0
66 0
67 0
68 0
69 0
70 0
71 0
72 1
73 1
74 1
75 0
76 0
77 1
78 0
79 1
80 1
81 0
82 0
83 0
84 0
85 0
86 0
87 1
88 0
89 1
90 1
91 0
92 0
93 1
94 1
95 0
96 1
97 1
98 1
99 1
100 0
101 1
102 1
103 1
104 1
105 1
106 0
107 1
108 0
109 1
110 1
111 1
112 0
113 0
114 0
115 1
116 0
117 0
118 1
119 1
120 0
121 1
122 0
123 1
124 0
125 0
126 1
127 0
128 0
129 0
130 1
131 0
132 1
133 0
134 1
135 0
136 0
137 0
138 0
139 1
140 0
141 0
142 1
143 0
144 0
145 0
146 0
147 1
148 0
149 1
150 1
151 1
152 1
153 1
154 0
155 0
156 0
157 1
158 0
159 1
160 0
161 0
162 0
163 0
164 0
165 0
166 0
167 1
168 1
169 1
170 0
171 1
172 0
173 0
174 1
175 0
176 0
177 0
178 0
179 0
180 0
181 0
182 0
183 1
184 1
185 1
186 0
187 0
188 1
189 1
190 1
191 0
192 0
193 0
194 1
195 0
196 1
197 0
198 1
199 1
200 0
201 0
202 0
203 0
204 1
205 0
206 1
207 1
208 1
209 0
210 0
211 1
212 1
213 1
214 1
215 0
216 0
217 0
218 0
219 0
220 0
221 0
222 1
223 0
224 0
225 0
226 1
227 0
228 1
229 1
230 1
231 0
232 1
233 0
234 0
235 0
236 0
237 1
238 1
239 1
240 0
241 0
242 0
243 0
244 1
245 0
246 0
247 0
248 0
249 0
250 0
251 0
252 0
253 1
254 0
255 0
256 0
257 0
258 1
259 1
260 0
261 0
262 1
263 0
264 0
265 0
266 0
267 1
268 1
269 0
270 0
271 0
272 1
273 1
274 1
275 0
276 1
277 1
278 1
279 0
280 1
281 1
282 1
283 0
284 0
285 1
286 0
287 1
288 0
289 1
290 0
291 1
292 0
293 0
294 1
295 0
296 0
297 0
298 0
299 0
300 1
301 1
302 0
303 1
304 1
305 0
306 1
307 1
308 0
309 1
310 1
311 1
312 0
313 0
314 0
315 0
316 0
317 1
318 1
319 1
320 0
321 1
322 1
323 1
324 0
325 0
326 0
327 1
328 0
329 1
330 0
331 1
332 1
333 1
334 0
335 0
336 1
337 0
338 0
339 0
340 1
341 0
342 0
343 1
344 1
345 1
346 1
347 0
348 1
349 1
350 1
351 1
352 0
353 0
354 1
355 1
356 1
357 0
358 0
359 0
360 1
361 1
362 1
363 0
364 1
365 1
366 0
367 0
368 0
369 0
370 0
371 0
372 0
373 0
374 1
375 0
376 1
377 1
378 1
379 0
380 0
381 1
382 0
383 1
384 0
385 0
386 0
387 0
388 1
389 0
390 0
391 1
392 1
393 0
394 1
395 0
396 1
397 0
398 1
399 0
400 0
401 0
402 0
403 1
404 0
405 0
406 0
407 0
408 1
409 0
410 0
411 0
412 1
413 0
414 0
415 0
416 1
417 0
418 0
419 0
420 0
421 1
422 0
423 1
424 0
425 0
426 0
427 0
428 0
429 0
430 0
431 0
432 0
433 0
434 0
435 0
436 1
437 1
438 0
439 1
440 1
441 1
442 1
443 1
444 1
445 1
446 1
447 1
448 1
449 1
450 0
451 0
452 1
453 1
454 1
455 0
456 0
457 1
458 0
459 0
460 1
461 0
462 1
463 1
464 1
465 0
466 0
467 1
468 0
469 0
470 1
471 0
472 0
473 0
474 1
475 1
476 0
477 0
478 0
479 0
480 1
481 1
482 0
483 0
484 1
485 1
486 1
487 0
488 1
489 0
490 1
491 0
492 1
493 0
494 0
495 0
496 1
497 1
498 1
499 1
500 1
501 0
502 0
503 1
504 0
505 0
506 1
507 1
508 0
509 0
510 0
511 0
512 1
513 0
514 1
515 0
516 0
517 0
518 1
519 1
520 1
521 1
522 0
523 1
524 1
525 0
526 0
527 1
528 1
529 1
530 1
531 0
532 0
533 1
534 0
535 1
536 1
537 0
538 0
539 1
540 1
541 1
542 1
543 1
544 1
545 1
546 1
547 0
548 1
549 0
550 1
551 1
552 1
553 1
554 1
555 1
556 0
557 1
558 1
559 1
