--
100
100
85
85
85
100
100
100
100
100
100
30
100
--
95
100
100
100
95
75
75
100
100
100
75
95
85
100
100
100
85
30
95
100
85
85
100
100
100
100
100
85
100
100
100
100
55
55
90
80
100
100
100
--
100
80
100
100
70
100
100
100
90
100
100
80
100
100
100
100
100
100
90
--
95
100
75
75
75
100
95
100
70
100
100
100
70
90
100
30
100
85
100
100
60
--
--
100
100
--
100
--
85
--
--
--
--
100
100
--
--
--
--
--
--
--
--
--
--
100
75
100
70
100
85
85
100
75
--
100
100
100
--
80
--
90
75
100
55
85
100
75
90
--
100
100
100
70
80
--
--
85
100
80
90
--
90
90
--
--
100
90
100
--
--
--
90
100
--
100
100
100
100
--
100
--
95
85
100
100
100
--
100
90
--
75
--
100
100
85
--
50
100
--
--
95
--
80
100
100
--
100
--
100
90
100
90
--
100
95
90
--
100
--
--
100
90
100
--
--
95
100
50
85
100
--
100
100
100
100
75
95
--
--
--
--
100
80
100
--
--
100
100
--
100
100
100
90
100
70
100
100
100
--
100
--
90
--
100
100
75
100
100
100
100
--
--
--
100
--
--
--
--
--
--
100
--
--
100
100
--
100
100
100
--
--
--
--
--
100
100
100
--
--
100
100
100
100
90
--
90
100
--
100
100
95
90
90
85
100
100
--
100
95
90
100
80
100
85
55
100
--
100
100
--
100
90
70
30
85
100
--
100
--
--
--
100
90
--
85
95
100
100
100
--
--
--
100
--
80
--
100
85
90
--
--
--
100
90
100
--
100
100
100
100
--
--
100
100
100
100
100
100
100
90
--
100
100
--
100
--
--
--
--
--
100
100
100
100
--
--
--
--
100
100
--
--
100
100
100
90
100
95
100
100
100
75
100
100
100
70
100
100
100
100
90
--
100
100
100
100
95
95
95
100
85
100
90
85
100
85
--
--
90
100
100
90
85
90
100
70
100
--
80
100
--
100
100
100
100
90
100
100
100
--
--
80
90
90
95
--
100
70
80
85
100
100