--
100
100
--
--
--
95
--
95
95
--
100
100
--
90
100
--
--
100
100
100
100
--
100
100
85
--
--
100
--
--
75
100
90
90
70
--
100
85
80
90
85
100
100
100
100
100
100
100
--
100
100
--
--
100
--
90
100
100
75
100
85
100
100
100
--
--
--
--
85
100
100
90
80
100
100
95
100
--
95
100
80
--
--
--
--
--
100
100
100
100
100
100
90
100
--
100
85
90
100
--
100
100
75
100
100
100
100
50
100
100
75
100
100
100
100
--
100
100
100
100
100
100
--
100
100
100
100
100
85
95
100
70
30
100
100
100
100
100
100
100
100
95
70
--
100
--
100
--
90
100
85
95
80
100
100
100
90
90
100
55
--
100
--
--
--
30
70
100
100
--
90
--
--
80
100
--
100
--
--
--
90
--
90
100
100
30
--
90
80
90
90
100
60
90
100
95
100
100
100
95
--
--
--
100
75
100
95
100
80
100
100
100
100
90
100
90
100
100
--
--
75
100
--
--
100
100
--
--
75
--
--
100
--
--
--
100
75
85
85
100
100
95
85
85
--
--
--
--
--
--
100
--
85
--
100
--
--
85
95
--
100
85
--
100
--
100
100
100
100
85
--
100
100
90
--
100
100
100
--
100
85
100
100
55
100
100
100
75
100
100
100
--
--
85
90
--
100
--
100
90
100
90
80
100
100
100
100
--
100
95
100
--
--
--
--
--
100
100
100
100
90
90
85
--
90
100
90
80
90
--
85
90
--
95
--
85
100
--
100
100
85
100
100
85
100
100
100
100
100
--
100
--
30
--
100
100
55
--
--
100
90
90
--
75
100
75
--
100
100
100
70
100
--
100
--
100
90
95
100
--
100
--
100
100
--
100
--
90
--
100
80
100
95
--
75
80
--
100
--
90
100
55
100
90
--
75
100
--
100
--
--
95
--
100
--
85
100
100
--
100
100
70
95
100
100
100
100
100
100
90
--
--
100
--
--
90
--
100
100
100
100
100
100
100
--
100
100
100
100
--
100
100
100
85
100
75
100
--
--
100
100
90
100
100
--
50
90
---
---
---
---
---
100
100
---
---
---
---
100
100
100
100
---
100
100
100
100
100
---
100
100
100
100
100
---
100
100
100
---
100
---
---
100
---
---
100
100
---
90
100
100
100
---
100
100
---
50
100
100
100
100
100
100
90
90
---
95
100
95
90
100
100
100
95
100
90
100
---
95
100
85
70
100
85
100
100
100
100
95
85
85
100
90
90
95
90
95
100
100