0
71
51
151
367
332
177
97
314
403
133
246
453
392
401
292
312
274
372
310
454
213
396
62
419
140
112
226
251
187
117
20
44
307
299
59
335
34
125
198
155
340
413
280
362
145
61
450
405
339
418
331
347
293
445
268
451
204
448
128
370
4
109
93
132
160
176
383
322
178
68
343
152
238
440
242
306
462
174
15
399
464
111
455
432
194
197
91
50
435
291
146
353
458
24
104
38
3
434
337
349
406
82
407
225
409
138
65
223
414
89
121
373
52
227
283
203
412
284
153
326
245
263
185
252
313
206
297
364
126
424
7
83
90
175
172
53
394
148
430
260
374
19
411
116
264
266
395
193
338
218
31
210
154
248
380
202
416
137
447
320
356
45
74
288
385
12
441
16
360
258
359
106
114
457
29
215
377
456
361
391
257
270
136
237
30
32
336
308
56
63
158
304
95
301
58
423
8
420
333
196
286
275
334
442
231
449
26
2
134
282
387
436
348
437
141
73
43
122
113
199
142
67
381
461
295
183
277
345
463
443
393
222
382
212
96
72
25
5
224
262
368
232
319
309
118
208
102
170
107
357
243
119
429
54
296
236
234
426
341
300
189
330
417
363
267
302
101
400
171
190
316
466
200
315
220
6
371
64
195
80
42
365
305
139
398
40
342
77
1
181
408
384
379
438
217
182
60
244
94
354
427
375
149
386
228
98
99
240
229
75
13
105
278
115
287
156
216
279
179
46
459
350
431
397
157
249
88
317
439
272
27
205
355
221
219
328
28
201
184
10
103
290
402
465
69
120
247
421
467
325
425
159
329
351
324
318
47
166
285
130
143
327
303
21
163
79
214
124
188
265
123
108
289
173
135
76
49
460
209
169
131
191
255
180
150
147
446
211
254
23
444
70
81
165
78
66
164
389
241
162
276
48
57
207
256
186
230
129
415
14
235
33
294
39
366
36
269
298
100
168
37
87
422
86
85
9
84
321
259
92
390
144
161
271
433
167
376
41
239
369
253
410
11
22
233
344
358
55
352
346
323
127
311
250
18
261
17
273
110
452
388
35
378
404
281
192
428
468
469
470
471
472
473
474
475
476
477
478
479
480
481
482
483
484
485
486
487
488
489
490
491
492
493
494
495
496
497
498
499
500
501
502
503
504
505
506
507
508
509
510
511
512
513
514
515
516
517
518
519
520
521
522
523
524
525
526
527
528
529
530
531
532
533
534
535
536
537
538
539
540
541
542
543
544
545
546
547
548
549
550
551
552
553
554
555
556
557
558
559