1:0 14 15 22 33 34 38 45 70 73 74 75 76 77 79 80 92 102 104 111 113 130 148 156 164 173 174 182 188 189 202 203 204 207 210 213 214 216 218 219 230 235 237 241 249 263 290 320 331 345
2:0 14 15 22 33 34 38 45 70 73 74 75 76 77 79 80 92 102 104 111 113 130 148 156 164 173 174 182 188 189 202 203 204 207 210 213 214 216 218 219 230 235 237 241 249 263 290 320 331 345
3:0 14 15 22 33 34 38 45 46 63 70 73 74 75 76 77 79 80 89 92 102 104 111 113 130 148 156 164 173 174 182 188 189 202 203 204 207 210 213 214 216 218 219 230 235 237 241 249 263 290 320 331 338 345
4:0 5 7 10 14 15 25 34 38 44 45 52 53 68 69 70 82 83 91 92 99 102 104 108 111 126 129 156 157 163 164 173 182 184 187 189 200 203 207 210 213 214 216 218 223 231 232 237 241 246 249 251 263 264 280 290 315 332 337 349
5:0 5 7 10 14 15 25 34 38 44 45 52 53 68 69 70 82 83 91 92 99 102 104 108 111 126 129 156 157 163 164 173 182 184 187 189 200 203 207 210 213 214 216 218 223 231 232 237 241 246 249 251 263 264 280 290 315 332 337 349
6:0 5 7 10 14 15 17 19 25 34 38 44 45 46 52 53 63 68 69 70 82 83 89 91 92 99 102 104 108 111 126 129 156 157 163 164 173 182 184 187 189 200 203 207 210 211 213 214 216 218 223 231 232 237 241 246 249 251 257 263 264 280 290 307 315 332 337 349
7:0 5 8 25 33 34 38 39 44 54 55 56 57 58 59 68 69 70 91 92 102 104 110 111 114 127 130 145 156 164 173 175 182 189 193 196 203 205 207 213 214 216 218 223 229 231 237 240 243 249 258 263 264 280 281 287 290 291 300 352
8:0 5 8 25 33 34 38 39 44 54 55 56 57 58 59 68 69 70 91 92 102 104 110 111 114 127 130 145 156 164 173 175 182 189 193 196 203 205 207 213 214 216 218 223 229 231 237 240 243 249 258 263 264 280 281 287 290 291 300 352
9:0 5 8 25 33 34 38 39 44 46 54 55 56 57 58 59 63 68 69 70 89 91 92 102 104 110 111 114 127 130 145 156 164 173 175 182 189 193 196 203 205 207 213 214 216 218 223 229 231 237 240 243 249 258 263 264 280 281 287 290 291 300 308 352
10:0 33 81
11:0 33 81 106
12:0 16 18 33 38 48 60 63 76 77 78 79 81 92 93 94 102 104 106 129 138 148 156 164 168 171 173 182 202 203 207 213 214 216 218 219 234 237 240 241 247 263 285 290 318 332
13:0 40 81
14:0 40 81 106
15:0 14 15 31 38 40 41 42 63 76 81 92 97 99 102 104 106 116 129 156 164 168 173 182 188 202 203 207 210 213 214 216 218 226 228 237 241 249 263 280 283 290 332
16:0 16 17 18 19 28 33 38 92 97 98 102 104 119 129 143 156 164 168 173 182 185 189 193 203 207 211 213 214 216 218 228 237 240 241 263 290 297 314 332
17:0 16 17 18 19 28 33 38 92 97 98 102 104 119 129 143 156 164 168 173 182 185 189 193 203 207 211 213 214 216 218 228 237 240 241 263 287 290 297 314 332
18:0 16 17 18 19 28 33 38 63 92 97 98 102 104 119 129 143 156 164 168 173 182 185 189 193 203 207 211 213 214 216 218 228 237 240 241 263 287 290 297 314 332
19:0 15 33 34 38 39 44 58 59 68 85 86 87 91 92 98 102 103 104 111 116 129 154 156 158 162 164 168 172 173 179 182 189 196 203 207 213 214 216 218 228 231 237 240 241 247 249 253 263 269 283 290 351
20:0 15 33 34 38 39 44 46 58 59 63 68 70 85 86 87 91 92 98 102 103 104 111 116 129 154 156 158 162 164 168 172 173 179 182 184 189 196 203 207 213 214 216 218 228 231 237 240 241 247 249 253 263 269 283 287 290 351
21:0 19 31 38 43 45 64 65 92 97 98 102 104 119 129 143 156 161 164 168 173 182 184 185 189 203 206 207 211 213 214 216 218 226 228 237 240 241 263 290 310 332
22:0 19 31 38 43 45 63 64 65 92 97 98 102 104 119 129 143 156 161 164 168 173 182 184 185 189 203 206 207 211 213 214 216 218 226 228 237 240 241 263 290 310 332
23:0 21 34 35 38 40 43 44 51 70 89 91 92 102 103 104 114 137 156 157 164 168 173 180 182 188 202 203 207 213 214 216 218 228 231 237 240 241 251 254 255 256 259 263 289 290 305
24:0 21 34 35 38 40 43 44 51 63 70 89 91 92 102 103 104 114 137 156 157 164 168 173 180 182 188 202 203 207 213 214 216 218 228 231 237 240 241 251 254 255 256 259 263 287 289 290 305
25:0 3 5 9 19 21 25 34 38 39 45 57 68 69 70 84 85 86 87 91 92 97 98 102 104 111 113 117 129 148 156 164 173 179 182 186 189 203 204 205 207 213 214 216 217 218 223 227 231 237 240 249 263 264 266 268 273 280 290 298 344 351
26:0 3 5 9 19 21 25 34 38 39 45 57 63 68 69 70 84 85 86 87 91 92 97 98 102 104 111 113 117 129 148 156 164 168 173 179 182 186 189 203 204 205 207 213 214 216 217 218 223 227 231 237 240 249 263 264 266 268 273 280 290 298 344 351
27:0 10 14 15 28 34 38 40 68 69 70 89 91 92 102 104 111 129 154 156 157 163 164 168 173 175 182 189 201 203 205 207 210 213 214 216 218 219 223 229 231 232 237 241 249 263 264 280 290 306 317 328 332
28:0 10 14 15 28 34 38 40 63 68 69 70 89 91 92 102 104 111 129 154 156 157 163 164 168 173 175 182 189 201 203 205 207 210 213 214 216 218 219 223 229 231 232 237 241 249 263 264 280 290 306 317 328 332
29:0 10 15 24 34 36 38 39 40 44 45 48 50 58 59 68 70 85 87 91 92 102 104 111 116 154 156 164 168 173 182 188 189 203 204 207 213 214 216 218 231 237 240 241 242 249 251 260 263 270 290 332 351 352
30:0 10 15 24 34 36 38 39 40 44 45 48 50 58 59 68 70 85 87 91 92 102 104 111 116 154 156 164 168 173 182 188 189 203 204 207 213 214 216 218 231 237 240 241 242 249 251 260 263 270 290 332 351 352
31:0 5 7 8 9 10 15 24 25 34 36 38 39 40 44 45 46 48 50 53 57 58 59 63 68 69 70 85 87 89 91 92 102 104 111 116 126 154 156 157 164 168 173 182 188 189 196 201 203 204 207 210 213 214 216 218 223 231 237 240 241 242 247 249 251 259 260 263 264 269 270 276 280 290 317 332 351 352
32:0 15 24 30 31 32 34 36 38 40 43 48 50 58 59 64 68 70 85 87 91 92 93 102 104 111 116 133 156 164 168 173 182 188 189 203 207 213 214 216 218 231 237 240 241 249 251 260 263 270 290 351 352
33:0 15 24 30 31 32 34 36 38 40 43 48 50 58 59 64 68 70 85 87 91 92 93 102 104 111 116 133 156 164 168 173 182 188 189 203 207 213 214 216 218 231 237 240 241 249 251 260 263 270 290 351 352
34:0 5 7 8 9 15 24 25 30 31 32 34 36 37 38 40 43 46 48 50 53 57 58 59 63 64 68 69 70 85 87 89 91 92 93 102 104 111 116 126 133 156 157 164 168 173 182 188 189 196 201 203 207 210 213 214 216 218 223 224 231 237 240 241 247 249 251 259 260 263 264 269 270 280 290 317 351 352
35:0 1 3 5 7 8 9 25 34 38 45 47 53 58 59 68 69 70 76 85 86 87 91 92 94 102 104 107 111 113 115 118 126 133 135 138 148 150 156 164 171 173 182 186 187 189 196 203 204 205 207 213 214 216 217 218 219 223 227 231 236 237 240 241 244 247 263 264 266 273 280 289 290 309 322 345 347 351 352
36:0 1 3 5 7 8 9 25 34 38 45 47 53 58 59 63 68 69 70 76 85 86 87 91 92 94 102 104 107 111 113 115 118 126 133 135 138 148 150 156 164 171 173 182 186 187 189 196 203 204 205 207 213 214 216 217 218 219 223 227 231 236 237 240 241 244 247 263 264 266 273 280 289 290 309 322 345 347 351 352
37:0 34 38 39 46 50 52 53 83 91 92 95 98 102 104 109 126 129 156 164 173 175 180 182 185 203 204 207 213 214 216 218 219 231 237 241 244 257 261 263 286 288 290 315 336
38:0 34 38 39 46 50 52 53 63 83 91 92 95 98 102 104 109 126 129 156 164 173 175 180 182 185 203 204 207 213 214 216 218 219 231 237 241 244 257 261 263 286 288 290 315 336
39:0 1 3 5 7 8 9 25 34 38 47 50 53 58 59 68 69 70 76 85 86 87 91 92 94 102 104 111 113 115 126 138 148 156 164 171 173 182 185 186 189 195 196 203 204 205 207 213 214 216 217 218 219 223 237 240 241 244 247 263 264 273 280 289 290 304 313 321 351 352
40:0 1 3 5 7 8 9 25 34 38 47 50 53 58 59 63 68 69 70 76 85 86 87 91 92 94 102 104 111 113 115 126 138 148 156 164 171 173 182 185 186 189 195 196 203 204 205 207 213 214 216 217 218 219 223 237 240 241 244 247 263 264 273 280 289 290 304 313 321 351 352
41:0 16 17 18 38 44 48 92 98 102 104 109 114 129 141 156 164 168 173 174 182 185 188 202 203 207 211 212 213 214 216 218 228 237 240 241 247 259 263 269 289 290 305 310 314 332
42:0 16 17 18 38 44 48 63 92 98 102 103 104 109 114 129 141 156 164 168 173 174 182 185 188 202 203 207 211 212 213 214 216 218 228 237 240 241 247 259 263 269 289 290 305 310 314 332
43:0 14 15 38 51 71 73 75 76 77 78 79 80 92 102 104 148 156 164 173 175 182 188 202 203 204 207 213 214 216 218 230 235 236 237 241 263 275 290 331
44:0 14 15 38 51 71 73 75 76 77 78 79 80 92 102 104 148 156 164 173 175 182 188 202 203 204 207 213 214 216 218 230 235 236 237 241 263 275 290 331
45:0 14 15 34 38 51 63 71 72 73 75 76 77 78 79 80 92 102 104 148 156 164 173 175 182 188 202 203 204 207 213 214 216 218 230 235 236 237 241 263 275 290 312 331
46:0 10 14 15 34 38 60 68 74 76 77 78 91 92 102 103 104 113 141 147 148 156 163 164 168 173 175 182 188 202 203 206 207 210 213 214 216 218 228 230 237 241 249 263 287 290 312 331 332
47:0 10 14 15 34 38 60 63 68 74 76 77 78 91 92 102 103 104 113 141 147 148 156 163 164 168 173 175 182 188 202 203 206 207 210 213 214 216 218 228 230 237 241 249 263 287 290 312 331 332
48:0 33 38 48 50 60 76 77 78 79 92 93 94 102 103 104 129 141 148 156 164 168 173 182 188 193 202 203 207 213 214 216 218 226 237 241 263 285 290 324
49:0 16 33 38 48 50 60 63 76 77 78 79 92 93 94 102 103 104 129 141 148 156 164 168 173 182 188 193 202 203 207 213 214 216 218 226 237 241 263 285 287 290 318 324 332
50:0 10 15 28 34 38 45 89 90 91 92 102 103 104 154 156 157 163 164 168 173 182 185 188 189 203 207 213 214 216 218 222 228 237 241 246 249 251 253 263 290 317 332
51:0 10 15 28 34 38 45 63 89 90 91 92 102 103 104 154 156 157 161 163 164 168 173 182 185 188 189 203 204 207 213 214 216 218 222 228 237 241 246 249 251 253 263 290 317 328 332
52:0 6 10 15 34 38 44 45 47 80 85 87 91 92 95 102 103 104 111 129 133 138 148 154 156 163 164 168 171 173 180 182 185 189 196 203 204 207 213 214 216 218 231 237 240 241 244 247 252 259 263 269 274 289 290 332 351 352
53:0 6 10 15 34 38 44 45 46 47 63 80 85 87 91 92 95 102 103 104 111 129 133 138 148 154 156 163 164 168 171 173 180 182 185 189 196 203 204 207 213 214 216 218 231 237 240 241 244 247 252 259 263 269 274 289 290 332 351 352
54:0 5 8 10 25 34 38 39 50 56 57 58 59 60 68 69 70 91 92 93 94 95 102 103 104 113 127 129 148 154 156 164 173 182 189 193 196 203 207 213 214 216 218 223 231 237 238 240 244 248 249 258 263 264 280 287 290 291 300 332 346 347 352
55:0 5 8 10 25 34 38 39 50 56 57 58 59 60 63 68 69 70 91 92 93 94 95 102 103 104 113 127 129 148 154 156 164 173 182 189 193 196 203 204 207 210 213 214 216 218 223 231 237 238 240 244 248 249 258 263 264 280 287 290 291 300 332 346 347 352
56:0 2 5 7 8 9 10 25 34 37 38 43 67 68 69 70 85 87 89 91 92 96 102 103 104 111 116 118 129 154 156 157 164 168 173 179 182 189 193 203 207 213 214 216 218 223 231 237 238 240 241 244 249 251 263 264 265 269 279 280 290 315 317 332 339
57:0 2 5 7 8 9 10 25 34 37 38 43 63 67 68 69 70 85 87 89 91 92 96 99 102 103 104 111 116 118 129 154 156 157 164 168 173 179 182 189 193 203 207 213 214 216 218 223 231 237 238 240 241 244 249 251 263 264 265 269 270 279 280 290 315 317 332 339
58:0 34 36 37 38 43 44 46 52 53 70 83 91 92 97 102 104 126 129 156 164 168 172 173 182 203 204 207 213 214 216 218 219 231 237 241 242 249 257 263 270 290 315 316 332 336
59:0 34 36 37 38 43 44 46 52 53 63 70 83 91 92 97 102 104 126 129 156 164 168 172 173 182 203 204 207 213 214 216 218 219 231 237 241 242 245 249 257 263 270 290 315 316 332 336
60:0 3 34 38 54 55 56 57 58 59 61 91 92 94 95 102 104 111 114 127 145 150 156 164 168 170 173 182 186 187 196 203 207 213 214 216 218 237 240 258 263 290 291 301 346 352
61:0 3 5 8 25 34 38 54 55 56 57 58 59 61 68 69 70 89 91 92 94 95 102 104 111 114 118 127 145 150 156 164 168 170 173 182 187 189 196 203 207 213 214 216 218 230 237 240 249 258 263 264 280 290 291 301 346 352
62:0 3 5 8 25 34 38 54 55 56 57 58 59 61 63 66 68 69 70 89 91 92 94 95 102 104 111 114 118 127 145 150 156 164 168 170 173 182 187 189 196 203 207 213 214 216 218 223 230 237 240 249 258 263 264 270 280 290 291 301 317 339 346 352
63:0 5 7 8 9 25 34 38 68 69 86 92 94 100 102 104 112 113 115 118 138 148 156 164 168 171 173 182 203 207 213 214 216 218 219 223 227 231 237 240 241 244 247 259 263 264 269 282 285 289 290 347 351
64:0 5 7 8 9 25 34 38 50 60 68 69 86 92 93 94 100 102 104 105 112 113 115 118 134 138 148 156 164 168 171 173 182 203 207 213 214 216 218 219 223 227 231 237 240 241 244 247 248 259 263 264 269 271 272 282 285 289 290 347 351
65:0 5 7 8 9 25 34 38 50 60 63 68 69 86 92 93 94 100 102 104 105 112 113 115 118 134 138 148 156 164 168 171 173 182 203 207 213 214 216 218 219 223 227 231 237 240 241 244 247 248 259 263 264 269 271 272 282 285 289 290 347 351
66:0 2 5 7 8 9 25 27 34 38 43 53 66 67 68 69 70 89 91 92 96 102 104 113 116 118 126 156 157 164 168 173 182 184 189 193 203 207 213 214 216 218 223 227 233 237 238 240 241 249 263 264 265 279 280 290 317 339
67:0 2 5 7 8 9 25 27 34 38 43 53 66 67 68 69 70 89 91 92 96 102 104 113 116 118 126 156 157 164 168 173 182 184 189 193 203 207 213 214 216 218 223 227 233 237 238 240 241 249 263 264 265 279 280 290 317 339
68:0 2 5 7 8 9 25 27 34 38 43 53 63 66 67 68 69 70 89 91 92 96 102 104 113 116 118 126 156 157 164 168 173 182 184 189 193 203 207 213 214 216 218 223 227 233 237 238 240 241 249 263 264 265 279 280 290 317 339
69:0 14 15 21 22 35 38 51 74 75 76 77 78 79 92 102 104 115 141 148 156 164 168 173 182 188 202 203 207 213 214 216 218 227 230 235 237 241 263 275 290 298 331 345
70:0 14 15 21 22 35 38 51 74 75 76 77 78 79 92 102 104 115 141 148 156 164 168 173 182 188 202 203 207 213 214 216 218 227 230 234 235 237 241 263 275 290 298 331 345
71:0 14 15 21 22 34 35 38 51 63 74 75 76 77 78 79 92 102 104 115 141 148 156 164 168 173 182 188 202 203 207 213 214 216 218 227 230 234 235 237 241 254 255 256 263 275 290 298 331 345
72:0 14 15 35 38 40 48 51 56 57 58 59 61 62 92 102 103 104 109 112 114 127 132 156 164 168 173 182 188 196 202 203 207 213 214 216 218 219 229 237 240 243 258 263 290 291 352
73:0 14 15 35 38 40 48 51 56 57 58 59 61 62 63 92 102 103 104 109 112 114 127 132 156 164 168 173 182 188 196 202 203 207 213 214 216 218 219 229 237 240 243 258 263 290 291 352
74:0 5 7 33 34 38 53 68 69 70 88 89 91 92 102 104 111 118 120 126 153 156 157 164 173 182 189 201 203 205 207 213 214 216 218 222 223 237 241 249 263 264 280 290 300 317 335 350
75:0 5 7 33 34 38 53 68 69 70 88 89 91 92 102 104 111 118 120 126 153 156 157 164 173 182 189 201 203 205 207 213 214 216 218 222 223 237 241 249 263 264 280 290 300 317 335 350
76:0 5 7 25 33 34 38 46 53 63 68 69 70 88 89 91 92 102 104 111 118 120 126 153 156 157 164 173 182 189 201 203 205 207 210 213 214 216 218 222 223 237 241 249 263 264 280 290 300 317 335 350
77:0 23 24 33 34 36 37 38 39 45 52 53 70 76 83 92 95 97 98 102 104 126 129 156 164 172 173 182 203 204 207 213 214 216 218 231 237 241 263 290 315 340
78:0 23 24 31 33 34 36 37 38 39 45 52 53 63 70 76 83 92 95 97 98 102 104 126 129 156 164 172 173 182 203 204 207 213 214 216 218 226 231 237 241 263 290 315 340
79:0 23 29 33 34 38 45 50 53 55 57 58 59 70 86 89 91 92 93 94 102 104 126 129 133 138 148 156 164 171 173 174 182 187 189 196 203 207 213 214 216 218 219 231 237 240 241 244 247 248 258 263 281 285 290 291 300 347 352
80:0 5 8 23 25 29 33 34 38 45 50 53 55 57 58 59 63 68 69 70 86 89 91 92 93 94 102 104 110 126 129 133 138 148 156 164 171 173 174 182 187 189 196 203 207 210 213 214 216 218 219 223 231 237 240 241 244 247 248 249 258 263 264 280 281 285 290 291 300 347 352
81:0 33 38 48 49 84 85 86 87 92 102 103 104 115 129 148 156 164 173 182 192 199 203 205 207 209 214 216 218 237 240 241 263 290 319 351
82:0 33 38 48 49 63 84 85 86 87 92 102 103 104 115 129 148 156 161 164 173 182 192 199 203 205 207 209 214 216 218 237 240 241 263 287 290 319 351
83:0 14 15 16 19 28 31 34 38 43 64 92 97 98 102 104 119 129 156 163 164 168 173 174 175 182 189 193 203 206 207 210 211 213 214 216 218 226 231 237 241 244 263 273 281 282 290 297 332
84:0 19 31 34 38 45 48 64 65 92 97 98 99 102 104 114 129 143 156 161 164 168 173 175 182 185 189 203 207 211 213 214 216 218 228 237 241 253 263 283 290 332
85:0 19 31 34 38 45 48 63 64 65 92 97 98 99 102 104 114 129 143 156 161 164 168 173 175 182 185 189 203 207 211 213 214 216 218 226 228 237 241 253 259 263 269 283 290 332
86:0 21 29 32 34 36 38 45 50 57 58 59 62 92 102 104 122 127 156 164 168 173 182 195 196 203 207 213 214 216 218 219 227 237 240 252 258 263 270 290 291 333 352
87:0 21 29 32 34 36 38 45 50 57 58 59 62 63 92 102 104 122 127 156 164 168 173 182 195 196 203 207 213 214 216 218 219 227 237 240 252 258 263 270 290 291 324 329 333 352
88:0 1 7 8 9 34 50 53 85 87 91 92 102 103 104 106 107 114 120 122 124 126 139 151 153 156 164 168 173 174 182 188 189 202 203 207 212 213 214 216 218 223 237 240 241 259 262 263 269 270 286 290 317 325 351
89:0 1 7 8 9 34 50 53 63 70 85 87 91 92 102 103 104 106 107 114 120 122 124 126 139 151 153 156 164 168 173 174 182 188 189 202 203 207 212 213 214 216 218 223 237 240 241 249 259 262 263 264 269 270 280 286 290 317 325 351
90:0 33 36 38 43 48 57 58 59 61 62 92 102 103 104 110 112 120 128 129 153 156 164 173 182 196 203 207 213 214 216 218 229 237 240 258 263 287 290 291 333 352
91:0 33 36 38 43 48 57 58 59 61 62 63 92 102 103 104 110 112 120 128 129 131 153 156 164 173 182 191 196 203 207 213 214 216 218 229 237 240 258 259 263 287 290 291 333 352
92:0 85 92 94 95 101 102 104 109 114 120 122 138 149 153 156 164 168 171 173 174 180 182 188 194 195 202 203 207 212 213 214 216 218 237 240 241 244 247 259 261 263 269 285 288 289 290 310
93:0 85 92 94 95 101 102 104 109 114 120 122 138 149 153 156 164 168 171 173 174 180 182 188 194 195 202 203 207 212 213 214 216 218 237 240 241 244 247 259 261 263 269 285 288 289 290 310 325
94:0 5 7 8 9 25 34 38 63 68 69 70 85 87 92 94 95 101 102 104 109 114 118 120 122 138 149 153 156 164 168 171 173 174 180 182 188 194 195 202 203 207 212 213 214 216 218 223 237 240 241 244 247 249 259 261 263 264 269 280 285 288 289 290 310 325
95:0 20 21 33 34 38 46 70 88 89 91 92 99 102 103 104 106 120 153 156 157 164 173 175 182 189 201 203 207 213 214 216 218 225 231 237 241 244 249 259 263 269 290 317 328 335
96:0 1 5 7 8 9 25 29 34 38 50 68 69 86 92 93 94 95 96 102 104 112 113 115 118 138 139 148 156 164 168 171 173 182 187 203 207 213 214 216 218 219 223 237 240 241 244 247 248 259 263 264 269 272 273 274 280 285 289 290 347
97:0 1 5 7 8 9 25 29 34 38 50 63 68 69 86 92 93 94 95 96 102 104 112 113 115 118 138 139 148 156 164 168 171 173 182 187 203 207 213 214 216 218 219 223 226 237 240 241 244 247 248 259 263 264 269 272 273 274 280 285 289 290 347
98:0 11 12 14 15 21 23 34 38 43 57 58 59 70 91 92 102 104 106 114 133 145 152 156 164 168 173 175 182 189 196 203 207 210 213 214 216 218 237 240 249 258 263 282 290 291 317 341 352
99:0 11 12 14 15 21 23 34 38 43 57 58 59 63 70 91 92 102 104 106 114 133 145 152 156 164 168 173 175 182 189 196 203 207 210 213 214 216 218 232 237 240 249 258 263 282 290 291 317 341 352
100:0 33 49 85 86 87 92 102 103 104 113 120 129 148 153 156 164 168 173 182 203 205 207 209 214 216 218 237 240 243 259 263 268 269 287 290 351
101:0 33 49 63 85 86 87 92 102 103 104 113 120 129 148 153 156 164 168 173 182 203 205 207 209 214 216 218 237 240 243 259 263 268 269 287 290 351
102:0 38 70 73 76 77 78 79 92 93 94 95 102 104 113 115 120 138 140 148 153 156 164 168 171 173 174 182 188 202 203 205 207 213 214 216 218 230 235 236 237 241 244 246 253 263 273 275 285 290 331
103:0 23 38 63 70 73 76 77 78 79 92 93 94 95 102 104 113 115 120 121 138 140 148 153 156 164 168 171 173 174 182 188 202 203 205 207 213 214 216 218 230 235 236 237 241 244 246 253 263 273 275 285 287 290 331
104:0 5 7 9 14 25 29 34 37 38 39 43 45 53 58 59 68 69 70 89 91 92 99 102 103 104 116 125 126 130 155 156 157 164 168 173 182 187 189 195 196 198 201 203 206 207 213 214 216 218 223 231 237 241 246 249 263 264 280 290 317 332
105:0 5 7 9 14 25 29 34 37 38 39 43 45 47 53 58 59 63 68 69 70 89 91 92 99 102 103 104 116 125 126 130 155 156 157 164 168 173 182 187 189 195 196 198 201 203 206 207 213 214 216 218 223 231 237 241 246 249 263 264 280 290 317 332
106:0 5 24 25 26 27 33 34 38 68 69 70 89 92 96 102 104 116 118 129 136 156 157 164 168 170 173 179 182 183 189 193 203 207 213 214 216 218 223 229 237 240 241 249 263 264 270 279 280 287 290 317 339
107:0 4 5 7 8 9 25 33 34 38 68 69 70 89 92 97 102 104 118 129 136 156 157 164 168 170 173 182 183 189 197 203 207 213 214 216 218 223 228 229 237 240 241 249 263 264 270 279 280 290 317 327 339
108:0 5 7 8 9 14 15 21 23 25 34 35 38 48 50 53 57 58 59 63 68 69 70 76 85 87 89 91 92 102 103 104 111 122 126 138 156 157 164 168 171 173 174 182 187 189 196 201 203 205 207 213 214 215 216 218 222 223 231 237 240 241 244 247 249 263 264 265 270 273 280 282 287 290 317 351 352
109:0 33 53 60 85 87 92 102 103 104 108 114 120 123 124 126 139 148 149 153 156 164 168 173 182 188 194 203 205 207 213 214 216 218 220 237 240 241 247 259 261 262 263 269 290 351
110:0 33 53 60 63 85 87 92 102 103 104 108 114 120 123 124 126 139 148 149 153 156 164 168 173 182 188 194 203 205 207 213 214 216 218 220 237 240 241 247 259 261 262 263 269 290 351
111:0 14 23 30 31 32 34 36 38 39 46 53 58 59 68 70 85 87 89 91 92 102 104 126 156 157 164 168 173 174 179 182 184 189 196 201 203 205 207 213 214 216 218 222 224 231 237 240 241 242 249 263 290 306 317 350 351
112:0 5 7 9 14 15 23 25 30 31 32 34 36 38 39 46 53 57 58 59 63 68 69 70 85 87 89 91 92 102 104 126 156 157 164 168 173 174 179 182 184 189 196 201 203 205 207 210 213 214 216 218 222 223 224 231 237 240 241 242 249 263 264 270 280 290 306 317 350 351
113:0 1 3 5 25 34 38 39 45 47 53 58 59 63 68 69 70 76 85 86 87 89 92 94 102 104 107 111 113 118 121 126 135 138 148 156 164 173 182 186 189 196 201 203 205 207 213 214 215 216 217 218 219 223 230 231 237 240 241 244 247 249 258 263 264 273 280 285 287 289 290 312 317 347 351 352
114:0 14 15 20 21 22 34 38 63 71 72 73 74 76 77 78 79 92 93 102 104 115 132 133 148 156 164 168 173 175 182 188 202 203 207 213 214 216 218 234 237 241 244 249 263 267 275 290 321 331
115:0 4 5 7 8 9 15 23 25 34 38 39 43 44 46 47 50 53 57 58 59 63 68 69 70 76 85 87 89 91 92 99 102 104 116 126 146 156 157 164 168 173 179 182 189 193 196 201 203 207 210 213 214 216 218 219 223 231 237 240 241 247 249 252 258 263 264 273 280 281 290 306 317 332 351 352
116:0 38 43 50 55 56 57 58 59 62 82 92 97 102 104 108 127 129 145 150 156 164 173 175 182 190 196 203 207 213 214 216 218 225 237 239 240 258 263 290 291 349 352
117:0 38 43 50 55 56 57 58 59 62 63 82 92 97 102 104 108 127 129 145 150 156 164 173 175 182 190 196 203 207 213 214 216 218 225 237 239 240 258 263 290 291 349 352
118:0 30 31 32 38 39 48 56 57 58 59 60 64 92 97 102 104 114 127 129 156 164 173 175 182 196 203 207 213 214 216 218 224 237 240 258 263 290 291 300 346 352
119:0 30 31 32 38 39 48 56 57 58 59 60 63 64 92 97 102 104 114 127 129 156 164 173 175 182 196 203 207 213 214 216 218 224 237 240 258 263 290 291 300 346 352
120:0 33 38 55 56 57 58 59 61 85 86 87 92 94 102 104 105 106 107 113 115 127 129 148 156 164 173 182 196 203 207 214 216 218 229 237 240 244 258 263 290 291 293 322 352
121:0 33 38 55 56 57 58 59 61 63 85 86 87 92 94 102 104 105 106 107 109 113 115 127 129 138 148 156 164 171 173 182 196 203 207 214 216 218 229 237 240 244 258 263 285 287 290 291 293 322 352
122:0 3 5 7 8 9 25 34 38 60 63 68 69 76 85 86 87 92 93 94 95 96 102 104 112 113 115 118 138 148 156 164 168 171 173 182 189 203 207 213 214 216 218 219 226 227 237 240 241 244 247 248 252 259 263 264 266 269 271 272 278 280 285 289 290 345 347 351
123:0 13 14 15 17 38 43 63 68 92 97 98 102 104 113 116 129 156 163 164 168 173 179 182 203 206 207 210 211 213 214 216 218 219 226 228 234 237 240 241 249 263 290 318 332
124:0 1 3 5 8 25 34 38 47 58 59 63 68 69 92 93 94 96 102 104 113 115 118 122 138 142 148 156 164 168 171 173 181 182 186 189 195 196 203 207 212 213 214 216 218 223 237 240 244 247 252 258 259 263 264 269 273 280 285 290 313 347 352
125:0 2 5 7 8 9 25 27 34 38 43 63 68 69 70 85 86 87 92 94 96 98 102 103 104 112 113 129 148 156 164 168 173 182 189 203 207 213 214 216 218 223 231 237 238 240 249 263 264 266 280 290 351
126:0 2 5 7 9 25 34 38 43 52 53 63 68 69 70 92 94 102 103 104 108 109 112 123 126 156 164 168 173 182 189 203 207 213 214 216 218 223 231 237 238 241 249 263 264 266 280 290
127:0 11 12 14 15 20 31 34 38 63 66 69 70 89 91 92 102 104 106 116 156 157 164 168 173 175 182 185 203 206 207 210 213 214 216 218 237 240 241 249 263 264 270 279 280 290 317 339
128:0 30 33 34 36 37 38 39 53 57 58 59 63 70 76 85 87 89 92 99 102 104 126 156 164 173 182 184 196 201 203 207 213 214 216 218 228 231 237 240 241 249 263 287 290 317 351 352
129:0 33 150 175
130:0 33 34 37 38 43 44 46 53 56 57 58 59 63 70 82 85 86 87 89 92 102 104 126 127 150 156 164 173 175 182 196 201 203 207 213 214 216 218 237 239 240 249 258 259 263 269 290 291 349 352
131:0 32 34 38 45 46 47 54 55 56 57 58 59 63 70 85 87 92 94 102 104 109 127 138 156 164 171 173 174 182 193 195 196 203 207 213 214 215 216 218 219 231 237 240 249 258 263 287 290 291 321 329 349 351 352
132:0 144
133:0 28 33 34 36 38 39 44 45 91 92 98 102 104 129 156 164 173 174 175 182 189 203 204 207 213 214 216 218 226 231 237 240 241 247 263 270 273 290 321
134:0 28 33 34 36 38 39 44 45 46 55 56 57 58 59 62 63 91 92 98 102 104 114 127 129 151 156 164 173 174 175 182 189 196 203 204 207 213 214 216 218 226 231 237 240 241 247 258 263 270 273 290 291 321 352
135:0 24 28 33 34 36 38 39 42 44 45 46 63 84 85 86 87 91 92 97 98 102 104 129 148 156 164 173 174 175 182 189 203 204 207 213 214 216 218 226 231 237 240 241 247 263 270 273 290 321 351
136:0 28 33 34 36 38 39 43 44 45 46 52 53 63 83 91 92 98 102 104 123 126 129 156 164 173 174 175 182 189 203 204 207 213 214 216 218 226 231 237 240 241 247 263 270 273 290 315 321
137:0 33 38 58 59 60 63 76 85 86 87 92 94 97 102 104 105 129 138 148 156 159 160 161 164 168 171 173 176 182 192 196 199 203 207 214 216 218 231 237 240 241 244 247 263 278 290 332 351
138:0 21 34 38 43 44 48 55 56 57 58 59 61 62 92 102 104 110 114 127 132 156 157 164 168 173 182 191 196 201 203 205 207 213 214 216 218 237 240 246 249 258 263 290 291 317 321 341 352
139:0 21 34 38 43 44 48 55 56 57 58 59 61 62 63 69 92 102 104 110 114 127 131 132 156 157 164 168 173 182 191 196 201 203 205 207 213 214 216 218 237 240 246 249 258 263 290 291 317 321 341 352
140:0 10 28 34 38 43 57 58 59 61 62 71 72 91 92 102 104 106 109 127 156 157 164 168 173 175 182 196 201 202 203 205 207 213 214 216 218 229 237 240 246 249 258 263 282 290 317 319 332 341 352
141:0 10 14 15 25 28 34 38 43 57 58 59 61 62 63 69 71 72 91 92 102 104 106 109 127 156 157 163 164 168 173 175 182 196 201 202 203 205 207 210 213 214 216 218 229 237 240 246 249 258 263 280 282 290 291 317 319 332 341 352
142:0 17 18 19 36 38 44 46 48 53 63 70 89 92 97 102 104 126 129 143 156 157 164 168 173 174 182 184 193 201 203 207 211 213 214 216 218 225 228 231 237 240 241 246 249 259 263 269 290 317 332 337
143:0 5 7 8 9 25 29 33 34 38 53 57 58 59 63 68 69 70 76 85 87 89 90 92 94 102 104 111 118 120 122 126 133 156 157 164 173 174 182 187 189 196 201 203 204 205 207 213 214 216 218 223 237 240 241 244 247 263 264 280 281 287 290 317 335 343 351 352
144:0 16 19 38 46 54 58 59 63 92 97 102 104 114 115 129 143 156 164 170 173 181 182 189 196 201 203 207 211 214 215 216 218 237 240 241 249 258 263 290 326 329 332 352
145:0 19 38 46 63 64 65 84 85 86 87 92 97 102 104 113 129 143 148 156 164 173 182 189 197 201 203 207 211 214 216 218 226 237 240 241 249 263 268 290 319 326 332 351
146:0 17 19 38 46 52 53 63 83 92 97 102 104 126 129 143 156 164 173 182 189 201 203 207 211 214 216 218 219 234 237 240 241 249 257 261 263 290 315 326 332
147:0 21 34 35 38 43 48 53 54 57 58 59 63 82 85 86 87 92 97 102 104 113 114 126 127 129 156 164 173 182 196 200 203 207 213 214 216 218 219 225 231 237 239 240 241 258 263 290 349 351 352
148:0 21 34 35 38 43 48 53 54 57 58 59 63 82 85 86 87 92 97 102 104 113 114 126 127 129 156 164 173 182 196 200 203 207 213 214 216 218 219 225 231 237 239 240 241 258 263 290 349 351 352
149:0 7 8 9 15 17 19 21 34 35 38 43 46 48 53 54 57 58 59 63 70 82 85 86 87 89 92 97 102 104 113 114 126 127 129 156 164 173 182 189 196 200 201 203 207 210 211 213 214 215 216 218 219 223 225 231 237 239 240 241 249 258 263 264 280 290 291 317 332 337 349 351 352
150:0 5 7 8 9 25 34 38 50 53 54 58 59 63 68 69 70 76 85 86 87 89 92 93 94 102 104 105 112 113 115 118 120 126 129 133 138 148 156 164 171 173 182 189 196 201 203 207 214 216 218 219 223 231 237 240 241 244 247 248 249 258 259 263 264 269 280 285 289 290 317 332 339 347 351 352
151:0 1 5 7 8 9 14 15 19 25 34 38 46 53 57 58 59 63 68 69 70 76 85 86 87 89 91 92 94 95 101 102 104 111 113 115 118 120 126 127 129 135 138 143 144 148 153 156 157 164 168 171 173 182 185 188 189 192 196 201 202 203 205 207 210 211 213 214 216 218 219 223 231 237 240 241 244 246 247 249 252 258 259 263 264 269 272 280 285 289 290 291 315 317 331 332 337 339 347 351 352
152:0 14 15 22 33 34 38 45 68 73 75 76 77 92 102 104 113 115 148 156 164 173 175 182 189 202 203 207 213 214 216 218 219 231 235 237 241 246 263 267 275 290 320 331 338
153:0 14 15 22 33 34 38 45 68 70 73 75 76 77 92 102 104 113 115 148 156 164 173 175 182 189 202 203 207 210 213 214 216 218 219 231 235 237 241 246 249 263 267 275 290 320 331 338
154:0 14 15 22 33 34 38 45 63 68 70 73 75 76 77 89 92 102 104 113 115 148 156 164 173 175 182 189 202 203 207 210 213 214 216 218 219 231 235 237 241 246 249 263 267 275 290 320 331 338
155:0 15 33 34 37 38 43 52 53 91 92 98 102 104 108 111 126 129 154 156 164 172 173 179 182 189 193 203 205 207 213 214 216 218 237 241 263 290 306 307 315 332 336 343
156:0 15 33 34 37 38 43 46 52 53 70 91 92 98 102 104 108 111 126 129 154 156 164 172 173 179 182 189 193 203 205 207 210 213 214 216 218 237 241 249 263 264 280 290 306 307 315 332 336 343
157:0 5 7 9 15 25 33 34 37 38 43 46 52 53 63 68 69 70 89 91 92 98 102 104 108 111 126 129 154 156 157 164 172 173 179 182 189 193 203 205 207 210 213 214 216 218 223 237 241 249 263 264 280 290 306 307 315 332 336 343
158:0 5 8 10 14 15 25 34 37 38 43 44 55 56 57 58 59 68 69 91 92 99 102 103 104 127 156 157 163 164 173 182 184 189 196 203 207 213 214 216 218 223 231 237 240 242 246 258 263 264 280 290 291 300 308 332 337 346 352
159:0 5 8 10 14 15 25 34 37 38 43 44 46 55 56 57 58 59 68 69 70 91 92 99 102 103 104 127 156 157 163 164 173 182 184 189 196 203 207 210 213 214 216 218 223 231 237 240 242 246 249 258 263 264 280 290 291 300 308 332 337 346 352
160:0 5 8 10 14 15 25 34 37 38 43 44 46 55 56 57 58 59 63 68 69 70 89 91 92 99 102 103 104 127 156 157 163 164 173 182 184 189 196 203 207 210 213 214 216 218 223 231 237 240 242 246 249 258 263 264 280 290 291 300 308 332 337 346 352
161:0 7 8 9 10 15 21 34 38 53 57 58 76 85 91 92 98 102 104 111 116 129 133 154 156 163 164 168 173 179 182 189 203 205 207 210 213 214 216 218 223 228 231 237 240 241 247 263 264 266 270 271 274 280 290 351 352
162:0 7 8 9 10 15 21 34 38 53 57 58 59 63 70 76 85 87 91 92 98 102 104 111 116 129 133 154 156 163 164 168 173 179 182 189 203 205 207 210 213 214 216 218 223 228 231 237 240 241 247 249 263 264 266 270 271 274 280 290 351 352
163:0 17 18 19 33 36 38 45 48 64 92 93 94 95 102 104 115 119 129 138 143 148 156 164 168 171 173 182 185 189 193 203 207 211 213 214 216 218 237 240 241 247 263 290 297 332
164:0 17 18 19 33 36 38 45 48 63 64 92 93 94 95 102 104 115 119 129 138 143 148 156 164 168 171 173 182 185 189 193 203 207 211 213 214 216 218 237 240 241 247 263 290 297 332
165:0 4 5 8 9 14 33 38 48 60 76 91 92 97 102 104 113 115 117 129 148 156 164 168 173 182 202 203 205 207 213 214 216 218 219 223 226 237 241 263 264 280 287 290 318 332
166:0 4 5 8 9 14 33 38 48 60 63 76 91 92 97 102 104 113 115 117 129 148 156 164 168 173 182 202 203 205 207 213 214 216 218 219 223 226 237 241 263 264 280 287 290 318 332
167:0 34 38 40 49 50 60 76 81 91 92 94 97 101 102 104 132 141 148 154 156 164 168 169 173 182 184 188 202 203 207 213 214 216 218 226 228 237 241 263 287 290 324
168:0 34 38 40 49 50 60 63 76 81 91 92 94 97 101 102 104 132 141 148 154 156 164 168 169 173 182 184 188 202 203 207 213 214 216 218 226 228 237 241 263 287 290 324
169:0 16 17 18 19 38 44 48 63 92 98 102 103 104 109 114 129 141 156 164 168 173 174 182 185 188 202 203 207 211 212 213 214 216 218 228 237 240 241 247 259 263 269 289 290 305 310 314 332
170:0 36 38 48 55 56 57 58 59 85 86 87 92 102 103 104 109 127 133 145 148 156 164 173 175 182 203 207 209 213 214 216 218 237 240 258 263 268 290 291 351 352
171:0 36 38 48 55 56 57 58 59 63 85 86 87 92 102 103 104 109 127 133 145 148 156 164 173 175 182 203 207 209 213 214 216 218 237 240 258 263 268 290 291 351 352
172:0 3 5 25 34 38 39 57 68 69 84 85 86 87 92 102 104 111 113 117 129 148 156 164 173 179 182 186 189 203 204 205 207 213 214 216 217 218 227 231 237 240 263 266 268 273 290 298 344 351
173:0 1 5 25 34 38 47 53 68 69 76 86 91 92 94 102 104 111 113 115 118 126 133 135 138 148 150 156 164 171 173 182 186 187 189 196 203 204 205 207 213 214 216 217 218 219 227 231 237 240 241 244 247 263 273 290 345 351 352
174:0 1 5 25 34 38 47 53 68 69 76 86 91 92 94 102 104 111 113 115 126 138 148 156 164 171 173 182 185 186 189 195 196 203 204 205 207 213 214 216 217 218 219 237 240 241 244 247 263 273 290 313 321 351 352
175:0 5 25 34 38 45 53 64 68 69 76 86 92 94 102 104 111 113 115 118 119 126 129 135 138 148 156 161 164 173 182 186 189 193 203 204 205 207 213 214 216 217 218 219 226 227 237 240 241 244 246 247 248 249 263 266 270 273 281 290 351 352
176:0 5 19 25 34 38 45 53 63 64 68 69 76 86 92 94 102 104 111 113 115 118 119 126 129 135 138 143 148 156 161 164 173 182 186 189 193 203 204 205 207 211 213 214 216 217 218 219 226 227 237 240 241 244 246 247 248 249 263 264 266 270 273 280 281 290 332 345 351 352
177:0 38 43 64 65 76 86 92 94 98 100 101 102 104 109 113 114 115 129 138 143 148 156 164 168 171 173 182 185 202 203 207 211 213 214 216 218 226 237 240 241 244 247 248 263 273 285 287 290 297 332 347
178:0 19 38 43 63 64 65 76 86 92 94 98 100 101 102 104 109 113 114 115 129 138 143 148 156 164 168 171 173 182 185 202 203 207 211 213 214 216 218 226 237 240 241 244 247 248 263 273 285 287 290 297 332 347
179:0 33 34 36 38 45 84 85 86 87 92 102 103 104 111 113 115 129 148 156 164 173 178 182 203 207 213 214 215 216 218 219 231 237 240 263 268 290 316 351
180:0 5 7 9 25 33 34 36 38 45 68 69 70 84 85 86 87 92 102 103 104 111 113 115 129 148 156 164 173 178 182 203 207 213 214 215 216 218 219 223 231 237 240 249 263 264 268 280 290 316 351
181:0 5 7 9 25 33 34 36 38 45 63 68 69 70 84 85 86 87 92 102 103 104 111 113 115 129 148 156 164 173 178 182 203 207 213 214 215 216 218 219 223 231 237 240 249 263 264 268 280 290 316 351
182:0 14 15 38 51 63 71 73 75 76 77 78 79 80 92 102 104 148 156 164 173 175 182 188 202 203 204 207 213 214 216 218 219 230 235 236 237 241 263 275 290 331 345
183:0 5 8 21 25 33 34 38 39 47 48 55 56 57 58 59 61 69 70 91 92 102 104 111 113 127 129 133 145 150 156 164 173 182 187 189 195 196 203 204 205 207 213 214 216 217 218 223 227 231 237 240 248 249 258 263 264 280 287 290 291 321 352
184:0 5 8 21 25 33 34 38 39 47 48 55 56 57 58 59 61 63 69 70 91 92 102 104 111 113 127 129 133 145 150 156 164 173 182 187 189 195 196 203 204 205 207 213 214 216 217 218 223 227 231 237 240 248 249 258 263 264 280 287 290 291 321 352
185:0 5 7 8 9 21 25 34 38 67 68 69 70 88 89 91 92 102 104 111 120 153 156 157 164 168 173 175 182 185 189 201 203 205 207 213 214 216 218 223 237 241 244 249 263 264 269 280 290 317 335 347
186:0 3 5 8 25 34 38 54 55 56 57 58 59 61 63 68 69 70 89 91 92 94 95 102 104 111 114 118 127 145 150 156 164 168 170 173 182 187 189 195 196 203 207 213 214 216 218 223 230 237 240 249 258 263 264 280 290 291 301 346 352
187:0 14 33 38 39 72 73 76 77 78 79 92 93 102 104 111 115 133 148 150 156 164 173 178 182 202 203 207 213 214 216 218 227 235 237 241 244 263 270 290 331 332
188:0 14 33 38 39 72 73 76 77 78 79 92 93 102 104 111 115 133 148 150 156 164 173 178 182 202 203 207 213 214 216 218 227 235 237 241 244 263 270 290 331 332
189:0 14 33 38 39 63 72 73 76 77 78 79 92 93 102 104 111 115 133 148 150 156 164 173 178 182 202 203 207 213 214 216 218 227 235 237 241 244 263 270 290 331 332
190:0 3 5 7 8 9 10 15 21 25 28 34 38 39 68 69 70 76 85 86 87 91 92 97 102 103 104 111 118 129 138 154 156 164 168 171 173 180 182 189 203 207 210 213 214 216 218 223 226 228 231 237 240 241 247 249 251 263 264 269 280 289 290 310 321 332 351 352
191:0 14 15 38 71 72 73 74 76 92 102 104 113 148 156 164 173 174 182 188 202 203 207 213 214 216 218 219 227 235 237 241 263 267 270 275 283 290 320 331
192:0 1 14 15 38 63 71 72 73 74 75 76 80 92 102 104 113 148 156 164 173 174 182 188 202 203 207 213 214 216 218 219 227 235 237 241 263 267 270 275 283 290 320 331
193:0 17 18 33 38 48 49 76 92 94 95 98 102 103 104 129 138 141 148 156 164 168 173 179 182 193 197 202 203 207 211 213 214 216 218 237 241 247 253 263 290 318 324 332
194:0 8 21 34 38 39 54 55 57 58 59 89 91 92 102 104 111 114 127 133 148 156 164 173 174 182 188 189 201 203 205 207 213 214 216 218 219 223 231 237 240 246 249 254 255 256 258 263 281 290 291 300 341 352
195:0 5 8 21 25 34 38 39 54 55 57 58 59 63 68 69 70 89 91 92 102 104 111 114 127 133 148 156 164 173 174 182 188 189 201 203 205 207 213 214 216 218 219 223 231 237 240 246 249 254 255 256 258 263 264 280 281 290 291 300 317 341 352
196:0 15 28 33 34 36 38 39 44 45 60 63 91 92 93 94 98 102 104 113 115 129 138 148 156 164 171 173 174 175 182 189 203 204 207 213 214 216 218 226 231 234 237 240 241 244 247 263 270 273 285 290 321 347
197:0 15 28 33 34 36 38 39 44 45 63 91 92 94 98 102 103 104 109 129 138 148 156 164 171 173 174 175 182 185 189 203 204 207 212 213 214 216 218 226 228 231 236 237 240 241 244 247 259 263 269 270 273 289 290 321
198:0 17 18 19 38 64 65 86 92 101 102 104 109 114 119 129 138 143 156 164 168 171 173 182 185 189 195 196 203 207 211 212 213 214 216 218 228 237 240 241 244 247 259 263 269 289 290 297 310 332 347
199:0 5 8 23 25 29 33 34 38 45 50 53 55 57 58 59 63 68 69 70 86 89 91 92 93 94 102 104 126 129 133 138 148 156 164 171 173 174 182 187 189 196 203 207 210 213 214 216 218 219 223 231 237 240 241 244 247 248 249 258 263 264 280 281 285 290 291 300 347 352
200:0 38 45 60 85 86 87 92 94 102 103 104 109 111 129 138 148 149 156 164 168 171 173 180 182 194 195 203 207 212 213 214 216 218 220 237 240 241 244 247 259 263 269 285 286 288 289 290 310 332 347 351
201:0 237
202:0 68 150 194 204 219 227 243 321
203:0 23 33 34 36 38 45 60 70 85 86 87 89 92 93 94 97 102 104 113 115 129 133 138 148 156 164 168 171 173 182 189 193 203 207 213 214 216 218 226 231 237 240 241 242 244 247 248 249 251 263 273 277 285 290 310 316 347 351
204:0 33 34 36 38 42 68 70 76 89 91 92 102 104 111 113 115 117 120 129 153 156 157 164 173 175 182 191 201 202 203 205 207 213 214 216 218 229 237 241 249 263 287 290 328
205:0 33 34 36 38 42 63 68 70 76 89 91 92 102 104 111 113 115 117 120 129 153 156 157 164 173 175 182 191 192 201 202 203 205 207 213 214 216 218 229 237 241 249 263 287 290 328
206:0 29 34 36 38 44 53 58 59 68 70 76 85 86 87 89 91 92 99 102 103 104 111 117 126 137 138 156 157 164 168 171 173 174 175 180 182 189 203 205 207 213 214 216 218 228 231 237 240 241 244 246 247 249 263 281 283 290 310 317 347 351 352
207:0 12 13 14 15 17 28 38 40 68 70 89 91 92 98 102 103 104 106 129 138 156 157 163 164 168 173 182 185 188 201 203 207 210 211 213 214 216 218 231 232 237 240 241 249 263 290 317 328 332
208:0 15 20 21 33 34 38 46 63 70 88 89 91 92 99 102 103 104 106 111 120 153 156 157 164 173 175 182 189 201 203 205 207 213 214 216 218 225 231 237 241 242 244 249 259 263 269 290 317 328 335
209:0 5 7 8 9 25 33 34 36 38 39 44 46 53 68 69 70 76 85 86 87 89 91 92 99 102 104 111 115 118 122 126 156 164 168 173 182 184 185 188 189 203 204 207 213 214 215 216 217 218 223 237 240 241 242 247 249 259 263 264 265 269 280 290 315 339 351 352
210:0 5 7 8 9 25 33 34 36 38 39 44 46 53 63 68 69 70 76 85 86 87 89 91 92 99 102 104 111 115 118 122 126 156 157 164 168 173 182 184 185 188 189 203 204 207 213 214 215 216 217 218 223 231 237 240 241 242 247 249 259 263 264 265 269 280 290 315 317 339 351 352
211:0 14 33 36 38 40 42 48 55 56 57 58 59 61 86 92 102 104 106 107 111 114 120 127 129 156 164 173 175 182 188 191 194 196 203 205 207 213 214 216 218 237 240 247 258 263 279 290 291 310 351 352
212:0 13 14 15 17 38 43 63 68 70 92 97 98 102 104 113 116 129 156 163 164 168 173 179 182 201 203 206 207 210 211 213 214 216 218 219 226 228 232 234 237 240 241 249 263 290 318 332 334
213:0 34 35 38 70 89 91 92 102 104 110 111 117 132 148 156 157 164 173 182 188 189 201 203 205 207 213 214 216 218 219 227 230 237 241 249 263 290 317
214:0 14 15 30 31 33 34 36 38 43 63 68 69 70 89 91 92 102 104 106 117 156 157 164 168 173 175 179 182 203 206 207 210 213 214 216 218 224 237 240 241 249 263 264 280 290 317 339
215:0 8 10 14 15 38 43 44 57 58 59 68 70 91 92 97 98 102 103 104 111 115 129 138 154 156 163 164 168 171 173 180 182 185 189 193 196 203 207 210 213 214 216 218 223 231 232 237 240 241 244 247 249 251 252 258 259 263 264 269 280 289 290 306 332 347
216:0 5 7 8 9 10 14 15 25 34 36 37 38 43 46 68 69 70 89 91 92 102 104 111 118 122 129 154 156 163 164 168 173 182 185 189 203 205 207 210 213 214 216 218 223 232 237 240 241 242 249 259 263 264 269 280 281 287 290 313 332 339
217:0 5 7 8 9 10 14 15 25 34 36 37 38 43 46 63 68 69 70 89 91 92 102 104 111 118 122 129 154 156 157 163 164 168 173 182 185 189 203 205 207 210 213 214 216 218 223 232 237 240 241 242 249 259 263 264 269 280 281 287 290 313 317 332 339
218:0 34 38 52 53 88 92 102 104 106 111 113 115 120 123 126 133 151 156 157 164 173 182 189 203 205 207 213 214 216 218 237 241 249 257 263 281 290 315
219:0 34 38 52 53 63 70 88 89 92 102 104 106 111 113 115 120 123 126 133 151 156 157 164 173 182 189 201 203 205 207 213 214 216 218 237 241 249 257 263 281 287 290 315 317
220:0 33 34 36 38 44 46 54 58 59 70 89 91 92 102 104 111 113 115 133 156 157 164 173 181 182 189 196 201 203 204 207 213 214 216 218 237 240 246 249 258 263 290 316 317 333 341
221:0 30 31 33 34 36 38 44 46 54 58 59 63 70 89 91 92 102 104 111 113 115 133 156 157 164 173 181 182 189 196 201 203 204 207 213 214 216 218 237 240 246 249 258 263 290 316 317 333 341
222:0 33 34 38 54 57 58 59 61 70 89 91 92 94 102 103 104 105 106 109 111 112 113 115 120 131 133 145 153 156 157 164 173 182 189 201 203 205 207 213 214 216 218 219 237 240 241 243 246 247 249 258 263 275 287 290 300 317 333 347 350 352
223:0 38 48 53 55 57 58 59 60 61 62 63 86 92 94 102 103 104 111 114 116 126 127 129 156 164 168 173 182 189 190 199 203 207 213 214 216 218 237 240 241 263 290 291 350 352
224:0 38 48 53 55 57 58 59 60 61 62 63 69 86 92 94 102 103 104 111 114 116 126 127 129 132 156 164 168 173 182 188 189 190 199 203 207 213 214 216 218 237 240 241 263 290 291 331 350 352
225:0 5 19 25 34 38 58 59 62 68 69 92 98 102 104 129 143 150 156 164 168 173 182 189 196 203 207 213 214 216 217 218 229 237 240 248 258 263 264 290 301 332 352
226:0 17 21 33 34 36 38 48 56 57 58 59 61 89 92 97 102 104 109 114 127 129 145 156 157 164 173 182 189 196 203 207 213 214 216 218 237 239 240 258 263 290 291 300 332 352
227:0 15 18 19 28 31 38 43 46 64 65 68 92 97 102 104 129 143 156 157 164 168 173 174 182 189 191 201 203 207 211 213 214 216 218 228 237 241 249 259 263 269 290 314 319 332
228:0 34 38 43 44 46 52 53 68 76 83 92 99 102 104 123 126 129 138 156 164 168 171 173 179 180 182 185 188 189 203 204 207 213 214 216 218 228 231 237 241 242 247 249 251 259 261 263 269 289 290 315 316 336
229:0 34 38 43 44 46 52 53 63 68 70 76 83 92 99 102 104 123 126 129 138 156 164 168 171 173 179 180 182 185 188 189 203 204 207 213 214 216 218 228 231 237 241 242 247 249 251 259 261 263 269 289 290 315 316 336
230:0 34 38 43 50 55 56 57 58 59 62 63 82 92 97 102 104 108 127 129 145 150 156 164 173 175 182 190 196 203 207 213 214 216 218 225 237 239 240 258 263 290 291 349 352
231:0 33 34 36 38 45 46 68 70 89 90 92 102 104 111 116 156 164 173 175 182 189 201 203 205 207 213 214 216 218 231 237 241 246 249 263 290 316 317
232:0 30 31 33 34 36 38 45 46 63 68 70 89 90 92 102 104 111 116 156 157 164 173 175 182 189 201 203 205 207 213 214 216 218 229 231 237 241 246 249 263 290 316 317
233:0 33 38 58 59 60 63 76 85 86 87 92 94 97 102 104 105 111 129 138 148 156 159 160 161 164 168 171 173 176 182 192 196 199 203 207 214 216 218 231 237 240 241 244 247 263 278 290 332 351
234:0 23 28 33 34 36 38 43 44 46 50 76 85 86 87 89 92 94 95 102 104 109 113 115 129 138 148 156 164 168 171 173 180 182 189 203 207 213 214 216 218 231 237 240 241 244 247 263 272 285 290 310 326 347 351
235:0 1 2 3 4 5 6 7 8 9 10 11 12 13 14 15 16 17 18 19 20 21 22 23 24 25 26 27 28 29 30 31 32 33 34 35 36 37 38 39 40 41 42 43 44 45 46 47 48 49 50 51 52 53 54 55 56 57 58 59 60 61 62 63 64 65 66 67 68 69 70 71 72 73 74 75 76 77 78 79 80 81 82 83 84 85 86 87 88 89 90 91 92 93 94 95 96 97 98 99 100 101 102 103 104 105 106 107 108 109 110 111 112 113 114 115 116 117 118 119 120 121 122 123 124 125 126 127 128 129 130 131 132 133 134 135 136 137 138 139 140 141 142 143 144 145 146 147 148 149 150 151 152 153 154 155 156 157 158 159 160 161 162 163 164 166 167 168 169 170 171 172 173 174 175 176 177 178 179 180 181 182 183 184 185 186 187 188 189 190 191 192 193 194 195 196 197 198 199 200 201 202 203 204 205 206 207 208 209 210 211 212 213 214 215 216 217 218 219 220 221 222 223 224 225 226 227 228 229 230 231 232 233 234 235 236 237 238 239 240 241 242 243 244 245 246 247 248 249 250 251 252 253 254 255 256 257 258 259 260 261 262 263 264 265 266 267 268 269 270 271 272 273 274 275 276 277 278 279 280 281 282 283 284 286 287 288 289 290 291 292 293 294 295 296 297 298 299 300 301 302 303 304 305 306 307 308 309 310 311 312 313 314 315 316 317 318 319 320 321 322 323 324 325 326 327 328 329 330 331 332 333 334 335 336 337 338 339 340 341 342 343 344 345 346 347 348 349 350 352 353 354
236:0 25 33 34 38 68 69 70 89 92 102 104 129 136 156 157 164 168 170 173 182 183 189 203 207 213 214 216 218 229 237 240 241 249 263 270 280 290 339
237:0 25 27 33 34 38 68 69 70 89 91 92 97 98 102 104 116 129 136 156 157 164 167 168 170 173 182 183 189 197 201 203 207 213 214 216 218 228 229 237 240 241 249 263 270 279 280 283 290 339
238:0 1 5 8 25 34 38 47 58 59 68 69 92 93 94 96 102 104 113 115 118 122 138 148 156 164 168 171 173 181 182 186 189 195 196 203 207 212 213 214 216 218 223 237 240 244 247 252 258 263 273 285 290 313 347 352
239:0 2 5 7 8 9 25 27 34 38 43 68 69 85 86 87 92 94 96 98 102 103 104 112 113 129 148 156 164 168 173 182 189 203 207 213 214 216 218 223 237 238 240 249 263 264 280 290 351
240:0 2 5 7 9 25 34 38 43 52 53 68 69 92 94 102 103 104 108 109 112 123 126 156 164 168 173 182 189 203 207 213 214 216 218 223 231 237 238 241 249 263 264 280 290
241:0 5 7 8 9 23 25 33 34 38 45 57 58 59 63 68 69 70 76 85 86 87 89 92 102 104 111 117 118 156 157 164 173 174 179 182 189 196 201 203 205 207 208 213 214 215 216 217 218 223 231 237 240 241 244 247 249 263 264 270 280 290 317 351 352
242:0 1 3 5 25 34 38 39 45 47 53 58 59 63 68 69 70 76 85 86 87 89 92 94 102 104 107 111 113 118 121 126 135 138 148 156 164 173 182 186 189 196 201 203 205 207 213 214 215 216 217 218 219 223 230 231 237 240 241 244 247 249 258 263 264 273 280 285 287 289 290 312 317 347 351 352
243:0 15 34 38 43 44 46 63 70 84 85 86 87 91 92 98 102 104 115 129 148 156 164 173 182 189 201 203 207 209 214 216 218 231 237 240 241 242 244 249 263 290 347 351
244:0 15 23 34 38 43 44 46 52 53 63 70 76 83 91 92 102 104 115 126 129 148 156 164 173 182 189 201 203 207 214 216 218 231 237 240 241 244 249 263 290 347
245:0 15 16 34 38 43 44 46 54 56 57 58 59 61 62 63 91 92 102 104 115 127 129 156 164 173 182 189 196 201 203 207 214 216 218 231 237 240 241 243 244 249 258 263 290 291 347 352
246:0 23 34 37 38 43 44 63 89 91 92 102 103 104 116 156 157 164 173 174 182 184 189 200 201 203 207 213 214 216 218 228 237 240 241 242 246 249 259 263 269 280 290 349
247:0 23 34 37 38 43 44 63 89 91 92 102 103 104 116 156 157 164 173 174 182 184 189 200 201 203 207 213 214 216 218 228 237 240 241 242 246 249 259 263 269 280 290 349
248:0 5 7 15 23 25 34 37 38 43 44 46 53 57 58 59 63 68 69 70 85 86 87 89 91 92 102 103 104 116 126 156 157 164 171 173 174 182 184 189 200 201 203 207 210 213 214 216 218 223 228 231 237 240 241 242 246 249 259 263 264 269 280 290 317 332 337 349 351 352
249:0 16 18 19 34 38 46 56 57 58 59 63 70 85 86 87 89 92 94 102 104 105 113 115 127 129 138 156 164 171 173 177 182 189 196 201 202 203 207 211 214 216 218 219 231 237 240 241 244 246 247 248 249 258 263 285 290 291 297 332 347 351 352 354
250:0 16 18 19 38 46 53 63 70 76 85 86 87 89 92 94 102 104 105 113 115 126 129 138 143 148 156 164 171 173 182 189 201 202 203 207 211 214 216 218 219 221 237 240 241 244 246 247 248 249 263 290 315 332 347 351
251:0 14 15 38 63 73 76 92 93 94 102 104 105 111 113 115 118 129 138 148 156 164 171 173 182 189 195 201 202 203 207 214 215 216 218 219 226 237 240 241 244 246 247 248 263 285 290 332 347 351 352
252:0 1 5 9 14 15 21 25 34 38 43 68 69 70 71 72 73 76 91 92 97 98 102 103 104 129 148 156 164 173 182 189 197 202 203 207 210 213 214 216 218 219 223 225 228 231 237 241 242 249 263 264 280 283 290 300 306 317 331 332
253:0 1 5 9 14 15 21 25 34 38 43 68 69 70 71 72 73 76 91 92 97 98 102 103 104 129 148 156 164 173 182 189 197 202 203 206 207 210 213 214 216 218 219 223 225 228 231 237 241 242 249 263 264 280 283 290 300 306 317 331 332 348
254:0 1 5 9 14 15 21 25 34 38 43 46 63 68 69 70 71 72 73 76 89 91 92 97 98 102 103 104 129 148 156 164 173 182 189 197 202 203 206 207 210 213 214 216 218 219 223 225 228 231 237 241 242 249 263 264 280 283 290 300 306 317 331 332 337 348
255:0 5 10 14 15 25 28 34 38 45 52 53 64 68 69 70 83 91 92 98 102 104 116 119 126 129 156 157 163 164 173 179 182 189 203 207 213 214 216 218 237 241 249 263 265 290 315 317 332
256:0 5 7 9 10 14 15 24 25 28 34 38 45 52 53 64 68 69 70 83 91 92 98 102 104 116 119 126 129 156 157 163 164 173 179 182 189 203 207 210 213 214 216 218 223 237 241 249 263 264 265 280 290 315 317 327 332 339
257:0 5 7 9 10 14 15 24 25 28 34 38 45 46 52 53 63 64 68 69 70 83 89 91 92 98 102 104 116 119 126 129 156 157 163 164 173 179 182 189 203 207 210 213 214 216 218 223 237 241 249 263 264 265 280 290 299 315 317 327 332 339
258:0 23 33 34 36 38 45 55 56 57 58 59 70 91 92 102 104 111 117 127 156 164 173 174 182 189 193 196 203 205 207 213 214 216 218 231 237 240 243 249 250 253 258 263 283 287 290 291 300 301 317 352
259:0 5 8 23 25 33 34 36 38 45 55 56 57 58 59 68 69 70 89 91 92 102 104 111 117 127 156 157 164 173 174 182 189 193 196 203 205 207 213 214 216 218 223 231 237 240 243 249 250 253 258 263 283 287 290 291 300 301 317 330 341 352
260:0 5 8 23 25 33 34 36 38 45 46 55 56 57 58 59 63 68 69 70 89 91 92 102 104 111 117 127 156 157 164 173 174 182 189 193 196 203 205 207 213 214 216 218 223 231 237 240 243 249 250 253 258 263 264 280 283 287 290 291 300 301 317 330 341 352
261:0 28 33 34 36 38 43 44 46 68 91 92 102 104 156 164 168 173 182 184 189 203 207 213 214 215 216 218 231 237 240 241 242 244 247 249 259 263 269 281 289 290 305 310 316 336 343
262:0 28 33 34 36 38 43 44 46 63 68 70 91 92 102 104 156 164 168 173 182 184 189 203 207 213 214 215 216 218 231 237 240 241 242 244 247 249 259 263 269 281 289 290 305 310 316 336 343
263:0 15 28 29 33 34 38 39 42 45 57 58 59 85 86 87 91 92 102 104 111 129 156 164 168 173 175 182 187 189 196 203 204 205 207 210 213 214 216 218 228 231 237 240 241 245 247 249 263 271 290 300 316 321 343 351 352
264:0 15 28 29 33 34 38 39 42 45 46 57 58 59 63 70 85 86 87 91 92 102 104 111 129 154 156 163 164 168 173 175 182 187 189 196 203 204 205 207 210 213 214 216 218 228 231 237 240 241 245 247 249 263 271 290 300 316 321 343 351 352
265:0 33 40 81
266:0 33 40 81 106
267:0 16 18 33 38 40 63 71 72 76 78 81 92 94 102 104 106 129 148 156 164 168 173 182 202 203 207 213 214 216 218 219 234 237 241 247 263 290 318 332
268:0 33 40 81 106
269:0 16 18 33 38 40 60 63 76 81 92 93 94 102 104 106 113 129 148 156 164 168 173 182 188 202 203 207 213 214 216 218 236 237 241 247 263 290 318 332
270:0 14 34 38 45 54 55 57 58 59 71 72 73 75 76 92 102 104 148 156 164 168 173 175 182 196 202 203 207 213 214 216 218 230 235 237 240 241 258 263 267 290 310 331 352
271:0 7 8 9 14 34 38 45 54 55 56 57 58 59 70 71 72 73 75 76 92 102 104 127 148 154 156 164 168 173 175 182 189 196 202 203 207 213 214 216 218 223 230 235 237 240 241 249 252 253 258 263 267 280 290 291 310 331 346 352
272:0 5 7 8 9 14 25 34 38 45 54 55 56 57 58 59 63 68 69 70 71 72 73 75 76 92 102 104 118 127 148 154 156 164 168 173 175 182 189 196 202 203 207 213 214 216 218 223 230 235 237 240 241 249 252 253 258 263 264 267 280 290 291 310 331 346 352
273:0 13 14 34 36 38 73 74 76 91 92 98 102 104 106 111 117 120 133 148 153 156 164 173 182 202 203 205 206 207 213 214 216 218 235 237 241 247 249 263 267 287 290 331
274:0 1 13 14 15 25 34 36 38 63 70 73 74 76 91 92 98 102 104 106 111 117 120 129 133 148 153 156 164 168 173 182 185 189 202 203 205 206 207 210 213 214 216 218 235 237 241 244 247 249 252 259 263 267 280 287 290 317 326 331
275:0 1 13 14 15 25 34 36 38 63 70 73 74 76 91 92 98 102 104 106 111 117 120 129 133 148 153 156 164 168 173 182 185 189 202 203 205 206 207 210 213 214 216 218 235 237 241 244 247 249 252 259 263 267 280 287 290 317 326 331 332
276:0 17 19 38 45 48 64 68 92 97 98 99 102 104 116 119 129 143 156 164 168 173 182 189 203 207 211 213 214 216 218 228 237 240 241 263 283 287 290 297 332
277:0 17 19 38 45 48 63 64 68 92 97 98 99 102 104 116 119 129 143 156 164 168 173 182 189 203 207 211 213 214 216 218 226 228 237 240 241 263 283 287 290 297 332
278:0 16 17 19 38 45 48 54 55 58 59 92 97 98 102 104 129 143 156 164 168 173 182 189 196 203 207 211 213 214 216 218 228 237 239 240 258 263 290 332 346 351 352
279:0 16 17 19 38 45 48 54 55 56 57 58 59 63 92 97 98 102 104 129 143 156 164 168 173 182 189 196 203 207 211 213 214 216 218 228 237 239 240 254 255 256 258 263 290 332 346 351 352
280:0 7 8 9 34 38 45 47 50 85 86 92 93 94 95 100 102 104 111 113 115 138 148 156 164 168 171 173 182 189 194 196 203 204 207 212 213 214 216 218 219 237 240 241 244 247 248 259 261 262 263 269 273 285 286 289 290 347 351
281:0 7 8 9 34 38 45 47 50 85 86 92 93 94 95 100 102 104 111 113 115 138 148 156 164 168 171 173 182 189 194 196 203 204 207 212 213 214 216 218 219 237 240 241 244 247 248 259 261 262 263 269 273 285 286 289 290 345 347 351
282:0 7 8 9 34 38 45 47 50 63 85 86 92 93 94 95 100 102 104 111 113 115 138 148 156 164 168 171 173 182 189 194 196 203 204 207 212 213 214 216 218 219 237 240 241 244 247 248 259 261 262 263 269 273 285 286 289 290 345 347 351
283:0 38 54 56 58 59 60 61 76 92 97 98 102 104 114 129 145 148 156 164 168 170 173 182 193 196 202 203 207 213 214 216 218 230 237 240 241 244 247 263 290 300 341 346 352
284:0 16 18 38 54 56 58 59 60 61 63 76 78 92 97 98 102 104 114 129 145 148 156 164 168 170 171 173 182 184 193 196 202 203 207 213 214 216 218 230 237 240 241 244 247 263 290 300 318 332 341 346 352
285:0 14 29 33 34 38 71 72 73 74 76 77 78 92 102 104 147 148 156 164 173 182 188 202 203 204 206 207 213 214 216 218 219 237 241 263 270 287 289 290 313 331
286:0 5 9 14 15 25 29 33 34 38 63 68 69 70 71 72 73 74 76 77 78 92 102 104 147 148 156 164 170 173 182 183 188 189 202 203 204 206 207 210 213 214 216 218 219 223 231 237 241 249 263 264 270 280 287 289 290 313 327 331 339
287:0 5 7 8 9 10 15 25 34 38 53 58 59 68 69 70 76 85 87 92 102 104 126 133 156 157 163 164 173 174 175 182 185 189 196 203 207 210 213 214 216 218 223 227 228 237 240 241 247 249 263 264 280 281 290 303 306 332 339 343 351 352
288:0 5 7 8 9 10 15 25 34 38 46 53 58 59 68 69 70 76 85 87 89 92 102 104 116 126 133 154 156 157 163 164 173 174 175 179 182 185 189 196 203 207 210 213 214 216 218 223 227 228 237 240 241 247 249 253 263 264 269 280 281 290 303 306 332 339 343 351 352
289:0 5 7 8 9 10 15 25 34 38 46 53 58 59 63 68 69 70 76 85 87 89 92 102 104 116 126 133 154 156 157 163 164 173 174 175 179 182 185 189 196 203 207 210 213 214 216 218 223 227 228 237 240 241 247 249 253 263 264 269 280 281 290 303 306 332 339 343 351 352
290:0 10 15 16 28 38 76 91 92 102 104 106 141 148 154 156 164 170 173 182 185 189 201 202 203 206 207 210 214 216 218 232 237 241 247 263 290 318 332
291:0 10 14 15 16 28 38 63 76 91 92 97 102 103 104 106 129 141 148 154 156 163 164 168 170 173 182 185 189 201 202 203 206 207 210 213 214 216 218 226 232 237 241 247 263 290 318 332
292:0 10 14 15 16 28 38 63 76 91 92 97 102 103 104 106 109 138 141 148 154 156 163 164 168 170 171 173 180 182 185 189 201 202 203 206 207 210 214 216 218 226 232 237 241 247 263 288 290 318 332
293:0 1 5 7 8 9 23 25 34 36 38 46 48 53 58 59 68 69 76 92 102 103 104 111 126 156 164 173 182 189 196 203 205 207 213 214 216 218 223 237 240 241 244 247 253 263 265 290 298 304 310 326 336 351 352
294:0 1 5 7 8 9 23 25 34 36 38 46 48 53 58 59 68 69 70 76 89 92 102 103 104 111 126 156 157 164 173 182 189 196 203 205 207 213 214 216 218 223 237 240 241 244 247 249 253 259 263 265 269 280 290 298 304 310 315 326 336 351 352
295:0 1 5 7 8 9 23 25 34 36 38 46 48 53 58 59 63 68 69 70 76 89 92 102 103 104 111 126 156 157 164 173 182 189 196 203 205 207 213 214 216 218 223 237 240 241 244 247 249 253 259 263 265 269 280 290 298 304 310 315 326 336 351 352
296:0 5 7 8 9 18 25 28 33 34 38 57 68 69 70 89 91 92 102 104 116 118 156 157 164 173 179 182 185 187 189 193 197 203 207 213 214 216 218 223 233 237 238 240 241 249 252 263 264 265 270 279 280 282 287 290 292 317 339
297:0 5 7 8 9 18 25 28 33 34 38 57 63 68 69 70 89 91 92 102 104 116 118 156 157 164 173 179 182 185 187 189 193 197 203 207 213 214 216 218 223 233 237 238 240 241 249 252 263 264 265 270 279 280 282 287 290 292 317 339
298:0 21 34 38 39 47 55 57 58 59 92 102 104 111 127 129 145 150 156 164 173 182 189 196 203 204 205 207 213 214 216 218 227 231 237 240 258 263 287 290 321 352
299:0 7 8 9 33 34 38 70 85 86 87 88 89 92 102 104 106 111 120 153 156 157 164 173 182 189 192 199 201 203 205 207 213 214 216 218 222 223 237 241 249 259 263 269 270 290 317 335 351
300:0 3 6 33 34 38 39 45 47 58 59 76 85 86 87 91 92 102 104 111 129 138 148 156 164 173 182 185 189 196 203 204 205 207 213 214 215 216 218 219 226 231 237 240 241 244 247 253 263 270 273 274 290 313 321 343 347 351 352
301:0 3 6 33 34 38 39 45 47 58 59 63 70 76 85 86 87 91 92 102 104 111 129 138 148 156 164 173 182 185 186 189 196 203 204 205 207 213 214 215 216 218 219 226 231 237 240 241 244 247 249 253 263 270 273 274 290 313 321 343 347 351 352
302:0 5 7 8 9 10 15 25 34 38 43 68 69 91 92 94 101 102 104 105 109 118 138 148 154 156 164 168 171 173 182 185 189 193 197 203 207 210 212 213 214 216 218 223 236 237 240 241 244 247 249 252 259 263 264 269 270 280 282 289 290 310 317 332 347 351 352
303:0 5 8 9 11 14 25 34 38 44 47 53 58 63 68 69 70 76 92 102 104 126 156 157 164 173 182 185 188 189 196 201 203 206 207 213 214 216 218 223 226 230 237 240 241 242 244 246 249 254 255 256 259 263 264 269 280 290 305 310 313 317 321 334
304:0 15 23 29 33 34 36 38 46 70 89 91 92 102 104 106 111 156 157 164 173 182 189 201 203 205 207 210 213 214 216 218 231 232 237 240 241 249 263 265 283 290 317 319 332 334 351 352
305:0 15 23 29 33 34 36 38 46 70 89 91 92 102 104 106 111 156 157 164 173 182 189 201 203 205 207 210 213 214 216 218 231 232 237 240 241 249 263 265 283 290 317 319 332 334 351 352
306:0 5 7 8 9 15 23 25 29 33 34 36 38 46 53 57 58 59 63 68 69 70 76 85 86 87 89 91 92 102 104 106 111 126 156 157 164 173 182 189 196 201 203 205 207 210 213 214 216 218 223 231 232 237 240 241 249 263 264 265 269 280 283 290 317 319 332 334 337 351 352
307:0 5 7 8 9 25 34 38 68 69 70 92 93 94 96 102 104 105 113 115 117 118 129 136 138 148 156 164 170 173 179 182 189 193 197 203 207 213 214 216 218 223 226 237 240 241 244 247 249 252 263 264 280 290 317 339 347
308:0 5 7 8 9 25 34 38 63 68 69 70 92 93 94 96 102 104 105 113 115 117 118 129 136 138 148 156 157 164 170 173 179 182 189 193 197 203 207 213 214 216 218 223 226 237 240 241 244 247 249 252 263 264 280 290 317 339 347
309:0 29 33 34 38 43 44 46 70 85 86 87 92 98 102 104 129 148 156 164 168 173 174 182 189 203 207 209 213 214 216 218 231 237 240 242 253 263 268 290 316 336 351
310:0 29 33 34 38 43 44 46 63 70 85 86 87 92 98 102 104 129 148 156 164 168 173 174 182 189 203 207 209 213 214 216 218 231 237 240 242 253 263 268 287 290 316 336 351
311:0 5 9 25 34 38 45 68 69 85 86 87 92 97 98 102 104 111 113 118 129 148 156 164 173 182 189 203 205 207 209 213 214 216 218 223 226 227 231 237 240 263 268 270 273 290 313 346 351
312:0 5 9 25 34 38 45 68 69 85 86 87 92 97 98 102 104 111 113 118 129 148 156 164 173 182 189 203 204 205 207 209 213 214 216 218 223 226 227 231 237 240 263 268 270 273 290 300 351
313:0 5 8 9 25 33 34 38 68 69 76 85 86 87 92 98 102 104 109 113 118 129 148 156 164 168 173 182 189 202 203 207 213 214 216 218 223 226 236 237 240 241 244 247 263 264 270 271 280 290 294 318 324 332 351 352
314:0 5 8 9 25 33 34 38 68 69 74 76 85 86 87 92 98 102 104 113 118 129 148 156 164 168 173 182 189 202 203 204 207 213 214 216 218 223 226 227 230 236 237 240 241 244 247 260 263 264 270 273 280 290 318 332 343 351 352
315:0 14 15 34 38 40 42 71 72 73 74 76 78 80 92 102 104 129 148 156 164 171 173 178 182 186 188 189 191 202 203 207 210 213 214 216 218 230 235 237 241 244 247 263 275 290 312 320 331 345
316:0 1 7 8 9 34 38 47 58 68 70 76 92 102 104 111 120 123 124 133 138 139 151 153 156 164 171 173 182 188 189 202 203 205 207 213 214 216 218 220 223 227 237 240 241 247 249 254 255 256 263 281 289 290 331 351 352
317:0 1 7 8 9 34 38 47 58 63 68 70 76 92 102 104 111 120 123 124 133 138 139 151 153 156 164 171 173 182 188 189 202 203 205 207 213 214 216 218 220 223 227 237 240 241 247 249 254 255 256 263 281 289 290 331 351 352
318:0 36 37 38 43 44 56 57 58 59 92 97 99 102 103 104 116 127 129 156 164 168 173 182 184 189 196 203 207 210 213 214 216 218 237 240 242 258 259 263 269 287 290 291 352
319:0 36 37 38 43 44 46 56 57 58 59 63 70 89 92 97 99 102 103 104 116 127 129 130 156 163 164 168 173 182 184 189 196 203 207 210 213 214 216 218 237 240 242 249 258 259 263 269 287 290 291 317 352
320:0 34 37 38 45 46 54 55 56 57 58 59 70 89 90 92 102 104 111 120 127 133 150 156 164 173 174 182 196 203 205 207 213 214 216 218 237 240 249 250 258 263 290 291 310 317 321 323 352
321:0 34 37 38 45 46 54 55 56 57 58 59 63 70 89 90 92 102 104 111 120 127 133 150 156 164 173 174 182 196 203 205 207 213 214 216 218 237 240 249 250 258 263 290 291 310 317 321 323 352
322:0 23 33 34 36 38 45 52 53 70 89 91 92 102 104 111 116 126 133 156 157 164 173 182 184 189 201 203 204 205 207 213 214 216 218 222 237 241 249 263 290 315 317 336
323:0 23 33 34 36 38 45 46 52 53 63 70 89 90 91 92 102 104 111 116 120 126 133 153 156 157 164 173 182 184 189 201 203 204 205 207 213 214 216 218 222 237 241 249 263 284 290 315 317 336
324:0 34 38 52 53 70 83 92 102 104 108 120 123 126 133 153 156 157 164 173 174 175 182 188 189 203 207 213 214 216 218 231 237 241 249 257 263 281 284 290 315 334
325:0 34 38 60 92 94 102 104 109 113 115 129 138 148 149 150 156 164 168 173 182 196 203 207 213 214 216 218 231 237 240 241 244 247 248 253 259 263 269 271 277 285 289 290 316 326 340 347 351
326:0 5 7 8 9 25 34 38 60 63 68 69 92 94 102 104 109 113 115 129 138 148 149 150 156 164 168 173 182 189 196 203 207 213 214 216 218 223 231 237 240 241 244 247 248 253 259 263 264 269 271 277 285 289 290 316 326 340 347 351
327:0 5 7 8 9 25 33 34 37 38 47 50 60 68 69 70 91 92 94 95 102 104 111 118 129 138 146 148 156 157 164 168 171 173 175 182 185 189 196 203 205 207 213 214 216 218 219 223 226 227 237 240 241 244 247 249 253 263 264 265 271 273 274 280 285 289 290 298 317 347 351 352
328:0 16 28 34 38 44 63 70 76 89 91 92 98 102 104 116 156 157 164 173 182 185 189 201 202 203 207 213 214 216 218 237 241 242 249 263 290 317 328
329:0 16 19 28 34 38 44 63 70 76 89 91 92 98 102 103 104 116 129 156 157 164 173 182 185 189 201 202 203 207 211 213 214 216 218 225 237 241 242 249 263 290 317 328
330:0 7 16 19 28 34 38 44 53 63 70 76 89 91 92 98 102 103 104 116 126 129 156 157 164 173 182 185 189 201 202 203 207 210 211 213 214 216 218 225 231 237 241 242 249 263 290 317 328 337
331:0 5 9 14 15 28 34 38 40 42 43 51 68 69 71 73 74 76 92 102 104 148 156 164 173 178 182 185 189 191 194 201 202 203 207 210 213 214 216 218 223 227 237 241 263 264 275 290 298 302 320 331
332:0 5 9 14 15 25 28 34 38 40 42 43 51 63 68 69 70 71 73 74 76 92 102 104 148 156 164 173 178 182 185 189 191 194 201 202 203 207 210 213 214 216 218 223 227 237 241 263 264 275 279 290 298 302 320 331
333:0 19 31 34 36 38 45 47 54 58 64 76 92 97 99 102 104 114 119 129 138 143 156 164 168 173 182 189 195 203 206 207 211 213 214 216 218 219 228 237 240 241 244 263 287 290 310 332
334:0 19 31 34 36 38 45 46 47 53 54 58 63 64 76 89 92 97 99 102 104 114 119 126 129 138 143 156 164 168 173 182 189 195 203 206 207 211 213 214 215 216 218 219 225 228 231 237 240 241 244 249 263 287 290 310 332 337 349
335:0 5 7 8 9 10 13 14 24 25 34 38 43 46 53 58 59 68 69 70 76 85 86 87 91 92 98 102 104 111 126 129 156 157 163 164 168 173 174 175 182 189 196 197 202 203 205 206 207 210 213 214 216 218 223 228 231 237 240 241 247 249 263 264 269 280 287 290 306 332 351 352
336:0 34 35 38 44 53 70 89 91 92 102 103 104 114 122 129 137 156 164 168 173 182 188 189 202 203 207 210 213 214 216 218 231 237 240 241 242 249 254 255 256 263 269 289 290 305 342
337:0 33 34 38 58 63 88 89 92 93 94 95 102 104 106 111 113 115 120 129 138 148 149 153 156 157 164 173 182 201 203 205 207 214 216 218 219 226 237 240 244 247 248 263 285 290 317 322 347
338:0 33 34 38 53 63 76 83 88 89 92 93 94 102 104 106 111 113 115 120 126 129 138 148 149 153 156 157 164 173 182 201 203 205 207 214 216 218 219 226 237 241 244 247 263 285 290 315 317 322 347
339:0 37 38 55 57 58 59 89 90 92 102 104 127 133 156 164 173 182 189 196 201 203 207 209 213 214 216 218 222 237 240 248 250 258 263 290 291 300 317 346 352
340:0 37 38 55 57 58 59 63 70 89 90 92 102 104 127 133 156 157 164 173 182 189 196 201 203 207 209 213 214 216 218 222 237 240 248 249 250 258 263 290 291 300 317 321 346 352
341:0 11 12 14 15 34 38 43 57 58 59 61 68 70 91 92 102 104 106 127 145 152 156 164 173 182 188 189 196 203 207 210 213 214 216 218 237 240 242 246 249 258 263 269 280 282 283 290 300 317 332 346 352
342:0 11 12 14 15 34 38 43 57 58 59 61 63 68 70 91 92 102 104 106 127 129 145 152 156 164 173 182 188 189 196 203 207 210 213 214 216 218 237 240 242 246 249 258 263 269 280 282 283 290 291 300 317 332 346 352
343:0 38 58 60 76 89 91 92 93 94 102 104 106 113 115 120 138 148 153 156 157 164 173 182 189 201 203 207 214 216 218 229 237 240 241 244 246 247 263 285 287 290 317 322
344:0 38 58 60 63 70 76 89 91 92 93 94 100 102 104 106 113 115 120 138 148 153 156 157 164 173 182 189 201 203 207 214 216 218 229 237 240 241 244 246 247 249 263 285 287 290 317 322
345:0 34 38 51 76 92 102 104 105 109 112 132 133 156 157 164 173 182 188 189 201 202 203 207 213 214 216 218 237 241 243 244 246 254 255 256 263 275 290 310 331
346:0 34 38 51 63 70 76 89 92 102 104 105 109 112 132 133 156 157 164 173 182 188 189 201 202 203 207 213 214 216 218 237 241 243 244 246 249 254 255 256 263 275 290 310 317 331
347:0 10 14 15 34 38 55 91 92 102 104 106 156 157 163 164 173 182 189 201 203 207 210 213 214 216 218 229 232 237 241 246 249 263 280 282 290 300 317 332 350 352
348:0 10 14 15 34 38 55 63 69 70 89 91 92 102 104 106 156 157 163 164 173 182 189 201 203 207 210 213 214 216 218 229 231 232 237 241 246 249 263 280 282 290 300 317 332 350 352
349:0 33 38 57 58 59 92 95 102 104 109 113 127 129 150 156 164 173 175 182 196 203 207 213 214 216 218 225 237 240 243 258 263 290 291 300 352
350:0 33 34 35 38 55 56 57 58 59 63 92 95 102 104 105 109 113 127 129 150 156 164 173 175 182 189 196 203 207 213 214 216 218 219 225 231 237 239 240 243 244 258 263 287 290 291 300 346 352
351:0 33 34 38 52 53 55 58 59 76 85 86 87 92 102 104 111 126 129 148 156 164 168 173 181 182 196 201 203 207 213 214 216 218 237 240 241 244 247 248 258 263 290 311 351 352
352:0 5 7 8 9 10 15 20 25 34 38 39 50 53 58 59 60 68 69 70 76 85 86 87 91 92 102 103 104 111 118 122 126 129 148 154 156 157 163 164 168 173 182 185 189 196 203 205 207 210 213 214 216 218 223 231 237 240 241 244 246 247 249 263 264 271 277 280 285 289 290 310 317 332 351 352
353:0 34 38 50 85 86 87 92 94 101 102 103 104 138 148 156 164 168 171 173 174 180 182 185 193 194 196 203 207 213 214 216 218 237 240 241 244 247 259 261 263 269 282 285 286 288 289 290 310 347 351
354:0 34 38 50 63 85 86 87 92 94 101 102 103 104 118 138 148 156 164 168 171 173 174 180 182 185 189 193 194 196 203 207 213 214 216 218 237 240 241 244 247 259 261 263 269 270 282 285 286 288 289 290 310 347 351
355:0 34 38 43 50 58 59 92 94 101 102 104 109 138 148 156 164 168 171 173 174 182 185 193 194 196 203 207 212 213 214 216 218 220 228 237 240 241 244 247 248 259 261 262 263 269 270 285 286 288 289 290 310 347
356:0 5 7 8 9 20 25 34 38 43 50 58 59 63 68 69 70 89 92 94 101 102 104 109 118 138 148 156 157 164 168 171 173 174 182 185 189 193 194 196 203 207 212 213 214 216 218 220 223 228 237 240 241 244 247 248 249 259 261 262 263 264 269 270 285 286 288 289 290 310 317 325 347
357:0 13 14 15 16 18 19 21 23 29 34 38 43 46 63 70 73 74 75 76 89 92 102 104 148 156 164 173 182 189 202 203 207 210 211 213 214 216 218 219 230 235 237 241 249 263 267 290 331 332 345
358:0 35 36 38 45 50 92 93 94 95 102 104 111 113 115 138 148 149 156 164 171 173 174 182 196 203 205 207 213 214 215 216 218 219 237 240 241 244 247 253 259 263 269 281 285 289 290 310 347 351
359:0 10 13 14 15 34 38 43 44 53 58 59 63 68 70 85 86 87 92 98 102 104 126 129 138 148 156 157 163 164 168 171 173 174 180 182 185 189 195 196 201 203 207 210 213 214 216 218 226 231 237 240 241 244 247 248 249 258 259 263 269 273 277 289 290 332 347 351 352
360:0 68 150 194 204 219 227 243 321
361:0 29 34 38 43 44 47 58 59 92 102 104 113 148 156 164 173 181 182 191 196 203 207 213 214 216 218 219 237 240 242 247 258 263 290 335 352
362:0 29 34 38 43 44 47 58 59 63 89 92 102 104 111 113 120 148 153 156 164 173 181 182 191 196 203 205 207 213 214 216 218 219 237 240 242 247 258 259 263 269 290 329 335 352
363:0 34 38 45 55 57 58 59 62 70 89 90 92 102 104 111 127 156 157 164 173 174 181 182 189 196 203 204 205 207 213 214 216 218 227 231 237 240 249 254 255 256 258 263 281 290 291 301 317 329 346 352
364:0 34 38 45 46 55 57 58 59 62 70 89 90 92 102 104 111 127 156 157 164 173 174 181 182 189 196 203 204 205 207 213 214 216 218 227 231 237 240 249 254 255 256 258 263 281 290 291 301 317 329 346 352
365:0 34 38 45 46 55 57 58 59 62 63 70 89 90 92 102 104 111 127 156 157 164 173 174 181 182 189 196 203 204 205 207 213 214 216 218 227 231 237 240 249 254 255 256 258 263 281 290 291 301 317 329 346 352
366:0 34 38 48 55 57 58 59 92 102 104 109 112 127 128 156 164 173 182 196 203 207 213 214 216 218 237 240 250 258 263 287 290 291 300 334 352
367:0 34 38 44 48 55 56 57 58 59 63 92 102 103 104 109 112 127 128 129 156 164 173 182 184 189 196 203 207 213 214 216 218 226 237 240 242 250 258 263 287 289 290 291 300 317 334 352
368:0 34 38 48 55 56 57 58 59 63 92 93 94 97 102 104 109 112 127 128 129 133 156 164 173 182 189 196 203 207 213 214 216 218 219 226 237 240 247 250 258 263 287 290 291 300 334 352
369:0 33 34 36 38 55 56 57 58 59 63 89 92 102 104 106 127 130 133 156 157 164 173 182 189 196 201 203 207 213 214 216 218 219 222 237 240 244 246 249 258 263 281 290 291 300 317 346 347 352
370:0 33 36 38 48 55 57 58 59 92 97 102 104 127 129 150 156 164 173 175 182 186 196 203 204 207 213 214 216 218 219 237 240 244 258 263 290 291 300 346 352
371:0 15 29 34 37 38 43 44 46 52 53 56 70 82 92 99 102 104 116 126 156 157 164 173 182 184 189 203 207 210 213 214 216 218 225 237 239 240 241 242 249 263 273 280 290 317 332 334 337 349
372:0 15 29 34 37 38 43 44 46 52 53 56 70 82 92 99 102 104 111 116 126 156 157 164 173 182 184 189 203 205 207 210 213 214 216 218 225 237 239 240 241 242 249 263 273 280 290 317 332 334 337 349
373:0 15 19 29 34 37 38 43 44 46 52 53 56 63 70 82 89 92 99 102 104 111 116 126 129 156 157 164 173 182 184 189 203 205 207 210 211 213 214 216 218 225 231 237 239 240 241 242 249 263 273 280 287 290 317 332 334 337 349
374:0 36
375:0 8 9 15 34 36 38 63 70 89 92 93 94 97 102 104 111 113 115 120 129 148 153 156 157 164 173 182 184 188 189 196 201 203 205 207 210 214 216 218 223 228 232 237 240 241 244 247 249 263 280 287 290 309 317 332 334
376:0 8 9 15 34 36 38 63 70 89 92 93 94 97 102 104 111 113 115 120 129 148 153 156 157 164 173 182 184 188 189 196 201 203 205 207 210 214 216 218 223 228 232 237 240 241 244 247 249 263 280 287 290 309 317 332 334
377:0 5 7 8 9 25 34 38 63 68 69 70 85 86 87 88 89 91 92 102 104 111 120 153 156 157 164 173 174 182 189 192 199 201 203 205 207 214 216 218 219 223 237 241 244 246 249 263 264 276 280 290 317 334 351
378:0 5 8 9 25 34 38 58 59 63 68 69 70 85 86 87 89 92 102 104 111 120 133 153 156 157 164 173 174 182 189 192 196 199 203 205 207 214 216 218 219 223 237 240 244 246 249 258 263 264 276 280 290 351
379:0 5 8 9 25 34 38 63 68 69 70 85 86 87 89 92 102 104 111 120 133 153 156 157 164 173 174 182 189 192 199 201 203 205 207 214 216 218 219 223 232 237 240 241 244 246 249 263 264 276 280 290 317 332 334 351
380:0 15 19 34 38 46 57 58 63 76 85 86 87 89 92 94 102 104 105 113 115 127 129 138 148 149 156 164 173 182 189 196 201 203 204 207 210 211 213 214 216 218 219 225 237 240 241 244 247 263 270 273 287 290 291 296 332 337 346 347 351 352
381:0 15 19 34 38 46 57 58 63 76 85 86 87 89 92 94 102 104 105 113 115 127 129 138 148 149 156 164 173 182 189 196 201 203 207 210 211 213 214 216 218 219 225 237 240 241 244 247 262 263 270 287 290 291 295 332 337 347 349 351 352
382:0 34 38 46 56 57 58 59 63 70 85 86 87 89 92 102 104 111 127 129 156 157 164 173 182 184 189 196 203 207 214 216 218 219 237 240 244 246 249 258 263 280 290 291 317 323 329 347 351 352
383:0 5 7 9 14 15 25 34 38 46 53 63 68 69 70 76 85 86 87 89 90 91 92 102 104 111 126 129 156 157 163 164 173 182 184 189 201 203 205 207 210 214 216 218 219 223 231 237 241 244 246 249 263 280 284 290 315 317 332 337 339 341 351
384:0 19 34 38 46 53 57 58 59 63 70 76 85 86 87 89 92 102 104 126 127 129 156 157 164 173 182 184 189 196 200 201 203 207 210 214 216 218 231 237 239 240 241 242 244 245 246 249 263 280 290 291 315 332 337 339 349 351 352
385:0 7 8 9 34 38 63 85 86 87 92 93 94 102 104 111 113 115 118 129 138 148 156 164 171 173 182 189 196 201 203 207 214 216 218 219 223 237 240 241 244 247 248 263 270 273 285 287 290 322 332 347 351 352 353
386:0 5 7 8 9 15 25 34 35 38 43 58 63 68 69 70 76 85 86 87 92 94 97 100 101 102 104 105 113 115 129 133 138 148 156 157 164 171 173 182 189 191 192 196 203 207 214 216 218 219 223 228 237 240 241 243 244 245 247 249 259 263 264 269 276 280 282 285 289 290 317 322 332 334 347 351 352 354
407:0 14 15 34 38 40 42 71 72 73 74 76 78 80 92 102 104 129 148 156 164 171 173 178 182 186 188 189 191 202 203 207 210 213 214 216 218 230 235 237 241 244 247 263 275 290 312 320 331 345
424:0 3 5 7 8 9 10 15 21 25 28 34 38 39 68 69 70 76 85 86 87 91 92 97 102 103 104 111 118 129 138 154 156 164 168 171 173 180 182 189 203 207 210 213 214 216 218 223 226 228 231 237 240 241 247 249 251 263 264 269 280 289 290 310 321 332 351 352
429:0 38 45 60 85 86 87 92 94 102 103 104 109 111 129 138 148 149 156 164 168 171 173 180 182 194 195 203 207 212 213 214 216 218 220 237 240 241 244 247 259 263 269 285 286 288 289 290 310 332 347 351
430:0 17 18 19 38 64 65 86 92 101 102 104 109 114 119 129 138 143 156 164 168 171 173 182 185 189 195 196 203 207 211 212 213 214 216 218 228 237 240 241 244 247 259 263 269 289 290 297 310 332 347
461:0 8 10 14 15 38 43 44 57 58 59 68 70 91 92 97 98 102 103 104 111 115 129 138 154 156 163 164 168 171 173 180 182 185 189 193 196 203 207 210 213 214 216 218 223 231 232 237 240 241 244 247 249 251 252 258 259 263 264 269 280 289 290 306 332 347
462:0 33 38 48 49 63 84 85 86 87 92 102 103 104 115 129 148 156 161 164 173 182 192 199 203 205 207 209 214 216 218 237 240 241 263 287 290 319 351
463:0 5 7 8 9 14 15 21 23 25 34 35 38 48 50 53 57 58 59 63 68 69 70 76 85 87 89 91 92 102 103 104 111 122 126 138 156 157 164 168 171 173 174 182 187 189 196 201 203 205 207 213 214 215 216 218 222 223 231 237 240 241 244 247 249 263 264 265 270 273 280 282 287 290 317 351 352
464:0 5 7 9 14 15 23 25 30 31 32 34 36 38 39 46 53 57 58 59 63 68 69 70 85 87 89 91 92 102 104 126 156 157 164 168 173 174 179 182 184 189 196 201 203 205 207 210 213 214 216 218 222 223 224 231 237 240 241 242 249 263 264 270 280 290 306 317 350 351
465:0 14 15 20 21 22 34 38 63 71 72 73 74 76 77 78 79 92 93 102 104 115 132 133 148 156 164 168 173 175 182 188 202 203 207 213 214 216 218 234 237 241 244 249 263 267 275 290 321 331
466:0 2 5 7 8 9 25 27 34 38 43 63 68 69 70 85 86 87 92 94 96 98 102 103 104 112 113 129 148 156 164 168 173 182 189 203 207 213 214 216 218 223 231 237 238 240 249 263 264 266 280 290 351
467:0 2 5 7 9 25 34 38 43 52 53 63 68 69 70 92 94 102 103 104 108 109 112 123 126 156 164 168 173 182 189 203 207 213 214 216 218 223 231 237 238 241 249 263 264 266 280 290
468:0 5 19 25 34 38 45 53 63 64 68 69 76 86 92 94 102 104 111 113 115 118 119 126 129 135 138 143 148 156 161 164 173 182 186 189 193 203 204 205 207 211 213 214 216 217 218 219 226 227 237 240 241 244 246 247 248 249 263 264 266 270 273 280 281 290 332 345 351 352
469:0 17 18 33 38 48 49 76 92 94 95 98 102 103 104 129 138 141 148 156 164 168 173 179 182 193 197 202 203 207 211 213 214 216 218 237 241 247 253 263 290 318 324 332
470:0 28 33 34 36 38 39 44 45 91 92 98 102 104 129 156 164 173 174 175 182 189 203 204 207 213 214 216 218 226 231 237 240 241 247 263 270 273 290 321
471:0 28 33 34 36 38 39 44 45 91 92 98 102 104 129 156 164 173 174 175 182 189 203 204 207 213 214 216 218 226 231 237 240 241 247 263 270 273 290 321
472:0 12 13 14 15 17 28 38 40 68 70 89 91 92 98 102 103 104 106 129 138 156 157 163 164 168 173 182 185 188 201 203 207 210 211 213 214 216 218 231 232 237 240 241 249 263 290 317 328 332
473:0 30 31 33 34 36 38 44 46 54 58 59 63 70 89 91 92 102 104 111 113 115 133 156 157 164 173 181 182 189 196 201 203 204 207 213 214 216 218 237 240 246 249 258 263 290 316 317 333 341
474:0 33 38 58 59 60 63 76 85 86 87 92 94 97 102 104 105 111 129 138 148 156 159 160 161 164 168 171 173 176 182 192 196 199 203 207 214 216 218 231 237 240 241 244 247 263 278 290 332 351
475:0 7 8 9 34 38 45 47 50 85 86 92 93 94 95 100 102 104 111 113 115 138 148 156 164 168 171 173 182 189 194 196 203 204 207 212 213 214 216 218 219 237 240 241 244 247 248 259 261 262 263 269 273 285 286 289 290 345 347 351
476:0 7 8 9 33 34 38 70 85 86 87 88 89 92 102 104 106 111 120 153 156 157 164 173 182 189 192 199 201 203 205 207 213 214 216 218 222 223 237 241 249 259 263 269 270 290 317 335 351
477:0 5 7 8 9 20 25 34 38 43 50 58 59 63 68 69 70 89 92 94 101 102 104 109 118 138 148 156 157 164 168 171 173 174 182 185 189 193 194 196 203 207 212 213 214 216 218 220 223 228 237 240 241 244 247 248 249 259 261 262 263 264 269 270 285 286 288 289 290 310 317 325 347
478:0 29 34 38 43 44 47 58 59 92 102 104 113 148 156 164 173 181 182 191 196 203 207 213 214 216 218 219 237 240 242 247 258 263 290 335 352
700:0 28 33 34 36 38 39 44 45 91 92 98 102 104 129 156 164 173 174 175 182 189 203 204 207 213 214 216 218 226 231 237 240 241 247 263 270 273 290 321
