1:0 204 345 80 219|174 113 80 219|113 80 320 219|345 80 320
4:0 44 251|349 44 200|246 44
7:0 243 193 300 287|281 287|54 175|54 243 287|54 281 300 114|54 193 287|243 175 300 287|54 193 114
16:0 193 185|228 314 185
19:0 68 103 154 172 207 179 44 253
21:0 206 98|161 98 185|310 98 185|206 310
23:0 21 228 180 251 305
27:0 68 306 157 175 229 232 14 219
29:0 68 204 36 251 48 116 50
32:0 68 36 93 251 48 133 50
37:0 257 175 244 95 180 336 185 50
41:0 174 98 16|18 228 98 185 16
43:0 204 75 235|275 175 75 235
46:0 175 113|103 206|175 230|206 228 113|60 230|103 60|230 113|60 113
48:0 103 324|324 226|103 226
50:0 103 157 228 246 251 185 253
52:0 204 274 244 95 180 133
54:0 238 193 60 94 95 248 113 287
56:0 68 157 193 279 179 265 96 251
58:0 34 257 37 242 336 83 219
60:0 170 346 150|170 301 150|170 346 301|170 61 150|170 54 346 61 114
63:0 227 112
66:0 227 96 113|27 96 113|227 265
69:0 275 115 235|275 345 235|275 227 235|227 115 235
72:0 62 114|109 229|243 109 219|229 62
77:0 204 172 37 38 24 95
79:0 187 23|23 300
83:0 119 174 175 193 211 297 98 16
84:0 114 98 48 185|175 98|283 98 48
86:0 122 21 227 195 333 252 32 50
88:0 325 122 174 212 114|325 174 212 286
90:0 103 229 61 112
92:0 310 261 288|310 195 149 288|114 149|261 114
95:0 175 335
96:0 272 112
98:0 21 114
102:0 275 235 236|275 174 235|246 235
104:0 103 246|187 103
108:0 187 174|222 174
109:0 103 60 149 220|261 220|103 261
111:0 68 306 222 157 174 242 179 14
113:0 215 217
114:0 73 115 133|175 267 115|73 93 115|73 267 115|73 267 133
115:0 23 193|193 219|306 23|116 50|23 219 50|306 219
116:0 190 62|62 50|62 150|225 82|225 175 150|175 82 150
118:0 56 300|56 114|60 114
122:0 95 248
123:0 318 13|226 113 318 219
127:0 206 31|206 185|175 31
131:0 174 32|174 193 287
133:0 204 273 174 175 321 203
138:0 21 61 114 48|21 62|191 61 62 48|61 62 114 48
140:0 175 109|175 229|109 229 61|175 282|229 61 62|61 282
142:0 225 228|18 193|18 228|174 193
143:0 122 174|174 90
147:0 54 48|114 48|54 113|54 225 349 114
152:0 73 22 320|73 246|275 73 22 267|275 175 22 267|275 73 320
155:0 306 154 37 343 193 179 98 336
158:0 242 246 300 337|242 346 337|37 242 246 337|346 246 300 337
161:0 274 38 228 179 163 164 116 271
163:0 119 17 18 297 185|17 18 48 185
165:0 60 318
167:0 324 49|324 226 60 50|226 228
172:0 273 3 344 227 179 217 268 117
173:0 133 150|187 133|273 217
174:0 217 185|273 313 185|273 217
175:0 119 193 64|248 64|248 217
177:0 114 98 65 185|297 114 185|297 98 287|297 98 185|114 287
179:0 34 103 36 316 115 268 219
183:0 248 133|187 113 133|48 133|248 113 217|195 113|187 195
187:0 244 93 115|244 227 115 270|244 227 115 133
190:0 68 103 3 21 228 180 97 251
191:0 73 227 270|73 267|174 73|73 320
193:0 18 318|324 141 318
194:0 34 255 256 174 246 300 219 254
198:0 109 297|119 17 18 297|109 65|17 18 109|119 65|119 195
200:0 103 194 286
203:0 273 36 277 193 244 248 251 133
204:0 328 129|42 129
206:0 157 174 310 246 44 29 117
207:0 17 232 13
209:0 173 242 265 215 115 217 185 118
211:0 175 114 48|61 114 48
214:0 206 106|175 117|106 175
215:0 68 306 193 44 180 115 252
216:0 68 69 36 242 313 281 214 232
220:0 34 341 36 38 157 246 44 333
222:0 54 109|275 109 112 133|103 109 112|103 112 333|54 133
223:0 103 190 48|103 190 350|190 114 48
225:0 229 248 62 301 98 150
226:0 157 21 56 114|239 21 114|239 56 300|56 300 114|157 56 300|21 300 114
227:0 228 65|18 228
228:0 68 261 228 179 180 251 99 83
231:0 34 68 173 90 246 116
234:0 207 326 244 44 180 50
236:0 170 136 229 183 270
238:0 96 252|273 96
239:0 238 2 27 96|112 96
240:0 103 112|238 103 2
241:0 69 174 244 179 214 217 270 203
246:0 246 116|174 23|349 200
252:0 306 242|242 300|225 242|283 300
255:0 68 207 157 179 265 203
258:0 243 287|23 253|174 23 287|174 301
261:0 343 310 43 281 305
263:0 204 228 164 321 271
270:0 55 230|175 75 230 235|73 75 230 235|55 175
273:0 36 206 73 13 98 133
276:0 228 48 99|119 228 99 287
278:0 346 16|239 346
280:0 261 262 194 212 50
283:0 341 56 193|170 56|56 193 60
285:0 204 313 270|206 313
287:0 34 306 173 174 228 163 214
290:0 318 16|185 16
293:0 36 173 207 326 265
296:0 279 197 270|238 193 279|193 197 185 270|279 185|193 279 270
298:0 227 47|47 287|47 321
300:0 273 226 244 313 164 253 270 321
303:0 206 244 246 14 321 305
304:0 23 265|23 283
307:0 193 252|226 252
309:0 174 242 129 29 253
313:0 226 271|226 318
314:0 226 318
315:0 191 42 178
316:0 123 151|123 220
318:0 37 56
320:0 37 173 207 38 174 90 214 321
322:0 34 205 23 111 336 184
324:0 281 214 284 203
325:0 326 248 164 271
327:0 273 274 157 226 227 265 50 271
328:0 98 116|98 16
331:0 51 298
333:0 228 114 97 99
335:0 68 174 175 24 46 13
336:0 34 255 256 254
339:0 37 250
341:0 246 300|283 300
345:0 105 243 112
349:0 109 300|243 113 300|243 109 113|95 113
352:0 277 50 271
353:0 310 193 194 286 50
355:0 194 286 185 288|262 194 286|194 286 220 288|262 194 220
357:0 73 267 13|73 29|21 73 267
358:0 174 95|95 50|174 50
359:0 38 174 226 277 164 185
363:0 255 256 157 174 90 346 281 254
366:0 109 112 287|109 300 48|109 300 287
369:0 222 346 133
370:0 346 300 48
371:0 239 37 56 349 82