2:0 80 113 130 174 204 219 320 345
3:0 80 113 130 174 204 219 320 345
5:0 14 44 157 187 200 246 251 349
6:0 14 44 157 187 200 246 251 349
8:0 54 114 175 193 243 281 287 300
9:0 54 114 175 193 243 281 287 300
11:0 33 81
12:0 33 81 106
14:0 40 81
15:0 40 81 106
17:0 185 193 228 314
18:0 185 193 228 287 314
20:0 44 68 103 116 154 172 179 207 253
22:0 98 143 161 184 185 206 226 310 332
24:0 21 180 228 251 305
25:0 3 57 117 179 186 204 217 227 266 268 273 298 344
26:0 3 19 21 45 57 86 87 97 104 113 117 179 186 204 217 227 266 268 273 298 344
28:0 14 68 157 175 219 229 232 306
30:0 36 48 50 68 116 204 251
31:0 36 44 45 48 50 68 116 154 204 242 251 260 270
33:0 36 48 50 68 93 133 251
34:0 30 31 32 36 43 48 50 68 93 133 251 260 270
35:0 102 133 150 164 186 187 196 204 217 273 345
36:0 1 45 102 111 113 133 150 164 186 187 196 204 217 227 236 266 273 309 322 345
38:0 39 46 50 53 95 175 180 185 204 244 257 261 286 288 336
39:0 185 186 195 196 204 217 273 313 321
40:0 1 34 38 102 156 185 186 195 196 204 205 217 273 304 313 321
42:0 16 18 98 174 185 228
44:0 14 73 75 175 204 235 275
45:0 14 51 73 75 77 79 175 204 230 235 236 275
47:0 60 68 103 113 175 206 228 230 287
49:0 103 226 324
51:0 103 157 185 228 246 251 253
53:0 47 80 95 133 180 204 244 274
55:0 60 94 95 113 193 238 248 287 300
57:0 68 96 157 179 193 251 265 279
59:0 34 36 37 43 53 83 97 172 204 219 242 257 270 336
61:0 54 61 114 150 170 186 301 346
62:0 34 54 56 61 114 145 150 186 187 240 301 346
64:0 7 8 9 112 227 282
65:0 7 8 9 112 227 272 282
67:0 27 68 96 113 157 227 265
68:0 27 68 96 113 157 227 265
70:0 14 115 141 227 235 275 298 345
71:0 14 21 35 51 74 77 78 115 141 227 234 235 275 298 345
73:0 62 109 114 219 229 243
75:0 5 157 335
76:0 5 157 335
78:0 24 37 38 95 172 204
80:0 23 173 187 214 248 300
82:0 129
85:0 48 98 114 175 185 283
87:0 21 32 50 122 195 227 252 270 333
89:0 114 122 153 174 212 270 286 325
91:0 33 36 43 58 61 103 112 128 229 287 333
93:0 114 149 153 195 261 288 310
94:0 114 149 153 195 261 288 310
97:0 7 8 9 112 187 272 273 274
99:0 14 21 114 133 175 282
101:0 287
103:0 73 76 77 78 79 115 174 230 235 236 244 246 253 273 275
105:0 14 103 130 157 187 195 246
106:0 33 183 229 270
107:0 33 136 170 229 270
110:0 60 103 149 220 261
112:0 14 68 157 174 179 222 242 306
117:0 50 62 82 150 175 190 225
119:0 56 60 114 214 300
121:0 33 56 61 106 107 113 293 322
124:0 47 93 94 96 186 244 252 273
125:0 2 7 8 27 96 112 238
126:0 2 5 9 103 112 238
130:0 33 150 175
134:0 36 45 174 175 203 204 226 273 321
135:0 36 44 45 174 175 203 204 226 273 321
136:0 36 45 174 175 203 204 226 273 321
139:0 21 48 61 62 114 157 191
141:0 61 62 109 175 229 282
148:0 48 54 113 114 225 349
149:0 48 54 113 114 225 349
153:0 22 68 73 175 246 267 275 320 338
154:0 22 68 73 175 246 267 275 320 338
156:0 37 154 179 193 306 307 336 343
157:0 37 154 179 193 306 307 336 343
159:0 37 157 242 246 300 308 337 346
160:0 37 157 242 246 300 308 346
162:0 38 116 163 164 179 228 271 274
164:0 17 18 48 119 143 185 297
166:0 60 117 287 318
168:0 49 50 60 226 228 287 324
169:0 16 18 98 174 185 228
171:0 103 133
176:0 64 119 161 164 193 217 244 248 270
178:0 65 98 114 185 226 244 287 297
180:0 34 36 103 115 215 219 268 316
181:0 34 36 103 115 215 219 268 316
182:0 14 51 73 75 77 79 175 204 235 236 275
183:0 21 47 145 150 204 227 287 321
184:0 21 47 48 113 133 145 150 164 187 195 204 217 227 248 287 321
186:0 8 34 54 56 61 114 145 150 170 186 187 240 301 346
188:0 38 93 115 133 227 244 270
189:0 38 93 115 133 227 244 270
192:0 72 73 174 202 227 235 267 270 283 320
195:0 34 174 219 246 254 255 256 300
196:0 36 44 45 174 175 203 204 226 273 321
197:0 36 44 45 174 175 203 204 226 273 321
199:0 23 133 173 187 214 248 300
202:0 150 204 227 321
205:0 42 68 129 175 287 328
208:0 153 157 175 244 328 335
210:0 115 118 173 185 215 217 265
212:0 13 17 68 113 179 203 219 226 234 318
217:0 36 68 69 214 232 242 281 287
219:0 151 257
221:0 33 34 38 44 157 204 246 333 341
224:0 48 86 103 114 199 350
229:0 68 83 99 179 180 204 228 251 261
230:0 50 62 82 150 175 190 225
232:0 33 34 36 38 68 90 116 173 203 246
233:0 159
237:0 33 136 170 183 270
242:0 118 164 186 215 217 230 244 273 312
247:0 23 116 174 200 228 246 349
248:0 23 116 174 200 228 246 349
253:0 72 73 202 225 242 283 300 306
254:0 72 73 202 225 242 283 300 306
256:0 53 68 83 157 179 203 207 265
257:0 53 68 83 157 179 203 207 265
259:0 23 56 174 243 250 253 287 301
260:0 23 56 174 243 250 253 287 301
262:0 43 215 281 305 310 343
264:0 42 164 175 204 228 245 271 321
266:0 33 40 81
267:0 33 40 81 106
268:0 33 40 81
269:0 33 40 81 106
271:0 54 55 72 73 75 175 230 235 240
272:0 54 55 56 72 73 75 154 168 175 230 235 240 252 253 346
274:0 36 73 98 117 133 153 206 235 241 287
275:0 13 36 73 98 117 133 153 185 206 207 235 241 252 259 287 326
277:0 48 99 119 143 228 287 297
279:0 16 97 98 228 239
281:0 47 50 194 204 212 261 262 273
282:0 47 50 194 204 212 261 262 273 345
284:0 54 56 60 61 97 114 170 193 300 341
286:0 74 77 147 202 204 206 207 270 287 313
288:0 34 133 173 174 175 185 214 228 281 303 306 343
289:0 34 116 154 163 173 174 179 203 214 228 253 264 306
291:0 16 91 185 189 203 206 232 318
292:0 16 91 185 189 203 206 232 318
294:0 36 173 207 265 298 326
295:0 36 173 207 265 298 326
297:0 68 185 193 197 223 238 270 279 287
301:0 6 33 38 39 164 185 204 205 215 226 244 253 270 273 274 313 321 343
305:0 23 34 265 283
306:0 23 34 265 283
308:0 193 223 226 252
310:0 29 129 174 242 253
317:0 47 123 138 151 220
319:0 36 37 38 56 287
321:0 37 38 90 173 174 207 214 321
323:0 23 34 38 53 111 184 204 205 336
326:0 164 248 253 271 326
329:0 16 91 98 116
330:0 16 91 98 116
332:0 51 68 223 227 298 320
334:0 97 99 114 119 206 228
340:0 37 209 250
342:0 34 246 283 300 346
344:0 287
346:0 105 112 157 243
348:0 14 157 229 282
350:0 33 95 109 113 150 175 225 243 300
354:0 50 193 194 286 310
356:0 185 194 220 262 270 286 288
362:0 47 191 335
364:0 90 157 174 204 254 255 256 281 346
365:0 90 157 174 204 254 255 256 281 346
367:0 34 48 55 109 112 128 287 300 334
368:0 34 48 55 109 112 128 287 300 334
372:0 37 56 82 239 273 334 349
373:0 37 56 82 239 273 334 349
376:0 287
407:0 14 15 34 38 40 42 71 72 73 74 76 78 80 92 102 104 129 148 156 164 171 173 178 182 186 188 189 191 202 203 207 210 213 214 216 218 230 235 237 241 244 247 263 275 290 312 320 331 345
424:0 3 5 7 8 9 10 15 21 25 28 34 38 39 68 69 70 76 85 86 87 91 92 97 102 103 104 111 118 129 138 154 156 164 168 171 173 180 182 189 203 207 210 213 214 216 218 223 226 228 231 237 240 241 247 249 251 263 264 269 280 289 290 310 321 332 351 352
429:0 38 45 60 85 86 87 92 94 102 103 104 109 111 129 138 148 149 156 164 168 171 173 180 182 194 195 203 207 212 213 214 216 218 220 237 240 241 244 247 259 263 269 285 286 288 289 290 310 332 347 351
430:0 17 18 19 38 64 65 86 92 101 102 104 109 114 119 129 138 143 156 164 168 171 173 182 185 189 195 196 203 207 211 212 213 214 216 218 228 237 240 241 244 247 259 263 269 289 290 297 310 332 347
461:0 8 10 14 15 38 43 44 57 58 59 68 70 91 92 97 98 102 103 104 111 115 129 138 154 156 163 164 168 171 173 180 182 185 189 193 196 203 207 210 213 214 216 218 223 231 232 237 240 241 244 247 249 251 252 258 259 263 264 269 280 289 290 306 332 347
462:0 33 38 48 49 63 84 85 86 87 92 102 103 104 115 129 148 156 161 164 173 182 192 199 203 205 207 209 214 216 218 237 240 241 263 287 290 319 351
463:0 5 7 8 9 14 15 21 23 25 34 35 38 48 50 53 57 58 59 63 68 69 70 76 85 87 89 91 92 102 103 104 111 122 126 138 156 157 164 168 171 173 174 182 187 189 196 201 203 205 207 213 214 215 216 218 222 223 231 237 240 241 244 247 249 263 264 265 270 273 280 282 287 290 317 351 352
464:0 5 7 9 14 15 23 25 30 31 32 34 36 38 39 46 53 57 58 59 63 68 69 70 85 87 89 91 92 102 104 126 156 157 164 168 173 174 179 182 184 189 196 201 203 205 207 210 213 214 216 218 222 223 224 231 237 240 241 242 249 263 264 270 280 290 306 317 350 351
465:0 14 15 20 21 22 34 38 63 71 72 73 74 76 77 78 79 92 93 102 104 115 132 133 148 156 164 168 173 175 182 188 202 203 207 213 214 216 218 234 237 241 244 249 263 267 275 290 321 331
466:0 2 5 7 8 9 25 27 34 38 43 63 68 69 70 85 86 87 92 94 96 98 102 103 104 112 113 129 148 156 164 168 173 182 189 203 207 213 214 216 218 223 231 237 238 240 249 263 264 266 280 290 351
467:0 2 5 7 9 25 34 38 43 52 53 63 68 69 70 92 94 102 103 104 108 109 112 123 126 156 164 168 173 182 189 203 207 213 214 216 218 223 231 237 238 241 249 263 264 266 280 290
468:0 5 19 25 34 38 45 53 63 64 68 69 76 86 92 94 102 104 111 113 115 118 119 126 129 135 138 143 148 156 161 164 173 182 186 189 193 203 204 205 207 211 213 214 216 217 218 219 226 227 237 240 241 244 246 247 248 249 263 264 266 270 273 280 281 290 332 345 351 352
469:0 17 18 33 38 48 49 76 92 94 95 98 102 103 104 129 138 141 148 156 164 168 173 179 182 193 197 202 203 207 211 213 214 216 218 237 241 247 253 263 290 318 324 332
470:0 28 33 34 36 38 39 44 45 91 92 98 102 104 129 156 164 173 174 175 182 189 203 204 207 213 214 216 218 226 231 237 240 241 247 263 270 273 290 321
471:0 28 33 34 36 38 39 44 45 91 92 98 102 104 129 156 164 173 174 175 182 189 203 204 207 213 214 216 218 226 231 237 240 241 247 263 270 273 290 321
472:0 12 13 14 15 17 28 38 40 68 70 89 91 92 98 102 103 104 106 129 138 156 157 163 164 168 173 182 185 188 201 203 207 210 211 213 214 216 218 231 232 237 240 241 249 263 290 317 328 332
473:0 30 31 33 34 36 38 44 46 54 58 59 63 70 89 91 92 102 104 111 113 115 133 156 157 164 173 181 182 189 196 201 203 204 207 213 214 216 218 237 240 246 249 258 263 290 316 317 333 341
474:0 33 38 58 59 60 63 76 85 86 87 92 94 97 102 104 105 111 129 138 148 156 159 160 161 164 168 171 173 176 182 192 196 199 203 207 214 216 218 231 237 240 241 244 247 263 278 290 332 351
475:0 7 8 9 34 38 45 47 50 85 86 92 93 94 95 100 102 104 111 113 115 138 148 156 164 168 171 173 182 189 194 196 203 204 207 212 213 214 216 218 219 237 240 241 244 247 248 259 261 262 263 269 273 285 286 289 290 345 347 351
476:0 7 8 9 33 34 38 70 85 86 87 88 89 92 102 104 106 111 120 153 156 157 164 173 182 189 192 199 201 203 205 207 213 214 216 218 222 223 237 241 249 259 263 269 270 290 317 335 351
477:0 5 7 8 9 20 25 34 38 43 50 58 59 63 68 69 70 89 92 94 101 102 104 109 118 138 148 156 157 164 168 171 173 174 182 185 189 193 194 196 203 207 212 213 214 216 218 220 223 228 237 240 241 244 247 248 249 259 261 262 263 264 269 270 285 286 288 289 290 310 317 325 347
478:0 29 34 38 43 44 47 58 59 92 102 104 113 148 156 164 173 181 182 191 196 203 207 213 214 216 218 219 237 240 242 247 258 263 290 335 352
700:0 28 33 34 36 38 39 44 45 91 92 98 102 104 129 156 164 173 174 175 182 189 203 204 207 213 214 216 218 226 231 237 240 241 247 263 270 273 290 321
