0:0 5 25 34 38 68 69 86 102 138 157 164 171 196
1:0 14 34 38 102 111 164 173 189 203 207 210 214
2:0 14 34 38 102 111 164 173 189 203 207 210 214
3:0 14 34 38 102 111 164 173 189 203 207 210 214 338
4:0 5 7 14 25 34 38 68 69 102 111 129 157 164 173 189 203 207 210 214 223
5:0 5 7 14 25 34 38 68 69 102 111 129 157 164 173 189 203 207 210 214 223
6:0 5 7 14 25 34 38 68 69 102 111 129 157 164 173 189 203 207 210 214 223 307
7:0 5 8 25 34 38 68 69 102 111 164 173 189 196 203 205 207 214 223
8:0 5 8 25 34 38 68 69 102 111 164 173 189 196 203 205 207 214 223
9:0 5 8 25 34 38 68 69 102 111 164 173 189 196 203 205 207 214 223 308
12:0 38 102 129 138 164 171 173 203 207 214
15:0 14 38 102 129 164 173 203 207 210 214
16:0 38 102 129 143 164 173 189 203 207 214
17:0 38 102 129 143 164 173 189 203 207 214
18:0 38 102 129 143 164 173 189 203 207 214
19:0 34 38 68 86 102 111 129 164 173 189 196 203 207 214
20:0 34 38 68 86 102 111 129 164 173 189 196 203 207 214
21:0 38 102 129 143 164 173 189 203 207 214
22:0 38 102 129 143 164 173 189 203 207 214
23:0 34 38 102 157 164 173 203 207 214
24:0 34 38 102 157 164 173 203 207 214
25:0 5 9 25 34 38 68 69 86 102 111 129 164 173 189 203 205 207 214 223
26:0 5 9 25 34 38 68 69 86 102 111 129 164 173 189 203 205 207 214 223
27:0 14 34 38 68 69 102 111 129 157 164 173 189 203 205 207 210 214 223
28:0 14 34 38 68 69 102 111 129 157 164 173 189 203 205 207 210 214 223
29:0 34 38 68 102 111 164 173 189 203 207 214
30:0 34 38 68 102 111 164 173 189 203 207 214
31:0 5 7 8 9 25 34 38 68 69 102 111 157 164 173 189 196 203 207 210 214 223
32:0 34 38 68 102 111 164 173 189 203 207 214
33:0 34 38 68 102 111 164 173 189 203 207 214
34:0 5 7 8 9 25 34 38 68 69 102 111 157 164 173 189 196 203 207 210 214 223
35:0 5 7 8 9 25 34 38 68 69 86 102 111 118 135 138 164 171 173 189 203 205 207 214 223 244
36:0 5 7 8 9 25 34 38 68 69 86 102 111 118 135 138 164 171 173 189 203 205 207 214 223 244
37:0 34 38 102 129 164 173 203 207 214
38:0 34 38 102 129 164 173 203 207 214
39:0 5 7 8 9 25 34 38 68 69 86 102 111 138 164 171 173 189 203 205 207 214 223 244
40:0 5 7 8 9 25 34 38 68 69 86 102 111 138 164 171 173 189 203 205 207 214 223 244
41:0 38 102 129 164 173 203 207 214
42:0 38 102 129 164 173 203 207 214
43:0 14 38 102 164 173 203 207 214
44:0 14 38 102 164 173 203 207 214
45:0 14 34 38 102 164 173 203 207 214
46:0 14 34 38 68 102 164 173 203 207 210 214
47:0 14 34 38 68 102 164 173 203 207 210 214
48:0 38 102 129 164 173 203 207 214
49:0 38 102 129 164 173 203 207 214
50:0 34 38 102 157 164 173 189 203 207 214
51:0 34 38 102 157 164 173 189 203 207 214
52:0 34 38 102 111 129 138 164 171 173 189 196 203 207 214 244
53:0 34 38 102 111 129 138 164 171 173 189 196 203 207 214 244
54:0 5 8 25 34 38 68 69 102 129 164 173 189 196 203 207 214 223 244
55:0 5 8 25 34 38 68 69 102 129 164 173 189 196 203 207 210 214 223 244
56:0 5 7 8 9 25 34 38 68 69 102 111 118 129 157 164 173 189 203 207 214 223 244
57:0 5 7 8 9 25 34 38 69 102 111 118 129 157 164 173 189 203 207 214 223 244
58:0 34 38 102 129 164 173 203 207 214
59:0 34 38 102 129 164 173 203 207 214
60:0 34 38 102 111 164 173 196 203 207 214
61:0 5 8 25 34 38 68 69 102 111 118 164 173 189 196 203 207 214
62:0 5 8 25 34 38 68 69 102 111 118 164 173 189 196 203 207 214 223
63:0 5 7 8 9 25 34 38 68 69 86 102 118 138 164 171 173 203 207 214 223 244
64:0 5 7 8 9 25 34 38 68 69 86 102 118 138 164 171 173 203 207 214 223 244
65:0 5 7 8 9 25 34 38 68 69 86 102 118 138 164 171 173 203 207 214 223 244
66:0 5 7 8 9 25 34 38 68 69 102 118 157 164 173 189 203 207 214 223
67:0 5 7 8 9 25 34 38 68 69 102 118 157 164 173 189 203 207 214 223
68:0 5 7 8 9 25 34 38 68 69 102 118 157 164 173 189 203 207 214 223
69:0 14 38 102 164 173 203 207 214
70:0 14 38 102 164 173 203 207 214
71:0 14 34 38 102 164 173 203 207 214
72:0 14 38 102 164 173 196 203 207 214
73:0 14 38 102 164 173 196 203 207 214
74:0 5 7 34 38 68 69 102 111 118 120 153 157 164 173 189 203 205 207 214 223
75:0 5 7 34 38 68 69 102 111 118 120 153 157 164 173 189 203 205 207 214 223
76:0 5 7 25 34 38 68 69 102 111 118 120 153 157 164 173 189 203 205 207 210 214 223
77:0 34 38 102 129 164 173 203 207 214
78:0 34 38 102 129 164 173 203 207 214
79:0 34 38 86 102 129 138 164 171 173 189 196 203 207 214 244
80:0 5 8 25 34 38 68 69 86 102 129 138 164 171 173 189 196 203 207 210 214 223 244
81:0 38 86 102 129 164 173 203 205 207 214
82:0 38 86 102 129 164 173 203 205 207 214
83:0 14 34 38 102 129 164 173 189 203 207 214 244
84:0 34 38 102 129 143 164 173 189 203 207 214
85:0 34 38 102 129 143 164 173 189 203 207 214
86:0 34 38 102 164 173 196 203 207 214
87:0 34 38 102 164 173 196 203 207 214
88:0 7 8 9 34 102 120 153 164 173 189 203 207 214 223
89:0 7 8 9 34 102 120 153 164 173 189 203 207 214 223
90:0 38 102 120 129 153 164 173 196 203 207 214
91:0 38 102 120 129 153 164 173 196 203 207 214
92:0 102 120 138 153 164 171 173 203 207 214 244
93:0 102 120 138 153 164 171 173 203 207 214 244
94:0 5 7 8 9 25 34 38 68 69 102 118 120 138 153 164 171 173 203 207 214 223 244
95:0 34 38 102 120 153 157 164 173 189 203 207 214 244
96:0 5 7 8 9 25 34 38 68 69 86 102 118 138 164 171 173 203 207 214 223 244
97:0 5 7 8 9 25 34 38 68 69 86 102 118 138 164 171 173 203 207 214 223 244
98:0 14 34 38 102 164 173 189 196 203 207 210 214
99:0 14 34 38 102 164 173 189 196 203 207 210 214
100:0 86 102 120 129 153 164 173 203 205 207 214
101:0 86 102 120 129 153 164 173 203 205 207 214
102:0 38 102 120 138 153 164 171 173 203 205 207 214 244
103:0 38 102 120 138 153 164 171 173 203 205 207 214 244
104:0 5 7 9 14 25 34 38 68 69 102 157 164 173 189 196 203 207 214 223
105:0 5 7 9 14 25 34 38 68 69 102 157 164 173 189 196 203 207 214 223
106:0 5 25 34 38 68 69 102 118 129 157 164 173 189 203 207 214 223
107:0 5 7 8 9 25 34 38 68 69 102 118 129 157 164 173 189 203 207 214 223
108:0 5 7 8 9 14 25 34 38 68 69 102 111 138 157 164 171 173 189 196 203 205 207 214 223 244
109:0 102 120 153 164 173 203 205 207 214
110:0 102 120 153 164 173 203 205 207 214
111:0 14 34 38 68 102 157 164 173 189 196 203 205 207 214
112:0 5 7 9 14 25 34 38 68 69 102 157 164 173 189 196 203 205 207 210 214 223
113:0 5 25 34 38 68 69 86 102 111 118 135 138 164 173 189 196 203 205 207 214 223 244
114:0 14 34 38 102 164 173 203 207 214 244
115:0 5 7 8 9 25 34 38 68 69 102 157 164 173 189 196 203 207 210 214 223
116:0 38 102 129 164 173 196 203 207 214
117:0 38 102 129 164 173 196 203 207 214
118:0 38 102 129 164 173 196 203 207 214
119:0 38 102 129 164 173 196 203 207 214
120:0 38 86 102 129 164 173 196 203 207 214 244
121:0 38 86 102 129 138 164 171 173 196 203 207 214 244
122:0 5 7 8 9 25 34 38 68 69 86 102 118 138 164 171 173 189 203 207 214 244
123:0 14 38 68 102 129 164 173 203 207 210 214
124:0 5 8 25 34 38 68 69 102 118 138 164 171 173 189 196 203 207 214 223 244
125:0 5 7 8 9 25 34 38 68 69 86 102 129 164 173 189 203 207 214 223
126:0 5 7 9 25 34 38 68 69 102 164 173 189 203 207 214 223
127:0 14 34 38 69 102 157 164 173 203 207 210 214
128:0 34 38 102 164 173 196 203 207 214
130:0 34 38 86 102 164 173 196 203 207 214
131:0 34 38 102 138 164 171 173 196 203 207 214
133:0 34 38 102 129 164 173 189 203 207 214
134:0 34 38 102 129 164 173 189 196 203 207 214
135:0 34 38 86 102 129 164 173 189 203 207 214
136:0 34 38 102 129 164 173 189 203 207 214
137:0 38 86 102 129 138 164 171 173 196 203 207 214 244
138:0 34 38 102 157 164 173 196 203 205 207 214
139:0 34 38 69 102 157 164 173 196 203 205 207 214
140:0 34 38 102 157 164 173 196 203 205 207 214
141:0 14 25 34 38 69 102 157 164 173 196 203 205 207 210 214
142:0 38 102 129 143 157 164 173 203 207 214
143:0 5 7 8 9 25 34 38 68 69 102 111 118 120 157 164 173 189 196 203 205 207 214 223 244
144:0 38 102 129 143 164 173 189 196 203 207 214
145:0 38 86 102 129 143 164 173 189 203 207 214
146:0 38 102 129 143 164 173 189 203 207 214
147:0 34 38 86 102 129 164 173 196 203 207 214
148:0 34 38 86 102 129 164 173 196 203 207 214
149:0 7 8 9 34 38 86 102 129 164 173 189 196 203 207 210 214 223
150:0 5 7 8 9 25 34 38 68 69 86 102 118 120 129 138 164 171 173 189 196 203 207 214 223 244
151:0 5 7 8 9 14 25 34 38 68 69 86 102 111 118 120 129 135 138 143 153 157 164 171 173 189 196 203 205 207 210 214 223 244
152:0 14 34 38 68 102 164 173 189 203 207 214
153:0 14 34 38 68 102 164 173 189 203 207 210 214
154:0 14 34 38 68 102 164 173 189 203 207 210 214
155:0 34 38 102 111 129 164 173 189 203 205 207 214
156:0 34 38 102 111 129 164 173 189 203 205 207 210 214
157:0 5 7 9 25 34 38 68 69 102 111 129 157 164 173 189 203 205 207 210 214 223
158:0 5 8 14 25 34 38 68 69 102 157 164 173 189 196 203 207 214 223
159:0 5 8 14 25 34 38 68 69 102 157 164 173 189 196 203 207 210 214 223
160:0 5 8 14 25 34 38 68 69 102 157 164 173 189 196 203 207 210 214 223
161:0 7 8 9 34 38 102 111 129 164 173 189 203 205 207 210 214 223
162:0 7 8 9 34 38 102 111 129 164 173 189 203 205 207 210 214 223
163:0 38 102 129 138 143 164 171 173 189 203 207 214
164:0 38 102 129 138 143 164 171 173 189 203 207 214
165:0 5 8 9 14 38 102 129 164 173 203 205 207 214 223
166:0 5 8 9 14 38 102 129 164 173 203 205 207 214 223
167:0 34 38 102 164 173 203 207 214
168:0 34 38 102 164 173 203 207 214
169:0 38 102 129 164 173 203 207 214
170:0 38 86 102 164 173 203 207 214
171:0 38 86 102 164 173 203 207 214
172:0 5 25 34 38 68 69 86 102 111 129 164 173 189 203 205 207 214
173:0 5 25 34 38 68 69 86 102 111 118 135 138 164 171 173 189 196 203 205 207 214 244
174:0 5 25 34 38 68 69 86 102 111 138 164 171 173 189 196 203 205 207 214 244
175:0 5 25 34 38 68 69 86 102 111 118 129 135 138 164 173 189 203 205 207 214 244
176:0 5 25 34 38 68 69 86 102 111 118 129 135 138 143 164 173 189 203 205 207 214 244
177:0 38 86 102 129 138 143 164 171 173 203 207 214 244
178:0 38 86 102 129 138 143 164 171 173 203 207 214 244
179:0 34 38 86 102 111 129 164 173 203 207 214
180:0 5 7 9 25 34 38 68 69 86 102 111 129 164 173 203 207 214 223
181:0 5 7 9 25 34 38 68 69 86 102 111 129 164 173 203 207 214 223
182:0 14 38 102 164 173 203 207 214
183:0 5 8 25 34 38 69 102 111 129 164 173 189 196 203 205 207 214 223
184:0 5 8 25 34 38 69 102 111 129 164 173 189 196 203 205 207 214 223
185:0 5 7 8 9 25 34 38 68 69 102 111 120 153 157 164 173 189 203 205 207 214 223 244
186:0 5 25 34 38 68 69 102 111 118 164 173 189 196 203 207 214 223
187:0 14 38 102 111 164 173 203 207 214
188:0 14 38 102 111 164 173 203 207 214
189:0 14 38 102 111 164 173 203 207 214
190:0 5 7 8 9 25 34 38 68 69 86 102 111 118 129 138 164 171 173 189 203 207 210 214 223
191:0 14 38 102 164 173 203 207 214
192:0 14 38 102 164 173 203 207 214
193:0 38 102 129 138 164 173 203 207 214
194:0 8 34 38 102 111 164 173 189 203 205 207 214 223
195:0 5 8 25 34 38 68 69 102 111 164 173 189 203 205 207 214 223
196:0 34 38 102 129 138 164 171 173 189 203 207 214 244
197:0 34 38 102 129 138 164 171 173 189 203 207 214 244
198:0 38 86 102 129 138 143 164 171 173 189 196 203 207 214 244
199:0 5 8 25 34 38 68 69 86 102 129 138 164 171 173 189 196 203 207 210 214 223 244
200:0 38 86 102 111 129 138 164 171 173 203 207 214 244
203:0 34 38 86 102 129 138 164 171 173 189 203 207 214 244
204:0 34 38 68 102 111 120 153 157 164 173 203 205 207 214
205:0 34 38 68 102 111 120 153 157 164 173 203 205 207 214
206:0 34 38 68 86 102 111 138 157 164 171 173 189 203 205 207 214 244
207:0 14 38 68 102 129 138 157 164 173 203 207 210 214
208:0 34 38 102 111 120 153 157 164 173 189 203 205 207 214
209:0 5 7 8 9 25 34 38 68 69 86 102 111 118 164 173 189 203 207 214 223
210:0 5 7 8 9 25 34 38 68 69 86 102 111 118 157 164 173 189 203 207 214 223
211:0 14 38 86 102 111 120 129 164 173 196 203 205 207 214
212:0 14 38 68 102 129 164 173 203 207 210 214
213:0 34 38 102 111 157 164 173 189 203 205 207 214
214:0 14 34 38 68 69 102 157 164 173 203 207 210 214
215:0 8 14 38 68 102 111 129 138 164 171 173 189 196 203 207 210 214 223 244
216:0 5 7 8 9 14 25 34 38 68 69 102 111 118 129 164 173 189 203 205 207 210 214 223
217:0 5 7 8 9 14 25 34 38 68 69 102 111 118 129 157 164 173 189 203 205 207 210 214 223
218:0 34 38 102 111 120 157 164 173 189 203 205 207 214
219:0 34 38 102 111 120 157 164 173 189 203 205 207 214
220:0 34 38 102 111 157 164 173 189 196 203 207 214
221:0 34 38 102 111 157 164 173 189 196 203 207 214
222:0 34 38 102 111 120 153 157 164 173 189 203 205 207 214
223:0 38 86 102 111 129 164 173 189 203 207 214
224:0 38 69 86 102 111 129 164 173 189 203 207 214
225:0 5 25 34 38 68 69 102 129 143 164 173 189 196 203 207 214
226:0 34 38 102 129 164 173 189 196 203 207 214
227:0 38 68 102 129 143 157 164 173 189 203 207 214
228:0 34 38 68 102 129 138 164 171 173 189 203 207 214
229:0 34 38 68 102 129 138 164 171 173 189 203 207 214
230:0 34 38 102 129 164 173 196 203 207 214
231:0 34 38 68 102 111 164 173 189 203 205 207 214
232:0 34 38 68 102 111 157 164 173 189 203 205 207 214
233:0 38 86 102 111 129 138 164 171 173 196 203 207 214 244
234:0 34 38 86 102 129 138 164 171 173 189 203 207 214 244
236:0 25 34 38 68 69 102 129 157 164 173 189 203 207 214
237:0 25 34 38 68 69 102 129 157 164 173 189 203 207 214
238:0 5 8 25 34 38 68 69 102 118 138 164 171 173 189 196 203 207 214 223 244
239:0 5 7 8 9 25 34 38 68 69 86 102 129 164 173 189 203 207 214 223
240:0 5 7 9 25 34 38 68 69 102 164 173 189 203 207 214 223
241:0 5 7 8 9 25 34 38 68 69 86 102 111 118 157 164 173 189 196 203 205 207 214 223 244
242:0 5 25 34 38 68 69 86 102 111 118 135 138 164 173 189 196 203 205 207 214 223
243:0 34 38 86 102 129 164 173 189 203 207 214 244
244:0 34 38 102 129 164 173 189 203 207 214 244
245:0 34 38 102 129 164 173 189 196 203 207 214 244
246:0 34 38 102 157 164 173 189 203 207 214
247:0 34 38 102 157 164 173 189 203 207 214
248:0 5 7 25 34 38 68 69 86 102 157 164 171 173 189 203 207 210 214 223
249:0 34 38 86 102 129 138 164 171 173 189 196 203 207 214 244
250:0 38 86 102 129 138 143 164 171 173 189 203 207 214 244
251:0 14 38 102 111 118 129 138 164 171 173 189 203 207 214 244
252:0 5 9 14 25 34 38 68 69 102 129 164 173 189 203 207 210 214 223
253:0 5 9 14 25 34 38 68 69 102 129 164 173 189 203 207 210 214 223
254:0 5 9 14 25 34 38 68 69 102 129 164 173 189 203 207 210 214 223
255:0 5 14 25 34 38 68 69 102 129 157 164 173 189 203 207 214
256:0 5 7 9 14 25 34 38 68 69 102 129 157 164 173 189 203 207 210 214 223
257:0 5 7 9 14 25 34 38 68 69 102 129 157 164 173 189 203 207 210 214 223
258:0 34 38 102 111 164 173 189 196 203 205 207 214
259:0 5 8 25 34 38 68 69 102 111 157 164 173 189 196 203 205 207 214 223
260:0 5 8 25 34 38 68 69 102 111 157 164 173 189 196 203 205 207 214 223
261:0 34 38 68 102 164 173 189 203 207 214 244
262:0 34 38 68 102 164 173 189 203 207 214 244
263:0 34 38 86 102 111 129 164 173 189 196 203 205 207 210 214
264:0 34 38 86 102 111 129 164 173 189 196 203 205 207 210 214
267:0 38 102 129 164 173 203 207 214
269:0 38 102 129 164 173 203 207 214
270:0 14 34 38 102 164 173 196 203 207 214
271:0 7 8 9 14 34 38 102 164 173 189 196 203 207 214 223
272:0 5 7 8 9 14 25 34 38 68 69 102 118 164 173 189 196 203 207 214 223
273:0 14 34 38 102 111 120 153 164 173 203 205 207 214
274:0 14 25 34 38 102 111 120 129 153 164 173 189 203 205 207 210 214 244
275:0 14 25 34 38 102 111 120 129 153 164 173 189 203 205 207 210 214 244
276:0 38 68 102 129 143 164 173 189 203 207 214
277:0 38 68 102 129 143 164 173 189 203 207 214
278:0 38 102 129 143 164 173 189 196 203 207 214
279:0 38 102 129 143 164 173 189 196 203 207 214
280:0 7 8 9 34 38 86 102 111 138 164 171 173 189 196 203 207 214 244
281:0 7 8 9 34 38 86 102 111 138 164 171 173 189 196 203 207 214 244
282:0 7 8 9 34 38 86 102 111 138 164 171 173 189 196 203 207 214 244
283:0 38 102 129 164 173 196 203 207 214 244
284:0 38 102 129 164 171 173 196 203 207 214 244
285:0 14 34 38 102 164 173 203 207 214
286:0 5 9 14 25 34 38 68 69 102 164 173 189 203 207 210 214 223
287:0 5 7 8 9 25 34 38 68 69 102 157 164 173 189 196 203 207 210 214 223
288:0 5 7 8 9 25 34 38 68 69 102 157 164 173 189 196 203 207 210 214 223
289:0 5 7 8 9 25 34 38 68 69 102 157 164 173 189 196 203 207 210 214 223
290:0 38 102 164 173 189 203 207 210 214
291:0 14 38 102 129 164 173 189 203 207 210 214
292:0 38 102 138 164 171 173 189 203 207 210 214
293:0 5 7 8 9 25 34 38 68 69 102 111 164 173 189 196 203 205 207 214 223 244
294:0 5 7 8 9 25 34 38 68 69 102 111 157 164 173 189 196 203 205 207 214 223 244
295:0 5 7 8 9 25 34 38 68 69 102 111 157 164 173 189 196 203 205 207 214 223 244
296:0 5 7 8 9 25 34 38 68 69 102 118 157 164 173 189 203 207 214 223
297:0 5 7 8 9 25 34 38 68 69 102 118 157 164 173 189 203 207 214 223
298:0 34 38 102 111 129 164 173 189 196 203 205 207 214
299:0 7 8 9 34 38 86 102 111 120 153 157 164 173 189 203 205 207 214 223
300:0 34 38 86 102 111 129 138 164 173 189 196 203 205 207 214 244
301:0 34 38 86 102 111 129 138 164 173 189 196 203 205 207 214 244
302:0 5 7 8 9 25 34 38 68 69 102 118 138 164 171 173 189 203 207 210 214 223 244
303:0 5 8 9 14 25 34 38 68 69 102 157 164 173 189 196 203 207 214 223 244
304:0 34 38 102 111 157 164 173 189 203 205 207 210 214
305:0 34 38 102 111 157 164 173 189 203 205 207 210 214
306:0 5 7 8 9 25 34 38 68 69 86 102 111 157 164 173 189 196 203 205 207 210 214 223
307:0 5 7 8 9 25 34 38 68 69 102 118 129 138 164 173 189 203 207 214 223 244
308:0 5 7 8 9 25 34 38 68 69 102 118 129 138 157 164 173 189 203 207 214 223 244
309:0 34 38 86 102 129 164 173 189 203 207 214
310:0 34 38 86 102 129 164 173 189 203 207 214
311:0 5 9 25 34 38 68 69 86 102 111 118 129 164 173 189 203 205 207 214 223
312:0 5 9 25 34 38 68 69 86 102 111 118 129 164 173 189 203 205 207 214 223
313:0 5 8 9 25 34 38 68 69 86 102 118 129 164 173 189 203 207 214 223 244
314:0 5 8 9 25 34 38 68 69 86 102 118 129 164 173 189 203 207 214 223 244
315:0 14 34 38 102 129 164 171 173 189 203 207 210 214 244
316:0 7 8 9 34 38 68 102 111 120 138 153 164 171 173 189 203 205 207 214 223
317:0 7 8 9 34 38 68 102 111 120 138 153 164 171 173 189 203 205 207 214 223
318:0 38 102 129 164 173 189 196 203 207 210 214
319:0 38 102 129 164 173 189 196 203 207 210 214
320:0 34 38 102 111 120 164 173 196 203 205 207 214
321:0 34 38 102 111 120 164 173 196 203 205 207 214
322:0 34 38 102 111 157 164 173 189 203 205 207 214
323:0 34 38 102 111 120 153 157 164 173 189 203 205 207 214
324:0 34 38 102 120 153 157 164 173 189 203 207 214
325:0 34 38 102 129 138 164 173 196 203 207 214 244
326:0 5 7 8 9 25 34 38 68 69 102 129 138 164 173 189 196 203 207 214 223 244
327:0 5 7 8 9 25 34 38 68 69 102 111 118 129 138 157 164 171 173 189 196 203 205 207 214 223 244
328:0 34 38 102 157 164 173 189 203 207 214
329:0 34 38 102 129 157 164 173 189 203 207 214
330:0 7 34 38 102 129 157 164 173 189 203 207 210 214
331:0 5 9 14 34 38 68 69 102 164 173 189 203 207 210 214 223
332:0 5 9 14 25 34 38 68 69 102 164 173 189 203 207 210 214 223
333:0 34 38 102 129 138 143 164 173 189 203 207 214 244
334:0 34 38 102 129 138 143 164 173 189 203 207 214 244
335:0 5 7 8 9 14 25 34 38 68 69 86 102 111 129 157 164 173 189 196 203 205 207 210 214 223
336:0 34 38 102 129 164 173 189 203 207 210 214
337:0 34 38 102 111 120 129 138 153 157 164 173 203 205 207 214 244
338:0 34 38 102 111 120 129 138 153 157 164 173 203 205 207 214 244
339:0 38 102 164 173 189 196 203 207 214
340:0 38 102 157 164 173 189 196 203 207 214
341:0 14 34 38 68 102 164 173 189 196 203 207 210 214
342:0 14 34 38 68 102 129 164 173 189 196 203 207 210 214
343:0 38 102 120 138 153 157 164 173 189 203 207 214 244
344:0 38 102 120 138 153 157 164 173 189 203 207 214 244
345:0 34 38 102 157 164 173 189 203 207 214 244
346:0 34 38 102 157 164 173 189 203 207 214 244
347:0 14 34 38 102 157 164 173 189 203 207 210 214
348:0 14 34 38 69 102 157 164 173 189 203 207 210 214
349:0 38 102 129 164 173 196 203 207 214
350:0 34 38 102 129 164 173 189 196 203 207 214 244
351:0 34 38 86 102 111 129 164 173 196 203 207 214 244
352:0 5 7 8 9 25 34 38 68 69 86 102 111 118 129 157 164 173 189 196 203 205 207 210 214 223 244
353:0 34 38 86 102 138 164 171 173 196 203 207 214 244
354:0 34 38 86 102 118 138 164 171 173 189 196 203 207 214 244
355:0 34 38 102 138 164 171 173 196 203 207 214 244
356:0 5 7 8 9 25 34 38 68 69 102 118 138 157 164 171 173 189 196 203 207 214 223 244
357:0 14 34 38 102 164 173 189 203 207 210 214
358:0 38 102 111 138 164 171 173 196 203 205 207 214 244
359:0 14 34 38 68 86 102 129 138 157 164 171 173 189 196 203 207 210 214 244
361:0 34 38 102 164 173 196 203 207 214
362:0 34 38 102 111 120 153 164 173 196 203 205 207 214
363:0 34 38 102 111 157 164 173 189 196 203 205 207 214
364:0 34 38 102 111 157 164 173 189 196 203 205 207 214
365:0 34 38 102 111 157 164 173 189 196 203 205 207 214
366:0 34 38 102 164 173 196 203 207 214
367:0 34 38 102 129 164 173 189 196 203 207 214
368:0 34 38 102 129 164 173 189 196 203 207 214
369:0 34 38 102 157 164 173 189 196 203 207 214 244
370:0 38 102 129 164 173 196 203 207 214 244
371:0 34 38 102 157 164 173 189 203 207 210 214
372:0 34 38 102 111 157 164 173 189 203 205 207 210 214
373:0 34 38 102 111 129 157 164 173 189 203 205 207 210 214
375:0 8 9 34 38 102 111 120 129 153 157 164 173 189 196 203 205 207 210 214 223 244
376:0 8 9 34 38 102 111 120 129 153 157 164 173 189 196 203 205 207 210 214 223 244
377:0 5 7 8 9 25 34 38 68 69 86 102 111 120 153 157 164 173 189 203 205 207 214 223 244
378:0 5 8 9 25 34 38 68 69 86 102 111 120 153 157 164 173 189 196 203 205 207 214 223 244
379:0 5 8 9 25 34 38 68 69 86 102 111 120 153 157 164 173 189 203 205 207 214 223 244
380:0 34 38 86 102 129 138 164 173 189 196 203 207 210 214 244
381:0 34 38 86 102 129 138 164 173 189 196 203 207 210 214 244
382:0 34 38 86 102 111 129 157 164 173 189 196 203 207 214 244
383:0 5 7 9 14 25 34 38 68 69 86 102 111 129 157 164 173 189 203 205 207 210 214 223 244
384:0 34 38 86 102 129 157 164 173 189 196 203 207 210 214 244
385:0 7 8 9 34 38 86 102 111 118 129 138 164 171 173 189 196 203 207 214 223 244
386:0 5 7 8 9 25 34 38 68 69 86 102 129 138 157 164 171 173 189 196 203 207 214 223 244
