0 101
1 100
2 100
3 85
4 85
5 85
6 100
7 100
8 100
9 100
10 100
11 100
12 30
13 100
14 101
15 95
16 100
17 100
18 100
19 95
20 75
21 75
22 100
23 100
24 100
25 75
26 95
27 85
28 100
29 100
30 100
31 85
32 30
33 95
34 100
35 85
36 85
37 100
38 100
39 100
40 100
41 100
42 85
43 100
44 100
45 100
46 100
47 55
48 55
49 90
50 55
51 100
52 100
53 100
54 101
55 100
56 80
57 100
58 100
59 90
60 100
61 100
62 100
63 90
64 100
65 100
66 80
67 90
68 100
69 100
70 100
71 100
72 100
73 90
74 101
75 95
76 100
77 75
78 75
79 75
80 100
81 95
82 100
83 70
84 100
85 100
86 100
87 70
88 65
89 100
90 30
91 100
92 85
93 100
94 100
95 60
96 101
97 101
98 100
99 100
100 101
101 100
102 101
103 85
104 101
105 101
106 101
107 101
108 100
109 100
110 101
111 101
112 101
113 101
114 101
115 101
116 101
117 101
118 101
119 101
120 100
121 75
122 100
123 70
124 100
125 85
126 85
127 100
128 75
129 101
130 100
131 100
132 100
133 101
134 80
135 101
136 90
137 75
138 100
139 55
140 85
141 100
142 75
143 90
144 101
145 100
146 100
147 100
148 70
149 80
150 101
151 101
152 85
153 100
154 80
155 90
156 101
157 90
158 90
159 101
160 101
161 100
162 90
163 100
164 101
165 101
