0 0
1 73
2 73
3 73
4 201
5 201
6 72
7 201
8 201
9 201
10 73
11 73
12 73
13 74
14 32
15 73
16 2120
17 2121
18 8264
19 2635
20 73
21 73
22 73
23 73
24 73
25 73
26 585
27 73
28 88
29 73
30 73
31 73
32 73
33 73
34 73
35 73
36 73
37 73
38 73
39 88
40 72
41 72
42 72
43 88
44 73
45 344
46 8520
47 344
48 344
49 72
50 8264
51 72
52 72
53 72
54 32
55 72
56 72
57 72
58 72
59 72
60 72
61 72
62 72
63 76
64 2121
65 2121
66 73
67 73
68 1
69 73
70 73
71 72
72 72
73 88
74 32
75 72
76 74
77 88
78 88
79 88
80 73
81 88
82 72
83 72
84 72
85 72
86 88
87 72
88 72
89 72
90 72
91 75
92 88
93 72
94 72
95 88
96 32
97 32
98 73
99 73
101 72
102 8200
103 344
104 32
105 4128
106 32
107 32
108 88
109 88
110 32
111 32
112 32
113 32
115 32
116 32
117 9
120 72
121 72
122 73
123 72
124 72
125 72
126 72
127 73
128 73
129 72
130 75
131 72
132 73
133 32
134 88
135 4128
136 585
137 88
138 72
139 88
140 72
141 73
142 88
143 2122
145 72
146 201
147 88
148 88
149 72
150 512
151 32
152 73
153 72
154 73
155 72
156 4128
157 72
158 73
159 32
161 72
162 73
163 73
164 32
165 9
