0 0
1 40
2 50
3 15
4 18
5 80
6 40
7 75
8 75
9 75
10 40
11 55
12 1
13 80
14 0
15 50
16 40
17 35
18 0
19 70
20 15
21 80
22 35
23 65
24 30
25 120
26 70
27 60
28 0
29 70
30 65
31 15
32 1
33 35
34 85
35 15
36 90
37 90
38 100
39 0
40 15
41 25
42 14
43 0
44 60
45 0
46 0
47 0
48 0
49 1
50 0
51 40
52 40
53 95
54 0
55 40
56 120
57 95
58 95
59 120
60 65
61 65
62 65
63 150
64 35
65 80
66 80
67 50
68 1
69 1
70 80
71 20
72 40
73 0
74 0
75 55
76 120
77 0
78 0
79 0
80 70
81 0
82 1
83 15
84 40
85 95
86 0
87 120
88 50
89 100
90 1
91 100
92 0
93 50
94 90
95 0
96 0
97 0
98 40
99 20
100 0
101 1
102 0
103 0
104 0
105 0
106 0
107 0
108 0
109 0
110 0
111 0
112 0
113 0
114 0
115 0
116 0
117 1
118 0
119 0
120 130
121 100
122 20
123 20
124 65
125 65
126 120
127 80
128 35
129 60
130 100
131 20
132 10
133 0
134 0
135 0
136 85
137 0
138 100
139 0
140 15
141 20
142 0
143 140
144 0
145 20
146 70
147 0
148 0
149 1
150 0
151 0
152 90
153 170
154 18
155 50
156 0
157 75
158 80
159 0
160 0
161 80
162 1
163 70
164 0
165 50
