0 0
1 0
2 0
3 0
4 0
5 0
6 0
7 0
8 0
9 0
10 0
11 0
12 0
13 5
14 7
15 0
16 0
17 0
18 0
19 0
20 0
21 0
22 0
23 0
24 0
25 0
26 0
27 0
28 0
29 0
30 0
31 0
32 0
33 0
34 0
35 0
36 0
37 9
38 0
39 5
40 0
41 0
42 0
43 5
44 0
45 5
46 0
47 0
48 0
49 0
50 0
51 5
52 0
53 0
54 12
55 0
56 0
57 5
58 0
59 5
60 0
61 0
62 0
63 0
64 0
65 0
66 0
67 0
68 13
69 0
70 0
71 0
72 0
73 0
74 7
75 5
76 0
77 0
78 0
79 0
80 9
81 5
82 0
83 0
84 0
85 0
86 0
87 0
88 0
89 4
90 0
91 0
92 0
93 0
94 0
95 0
96 7
97 7
98 0
99 0
100 7
101 0
102 0
103 0
104 7
105 7
106 7
107 7
108 0
109 0
110 7
111 7
112 7
113 12
114 10
115 12
116 7
117 7
118 7
119 0
120 4
121 0
122 0
123 0
124 0
125 0
126 0
127 0
128 0
129 5
130 0
131 0
132 0
133 7
134 0
135 7
136 0
137 0
138 0
139 0
140 0
141 0
142 0
143 0
144 0
145 5
146 0
147 0
148 0
149 0
150 7
151 7
152 0
153 4
154 0
155 0
156 7
157 5
158 0
159 7
160 0
161 0
162 0
163 0
164 7
165 0
