0 0
1 0
2 0
3 0
4 0
5 0
6 0
7 1
8 1
9 1
10 0
11 0
12 0
13 0
14 0
15 0
16 0
17 0
18 0
19 0
20 4
21 0
22 0
23 0
24 0
25 0
26 0
27 0
28 0
29 0
30 0
31 0
32 0
33 0
34 1
35 4
36 0
37 0
38 0
39 0
40 1
41 1
42 0
43 0
44 0
45 0
46 0
47 2
48 2
49 0
50 2
51 0
52 1
53 1
54 0
55 0
56 0
57 0
58 1
59 1
60 2
61 0
62 0
63 0
64 0
65 0
66 0
67 0
68 0
69 0
70 0
71 0
72 0
73 1
74 0
75 0
76 0
77 1
78 1
79 2
80 0
81 0
82 0
83 4
84 1
85 1
86 1
87 1
88 0
89 0
90 0
91 0
92 1
93 2
94 0
95 2
96 0
97 0
98 0
99 0
100 0
101 0
102 0
103 0
104 0
105 0
106 0
107 0
108 0
109 2
110 0
111 0
112 0
113 0
114 0
115 0
116 0
117 0
118 0
119 0
120 0
121 0
122 1
123 1
124 1
125 0
126 1
127 0
128 4
129 0
130 0
131 0
132 0
133 0
134 0
135 0
136 0
137 1
138 0
139 1
140 0
141 0
142 2
143 0
144 0
145 0
146 0
147 2
148 0
149 0
150 0
151 0
152 0
153 0
154 0
155 0
156 0
157 0
158 0
159 0
160 0
161 0
162 0
163 0
164 0
165 0
