0 0
1 0
2 0
3 0
4 0
5 0
6 0
7 0
8 0
9 0
10 0
11 0
12 0
13 0
14 131072
15 0
16 0
17 0
18 0
19 0
20 0
21 0
22 0
23 0
24 0
25 0
26 0
27 0
28 16711680
29 0
30 0
31 0
32 0
33 0
34 0
35 0
36 0
37 0
38 0
39 16711680
40 0
41 0
42 0
43 16711680
44 0
45 16711680
46 0
47 0
48 0
49 0
50 0
51 16711680
52 0
53 0
54 0
55 0
56 0
57 0
58 0
59 0
60 0
61 16711680
62 16711680
63 0
64 0
65 0
66 0
67 0
68 0
69 0
70 0
71 0
72 0
73 0
74 65536
75 0
76 0
77 0
78 0
79 0
80 0
81 16711680
82 0
83 0
84 0
85 0
86 0
87 0
88 0
89 0
90 0
91 0
92 0
93 0
94 16711680
95 0
96 65536
97 131072
98 0
99 0
100 0
101 0
102 0
103 16646144
104 65536
105 0
106 65536
107 65536
108 16711680
109 0
110 65536
111 65536
112 131072
113 0
114 0
115 0
116 0
117 0
118 0
119 0
120 0
121 0
122 0
123 0
124 0
125 0
126 0
127 0
128 0
129 0
130 0
131 0
132 16711680
133 131072
134 16711680
135 0
136 0
137 0
138 0
139 0
140 0
141 0
142 0
143 0
144 0
145 16711680
146 0
147 0
148 16711680
149 0
150 0
151 131072
152 0
153 0
154 0
155 0
156 0
157 0
158 0
159 65536
160 0
161 0
162 0
163 0
164 0
165 0
166 0
167 0
168 0
169 0
170 0
171 0
172 0
173 0
174 0
175 0
176 0
177 0
178 16646144
179 0
180 0
181 0
182 0
183 0
184 16646144
185 0
186 0
187 0
188 0
189 16711680
190 16711680
191 0
192 0
193 0
194 0
195 0
196 16711680
197 0
198 0
199 0
200 0
201 0
202 0
203 0
204 16646144
205 0
206 0
207 131072
208 0
209 0
210 0
211 65536
212 0
213 0
214 0
215 0
216 0
217 0
218 0
219 0
220 0
221 0
222 0
223 0
224 0
225 0
226 0
227 0
228 0
229 0
230 16711680
231 16711680
232 65536
233 0
234 0
235 0
236 0
237 0
238 0
239 0
240 0
241 0
242 16711680
243 0
244 0
245 0
246 65536
247 16711680
248 0
249 16711680
250 0
251 0
252 0
253 0
254 0
255 0
256 0
257 0
258 0
259 0
260 65536
261 0
262 0
263 0
264 0
265 0
266 0
267 0
268 65536
269 0
270 0
271 0
272 0
273 0
274 0
275 0
276 16776960
277 0
278 0
279 0
280 0
281 0
282 0
283 0
284 0
285 0
286 0
287 0
288 0
289 0
290 0
291 0
292 0
293 0
294 131072
295 16711680
296 16711680
297 16646144
298 0
299 0
300 0
301 0
302 0
303 0
304 0
305 0
306 16711680
307 0
308 0
309 65536
310 0
311 0
312 0
313 16646144
314 0
315 16646144
316 0
317 16711680
318 65536
319 16646144
320 0
321 16776960
322 65792
323 0
324 0
325 0
326 0
327 0
328 0
329 0
330 16711680
331 0
332 0
333 0
334 131072
335 0
336 65536
337 0
338 0
339 65792
340 0
341 16711680
342 0
343 0
344 0
345 0
346 0
347 65792
348 0
349 65792
350 0
351 0
352 0
353 0
354 16646144
355 0
356 0
357 0
358 0
359 16711680
360 0
361 0
362 0
363 0
364 0
365 0
366 0
367 0
368 0
369 0
370 16776960
371 0
372 0
373 0
374 0
375 0
376 0
377 0
378 0
379 0
380 0
381 0
382 0
383 0
384 0
385 0
386 0
387 0
388 0
389 0
390 0
391 0
392 0
393 0
394 0
395 0
396 0
397 131072
398 0
399 0
400 0
401 0
402 0
403 0
404 0
405 16711680
406 0
407 0
408 0
409 0
410 0
411 16711680
412 16711680
413 0
414 16711680
415 0
416 0
417 131072
418 0
419 0
420 0
421 0
422 0
423 0
424 0
425 0
426 16711680
427 0
428 0
429 16711680
430 16711680
431 0
432 0
433 0
434 16646144
435 0
436 0
437 16646144
438 0
439 0
440 0
441 0
442 0
443 0
444 0
445 16646144
446 0
447 0
448 0
449 0
450 0
451 65536
452 0
453 0
454 0
455 65792
456 0
457 0
458 0
459 0
460 0
461 0
462 0
463 0
464 0
465 16646144
466 65536
467 0
468 65792
469 0
470 0
471 0
472 0
473 0
474 0
475 131072
476 0
477 0
478 0
479 0
480 0
481 0
482 0
483 65793
484 0
485 0
486 0
487 0
488 65536
489 65793
490 16711680
491 16646144
492 0
493 0
494 0
495 0
496 0
497 0
498 0
499 0
500 0
501 0
502 0
503 0
504 0
505 0
506 0
507 0
508 131328
509 0
510 0
511 0
512 0
513 0
514 0
515 0
516 0
517 0
518 0
519 0
520 0
521 0
522 16711680
523 16711680
524 0
525 0
526 65792
527 16711680
528 0
529 0
530 0
531 0
532 0
533 0
534 16711680
535 0
536 16711680
537 0
538 196608
539 16711680
540 0
541 0
542 0
543 0
544 0
545 0
546 0
547 0
548 0
549 16711680
550 0
551 0
552 65536
553 0
554 0
555 16711680
556 0
557 16777215
558 0
559 0
