0 17
1 0
2 0
3 0
4 0
5 0
6 0
7 9
8 14
9 12
10 0
11 0
12 0
13 0
14 0
15 0
16 0
17 2
18 0
19 2
20 0
21 0
22 11
23 0
24 1
25 0
26 1
27 1
28 0
29 0
30 0
31 0
32 0
33 0
34 0
35 0
36 0
37 0
38 0
39 0
40 3
41 6
42 6
43 0
44 0
45 0
46 0
47 0
48 0
49 0
50 0
51 3
52 9
53 9
54 14
55 10
56 10
57 10
58 14
59 14
60 13
61 10
62 14
63 0
64 2
65 2
66 1
67 1
68 1
69 1
70 0
71 11
72 11
73 11
74 0
75 11
76 11
77 3
78 11
79 11
80 11
81 6
82 15
83 9
84 12
85 12
86 12
87 12
88 5
89 4
90 4
91 4
92 3
93 13
94 13
95 13
96 13
97 13
98 0
99 0
100 13
101 7
102 0
103 0
104 0
105 0
106 0
107 0
108 0
109 7
110 10
111 0
112 13
113 13
114 14
115 13
116 0
117 0
118 0
119 2
120 0
121 0
122 7
123 3
124 3
125 4
126 9
127 10
128 10
129 0
130 0
131 0
132 0
133 13
134 13
135 0
136 1
137 0
138 13
139 3
140 0
141 6
142 0
143 2
144 0
145 10
146 0
147 11
148 0
149 13
150 0
151 3
152 10
153 0
154 0
155 4
156 13
157 5
158 0
159 0
160 0
161 0
162 0
163 0
164 0
165 17
