0 2 2 2 2 2 1 2 0 1 2 2 2 2 2 2 2 2 2 2
1 4 2 1 1 2 4 1 0 4 2 2 2 2 1 4 2 4 2 2
2 2 4 2 2 2 1 4 2 1 2 2 4 1 2 2 2 2 2 2
3 2 2 2 1 1 1 4 1 0 2 2 4 2 2 2 2 2 2 2
4 2 2 0 4 2 4 1 2 4 4 2 1 4 2 2 2 2 2 2
5 2 1 4 2 1 2 4 2 1 4 2 2 2 2 4 2 2 2 2
6 2 1 1 4 2 2 2 2 1 1 2 4 2 4 2 2 4 2 2
7 0 2 2 2 2 2 2 4 1 2 2 2 2 2 2 2 1 2 2
8 2 2 2 2 2 4 2 2 1 1 1 2 1 2 4 2 2 2 2
9 2 2 2 2 2 1 4 2 4 1 1 4 2 2 4 1 2 2 2
10 2 2 2 2 4 4 2 2 2 4 1 1 2 2 2 1 2 2 2
11 2 2 1 1 4 4 1 2 1 1 4 1 2 2 2 1 2 2 2
12 2 2 4 2 0 2 2 2 2 2 4 1 1 2 2 1 2 2 2
13 2 4 2 4 2 2 2 2 1 2 2 2 2 1 2 2 0 2 2
14 2 2 4 2 4 2 2 2 1 2 1 4 2 2 1 4 2 2 2
15 2 2 2 2 2 2 2 2 1 2 2 2 2 2 2 4 2 2 2
16 2 1 2 2 2 2 2 4 1 2 2 2 2 4 2 2 1 2 2
17 2 2 2 2 2 2 2 2 2 2 2 2 2 2 2 2 2 2 2
18 2 2 2 2 2 2 2 2 2 2 2 2 2 2 2 2 2 2 2
