11:0 33 81
12:0 33 81 106
14:0 40 81
15:0 40 81 106
26:0 21 39 57 97 98 113
31:0 40 44 45 154
34:0 31 43 116
36:0 1 45 111 113
38:0 53 83 109
40:0 1
45:0 71
59:0 44 53 97
62:0 56 133 145
71:0 21 22 74
91:0 33 43
103:0 73 77 78 79
105:0 45
121:0 56 105 107 113
130:0 150
134:0 45 116
135:0 44 45 116
136:0 45 116
169:0 17 44 48 103 109 114 141
182:0 51 71 76 77 78 79 80
186:0 3 34 55 56 95 133 145
196:0 28 33 36 39 44 45 98 116
197:0 28 33 36 39 44 45 98 116
199:0 29 45 50 55 93 94 133
208:0 20 21 33 88 99 103 106
212:0 14 17 43 97 98 104 116 163
230:0 43 55 56 97 108 145
233:0 33 60 97 105 159 160 161
242:0 1 3 38 39 45 47 107 111 113
462:0 33 48 49 84 86 103 129
463:0 21 23 35 48 50 103 111
464:0 23 30 31 32 36 39 43
465:0 20 21 22 71 74 77 78 79 132
466:0 9 43 84 87 98 103 113
467:0 7 43 52 53 108 109 123
470:0 28 33 36 39 44 45 98 116
471:0 28 33 36 39 44 45 98 116
474:0 33 60 97 105 159 160 161
