1:0 22 33 45 73 74 75 76 77 79
2:0 22 33 45 73 74 75 76 77 79
3:0 22 33 45 73 74 75 76 77 79
4:0 10 43 45 52 53 83 99 163
5:0 10 43 45 52 53 83 99 163
6:0 10 43 45 52 53 83 99 163
7:0 33 39 44 55 56 110 130 145
8:0 33 39 44 55 56 110 130 145
9:0 33 39 44 55 56 110 130 145
10:0 33 81
11:0 106
12:0 16 18 48 60 77 78 79 93
13:0 40 81
14:0 106
15:0 31 41 42 97 99 116
16:0 16 17 18 28 97 98 119
17:0 16 17 18 28 97 98 119
18:0 16 17 18 28 97 98 119
19:0 33 39 98 116 158 162
20:0 33 39 98 116 158 162
21:0 31 43 45 64 65 97 119
22:0 31 43 45 64 65 97 119
23:0 35 40 43 44 51 103 137
24:0 35 40 43 44 51 103 137
25:0 21 39 45 84 85 86 87 97 98 104 113
26:0 45 84 86
27:0 10 28 40 129 154 163
28:0 10 28 40 129 154 163
29:0 10 24 33 39 40 44 45 154
30:0 10 24 33 39 40 44 45 154
31:0 10 24 33 34 39
32:0 24 30 31 32 33 40 43 116
33:0 24 30 31 32 33 40 43 116
34:0 24 30 33 37 40
35:0 1 3 45 47 107 111 113 118
36:0 3 47 107 118
37:0 39 46 52 53 83 98 109
38:0 39 46 52 98
39:0 1 3 34 38 47 50 111 156
40:0 3 47 50 111
41:0 17 44 48 109 114 141
42:0 17 44 48 103 109 114 141
43:0 51 71 76 77 78 79 80
44:0 51 71 76 77 78 79 80
45:0 51 77 78 79 80
46:0 10 74 78 141 147 163
47:0 10 74 78 141 147 163
48:0 33 48 50 60 77 78 79 93 94 141
49:0 33 48 50 60 77 78 79 93 94 141
50:0 10 28 45 89 91 163
51:0 10 28 45 89 91 163
52:0 6 10 44 45 103 154 163
53:0 6 10 44 45 103 154 163
54:0 10 39 50 56 93 154
55:0 10 39 50 56 93 154
56:0 2 10 37 43 67 69 103 116 154
57:0 2 10 37 43 67 69 99 103 116 154
58:0 36 43 44 46 52 53 97
59:0 36 43 46 52
60:0 3 34 55 56 95 133 145
61:0 3 34 55 56 95 133 145
62:0 3 34 55 95
63:0 100
64:0 50 60 93 94 100 105 115 134
65:0 50 60 93 94 100 105 115 134
66:0 2 43 66 67 69 116
67:0 2 43 66 67 69 116
68:0 2 43 66 67 69 116
69:0 21 22 35 51 74 75 77 78 79
70:0 21 22 35 51 74 75 77 78 79
71:0 35 51 75 77 78 79
72:0 35 40 48 51 55 56 103 112 132
73:0 35 40 48 51 55 56 103 112 132
74:0 33 88 89 106 111 120 153
75:0 33 88 89 106 111 120 153
76:0 33 88 89 106 111 120 153
77:0 23 36 39 45 52 83 97
78:0 23 36 39 45 52 83 97
79:0 29 45 50 55 93 94 133
80:0 29 45 50 55 93 94 110 133
81:0 33 48 49 84 86 103 129
82:0 33 48 49 84 86 103 129
83:0 14 28 31 43 64 97 163
84:0 31 45 64 65 97 99 161
85:0 31 45 64 65 97 99 161
86:0 29 36 45 58 62 156
87:0 29 36 45 58 62 156
88:0 1 50 103 106 107 124 139 151
89:0 1 50 103 106 107 124 139 151
90:0 33 43 48 58 62 110 128
91:0 48 62 110 128 131
92:0 95 101 109 122 138
93:0 95 101 109 122 138
94:0 95 101 109 122 138
95:0 20 21 33 88 99 103 106
96:0 1 29 50 93 94 95 96 139
97:0 1 29 50 93 94 95 96 139
98:0 11 12 23 43 106 145 152
99:0 11 12 23 43 106 145 152
100:0 33 49 103 113 120 129 153
101:0 33 49 103 113 120 129 153
102:0 73 76 77 78 79 95 115 140
103:0 23 95 140
104:0 29 37 39 43 45 99 116 125 155
105:0 29 37 39 43 99 116 125 155
106:0 24 25 26 27 96 116 136
107:0 4 5 7 8 9 68 97
108:0 21 23 35 48 50 103 111
109:0 33 108 114 120 123 124 153
110:0 33 108 114 120 123 124 153
111:0 23 30 31 32 36 39 43
112:0 23 30 31 32 36 39 43
113:0 1 3 38 39 45 47 107 111 113
114:0 20 21 22 71 74 77 78 79 132
115:0 4 5 39 43 44 99 146
116:0 43 55 56 97 108 145
117:0 43 55 56 97 108 145
118:0 30 31 32 39 48 64 97 127
119:0 30 31 32 39 48 64 97 127
120:0 33 55 56 105 106 107 113 129
121:0 33 55 106
122:0 3 93 96 112 113 164
123:0 14 17 43 97 98 104 116 163
124:0 1 3 8 34 37 59 122 142
125:0 9 43 84 87 98 103 113
126:0 7 43 52 53 108 109 123
127:0 11 12 14 20 69 106 116 163
128:0 23 33 36 39 43 99
129:0 33 150
130:0 33 43 44 56 63 82
131:0 34 45 47 54 55 56 58 109
132:0 144
133:0 28 33 36 39 44 45 98 116
134:0 28 33 39 44 54 55 56 62 98 114 151
135:0 24 28 33 39 42 84 86 87 97 98
136:0 28 33 39 43 44 52 53 83 98 123
137:0 33 60 97 105 159 160 161
138:0 30 43 55 56 110 131
139:0 30 43 55 56 110 131
140:0 10 43 56 71 106 163
141:0 10 43 56 71 106 163
142:0 17 36 44 48 63 97
143:0 29 34 38 63 106 133 156
144:0 54 58 59 64 97
145:0 65 84 87 97 113
146:0 43 64 83 97 143
147:0 21 35 43 63 82 86 97
148:0 21 35 43 63 82 86 97
149:0 21 35 43 63 82 86 97
150:0 50 54 93 94 105 112 129 133
151:0 1 5 94 118 144
