63
63
63
8
8
8
112
112
112
85
83
13
85
83
105
44
44
44
77
77
44
44
42
42
97
97
79
79
68
68
68
68
68
68
14
14
24
24
14
14
40
40
9
9
9
21
21
13
85
79
79
65
49
15
15
117
117
42
42
119
119
119
107
107
107
30
30
30
9
9
9
10
10
75
75
75
77
77
62
62
53
53
44
77
77
110
110
99
99
84
84
47
47
47
75
41
41
36
36
94
94
9
9
75
75
49
44
64
47
47
48
48
59
9
20
106
68
106
106
38
38
94
105
62
97
23
36
42
106
42
119
49
77
119
118
24
113
106
106
106
106
75
39
69
69
69
83
83
40
69
107
63
63
63
8
8
8
112
112
112
77
77
41
41
105
105
105
105
40
118
118
97
14
14
34
34
107
107
97
97
97
9
110
110
102
119
9
9
9
77
9
9
95
15
15
107
107
41
62
47
47
82
40
102
102
81
36
75
42
42
68
105
102
105
40
65
30
52
52
62
62
34
34
103
117
106
44
20
20
106
65
102
113
42
64
30
42
62
97
23
110
59
69
69
69
30
83
78
69
69
59
63
63
63
8
8
8
112
112
112
77
42
65
65
85
83
105
83
85
106
106
106
9
9
9
30
30
44
44
107
107
107
106
42
21
21
114
117
114
13
95
122
94
94
94
110
110
110
102
14
14
44
36
102
102
102
70
70
97
97
66
55
38
62
59
50
50
76
76
120
120
62
52
121
110
110
64
36
47
47
79
79
59
59
39
83
47
47
62
62
36
36
47
47
103
103
7
7
106
54
26
12
41
41
47
69
9
47
69
82
40
40
110
110
110
84
106
106
106
106
75
75
42
10
10
10
10
10
10
47
47
17
18
2
81
69
63
63
63
8
8
8
112
112
112
44
42
42
86
86
83
105
74
74
74
59
59
56
56
102
102
83
4
105
32
69
77
106
106
9
25
100
100
109
1
1
77
14
47
41
49
110
47
99
99
47
47
102
94
59
44
69
79
79
79
65
98
98
78
78
7
7
4
4
47
106
106
106
91
91
69
53
64
48
9
57
23
34
95
46
90
36
62
0
98
102
69
90
47
47
47
47
69
69
24
88
69
47
35
35
6
59
58