45
60
80
65
80
100
43
58
78
45
30
70
50
35
75
56
71
91
72
97
70
100
55
80
90
100
40
65
41
56
76
50
65
85
35
60
65
100
20
45
55
90
30
40
50
25
30
45
90
95
120
90
115
55
85
70
95
60
95
90
90
70
90
105
120
35
45
55
40
55
70
70
100
20
35
45
90
105
15
30
45
70
60
75
100
45
70
25
50
40
70
80
95
110
70
42
67
50
75
100
140
40
55
35
45
87
76
30
35
60
25
40
50
60
90
60
85
63
68
85
115
90
105
95
105
93
85
110
80
81
60
48
55
65
130
65
40
35
55
55
80
130
30
85
100
90
50
70
80
130
100
45
60
80
65
80
100
43
58
78
20
90
50
70
55
85
30
40
130
67
67
60
15
15
20
40
70
95
35
45
55
50
40
50
30
70
50
80
110
85
30
30
95
15
35
110
65
91
30
85
48
33
85
15
40
45
85
30
30
45
85
65
5
85
115
40
55
20
30
50
50
35
65
45
75
70
70
65
95
85
40
50
60
85
75
35
70
65
95
83
100
55
115
100
85
41
51
61
110
90
100
70
95
120
45
55
80
40
50
60
35
70
60
100
20
15
65
15
65
30
50
70
30
60
80
85
125
85
65
40
50
80
65
60
35
70
30
90
100
40
160
40
28
48
68
25
50
20
30
50
70
50
50
30
40
50
60
80
65
105
95
95
85
85
65
40
55
65
95
60
60
35
40
20
60
80
60
10
70
100
35
55
50
80
90
65
70
70
60
60
35
55
55
75
23
43
75
45
80
81
70
40
45
65
25
25
51
65
75
23
50
80
25
45
65
32
52
52
55
97
50
50
100
30
50
70
50
50
50
110
110
90
90
95
100
150
31
36
56
61
81
108
40
50
60
60
80
100
31
71
25
65
45
60
70
55
90
58
58
30
30
36
36
66
70
40
95
85
115
35
85
34
39
115
70
80
85
105
105
71
85
112
45
74
84
23
33
10
60
30
91
35
42
82
102
5
60
90
32
47
65
95
50
85
46
66
91
50
40
60
125
60
50
40
50
95
83
80
95
95
65
95
80
90
80
40
45
110
91
95
80
115
90
100
77
100
90
85
80
100
125
100
120
