65
80
100
50
65
85
64
80
105
20
25
80
20
25
80
35
50
70
35
70
31
61
54
79
40
80
30
55
40
55
85
40
55
75
65
90
65
100
25
50
40
75
65
75
90
55
80
55
75
45
70
40
65
50
80
45
70
50
80
40
50
90
55
70
85
35
60
85
30
45
60
100
120
30
45
65
65
80
40
80
55
70
62
35
60
70
95
50
100
25
45
35
55
75
45
90
115
25
50
55
80
45
65
50
80
110
110
75
45
70
30
45
105
40
80
25
45
50
80
55
85
120
80
95
85
85
70
70
20
100
95
48
65
95
95
110
75
55
70
45
70
75
110
125
90
85
50
70
100
90
100
65
80
100
50
65
85
48
63
83
45
55
56
96
80
110
40
60
80
56
76
35
55
20
65
105
45
70
45
60
90
100
50
80
65
100
55
65
85
55
30
85
45
25
65
95
130
42
110
85
48
58
65
35
60
65
65
65
40
60
55
80
230
95
75
50
75
40
80
30
60
85
35
75
45
140
70
50
80
95
40
60
95
65
45
35
110
65
55
55
70
135
100
75
115
50
70
100
154
154
100
55
65
85
50
60
70
50
70
90
30
60
41
61
30
25
50
25
90
50
70
100
30
40
60
30
50
30
70
35
55
115
52
82
60
60
35
55
65
30
50
30
23
43
63
30
60
40
90
35
55
65
55
40
50
60
55
75
40
60
75
85
75
75
80
53
83
20
40
35
45
45
75
70
80
110
60
45
50
80
40
60
75
105
60
60
85
65
41
71
35
55
70
120
87
107
50
80
55
125
70
120
33
63
90
130
87
80
60
48
50
80
50
70
90
55
75
75
65
65
30
50
80
60
80
90
100
200
150
130
110
140
90
90
100
50
55
65
85
44
52
71
56
76
101
30
40
50
40
60
41
51
34
49
79
70
105
30
50
88
138
45
105
50
42
102
90
30
50
53
78
62
82
66
44
54
56
96
105
52
37
59
50
41
61
86
116
45
90
65
42
108
45
55
85
85
40
70
42
72
55
75
40
65
72
61
86
120
60
85
85
90
95
55
50
85
95
115
56
65
95
75
60
75
115
150
135
70
77
130
105
70
100
120
106
110
120
130
80
100
90
100
120
