430051184399296156150376317095369122342316021117116138410054367264159404397079392326
430051184399296156150317095369122342316021117116138410054367264159404397079392326
320430051184399190296156150110317095369122342316021117116157138410054367264159404397079392326323
145099430184399296150205317087043095129328005122342316021274141116456348410054325367264404397079392326
145099430184399296150205317087043095129328005122342316021274141116456348410054325367264404397079392326
145320430184399190296150376205110317087043095129328005122342316021388274333143141116101456157410054325367264404397079142392084326
145430170184195035150205317087043095328122342316021044141116169054367264404397403392326452
145430170184195035150205317087043095328122342316021044141116169054367264404397403392326452
145320430170184195035190150205110317087043095328122342316021143044141116157024169054325367264404397403392326452323


430184399190296308156150376317299347095005122342316021420359333117116157138298367264106404440397084


430184399190296156150376317043095369005122342316021420333126116356277157138410054464367264404440397079084326
430184399296308150317095005122342316021420388116054367264404282440397142084
430184399296308150317095005122342316021420388116054367264404282440397142084
430184399190296308150317095005122342316021420388116157054367264404282440397142084
430184399417195035296308150205425422317087347095354122342316021420056116424054367264159404282440397079326
320430184399417195035190296308150205425422317087347095354122342316021420056116157424054367264159404282440397079392326
430184399296308150317095122342316021420388116054367264404282440397142084
430184399190296308150317095122342316021420388116157054367264404440397142084
430184399296308156150205110317087095369328429122342316021420373116277054080325367264285404397392
430184399190296308156150205110317087095369328429122342316021420373116277157054080325367264285404397392
145430184296308150205317087043354122342316021141056116138054367264159404397392326
145430184190219296308150205422317087043095354122342316021420143141056116157138424054367264159404397392326
145430184399296150205110317087043095328005122342316021420141116348410387054325464367264285404397079392326323
145430184399190296150205110317087043095328005122342316021420143141116348157391410387054325464367264285404397079392326323
449430184399195035296308150205425422317087095354369005122342316021420116348367264285404397079392326
449430184399195035296308150205425422317087095354369005122342316021420116348367264285404397079392326
145449320430184399417195035190296308150205425422110317087347043095354136369338129328005429122342316021420143141116101348157391024387054325367264285404397079403392326323
449430184399195035296308150205425422317087095354369122342316021420116348367264404397079392326
449430184399195035296308150205425422317087095354369122342316021420116348367264404397079392326
145449320430184399417195035190296308150205425422110317087347043095354136369338129328429122342316021420143141116101348157391024387054325367264285404397079403392326323
145449052430184399195035296308335150376205425422317087299347043095314354136129122342316021373141056116105313138424387298054367264106159404397392326
145449052430184399195035190219296308335150376205425422317087299347043095314354136129122342316021373143141056116105313157138424387298054367264106159404397392326
430184399296150205317087095122342316021274116298080367264404397
052320430184399190296150376205317087095136129122342316021274116456277157298054080367264106404397
145449430184399195035219296308335150376425422317087299347043095314354136129122342021373141056116105313138424387298054367264106159404397392
145449430184399195035190219296308335150376425422317087299347043095314354136129122342316021373143141056116105313157138424169387298054367264106159404397392
430184399417296308156150317347095369005429122342316021420388373333116277054367264404282440397142084
430184399417190296308156150317347095369005429122342316021420388373333116277157054367264404282440397142084
430051184399296150376317095369122342316021117116138410054367159404397079
430051184399296150376317095369122342316021117141116105138410054367159404397079
430051184399190296156150317095369122342316021117141116105157138410054367264159404397079
430051184399296150376317087043095369005122342316021420117126116138410054367264159404397079326
430051184399190296150376317087043095369005122342316021420117126116157138410054367264159404397079326
430184399296156150376317095369122342316021420359116138054367264404397
430184399190296156150376317095369005122342316021420359333117116157138054367264404440397084
430184399296150317095369338328005122342316021420116348387054325367264404397079326
430184399190296150317095369338328005122342316021420116348157391387054325367264404397079326
449430184399296308150205425422317087347095354005429122342316021420373116348277138298080367264106404440397079
449320430184399190296308150205425422317087347095354005429122342316021420373116112348277157138298080367264106404440397079
145052430170184195035296308150205317087299043095005122342316021044141116348138054367264404397403392326452
145052430170184195035190296308150205317087299043095005122342316021143044141116348157138054367264404397403392326452323
145430049184399417296308150205425422110317087043095328005122342316021420274143141116277054325367264285440397392326323
145430049184399417190296308150205425422110317087043095328005122342316021420274143116277157391054325367264285440397392326323
430184399296150205317087095129005122342316021420274116456054367264404397392326
430184399190296150376205317087095136129005122342316021420274116101456157054367264404397392326323
449430170184195035296150317087299095122342316021420116054367264404397403452
145449430170184195035296150110317087299043095122342316021420141116054367264404397403392326452
145449430170049184195035190296308150110317087299043095328122342316021420143141116277157054325367264285404397403392326452323
145052430184399417219296308335150205317299347095314354429122342316021420359373117141056116105112313138424298054367264106159404397435
145052430184399417219296308335150205317347095354429122342316021420359373117141056116105112313138424298054367264106159404397435
145430184399417190219296308335150205317347095354429122342316021420359373143117141056116105112313157138424298054367264106159404397435
145430049184399296308150110317087043095136129328122342316021420143141116277054325367264285404397392326323
145430049184399296308150110317087043095136129328122342316021420143141116277054325367264285404397392326323
145430049184399190296308150110317087043095136129328122342316021420143141116277157391054325367264285404397392326323
430051184399296156150376317095369122342316021420117116138410054367264159404397079
430051184399296156150376317095369122342316021420117116138410054367264159404397079
430051184399190296156150376317095369122342316021420117116157138410054367264159404397079
430170184195035296308156150317095369122342316021420044116277410054367264404397079403452
430170184195035190296308156150317095369122342316021420044116277157410054367264404397079403452
145430184399296150317087043095136338129328122342316021141116169387054325367264404397392326323
145430184399296150317087043095136338129328122342316021141116169387054325367264404397392326323
145320430184399190296150317087043095136338129328122342316021143141116157169387054325367264404397392326323
430184399296150376205317095136122342316021274116456054367264404397392
430184399190296150376205317095136122342316021274116456157054367264404397392
052430170184399195035219296335150205110317087347095136129122342316021359044116313138424054367264106159404397435403392
145052430170184399195035190219296335150205110317087347043095136129122342316021359143044141116105313157138024424054367264106159404397435403392326
430184399219296308150425422317095314354122342316056116119313138298367264404397139
430184399190219296308150425422317095314354122342316056116119313157138298367264404397139
430184399296150205317095122342316021420388333116298054367264404282440397079142084
430184399296150317095005122342316021420388333116054367264404282397142
430184399417190296150317095005429122342316021420388333116277157054367264404397142
449430170184035296308150317095122342021420141116054367264404397403452
449430170184035190296308150317095122342021420141116157024054367264404397403452
430184399417296308156150425422317087347095354136129328429122342316021420116119277054325367264285404397392
145430184399417190296308156150425422317087347043095354136129328429122342316021420143116119277157054080325367264285404397392326
449430170184035308150317095122342316021116119277054367264404397403
449430170184195035190308150317095429122342316021044116119277157024054367264285404397403
430184399417296308156150425317299095369429122342316021420359373117116456112119298054367264404397435
430184399417296308156150425317299095369429122342316021420359373117141116456112119348298054367264285404397435
145430184399417190296308156150425422317299043095369429122342316021420359373143117141116105456112119348157298054367264285404397435392326
320430184399417296150110317087095429122342316021116101119277169387298054325367264404397139392326323
145052430184399417219296308335150317347043095314429122342316021420359373141116105313138424054367264106159397435
145052430184399417190219296308335150317347043095314429122342316021420359373143141116105313157138424054367264106159397435
449430170184195035308150317087043095328122342316021420126141116410054325464367264404397079403392326
449430170184195035190308150317087043095328122342316021420126141116157410054325464367264404397079403392326
430184417296308150425422317095354429122342316420116138424367264404397
430184417190296308150425422317095354429122342316420116157138424367264404397
430184399219296156150317095369122342316021420359117116119138410298054367106159404397435392
430051184399190219296156150376317299095314369122342316021420359117116119157138410298054367264106159404397435392
145430184399195035296150205110317087043095136338129328005122342316021420116410387054325367264404397392326323
145430184399195035190296150205110317087043095136338129328005122342316021420143116157391410387054325367264404397392326323
145430049184399296308150110317095328122342316021420143141391054325367264285404397392326323
145430049184399296308150110317043095328122342316021420143141116105391054325367264404397392326323
145449430184399195035190296308150376205425422110317087347043095354136338129328122342316021420141116157410298054325367264106404397079403392326323
430184399417296308150425422317347095354136129429122342316021420116456277138054080367264404397
430184399417190296308150425422317347095354136129429122342316021420116456277157138169054080367264404397
320430184399195035296308150205425422317087095354136338129328122342316021420116101277324410387054325367264285404397392326323
145320430184399195035190296308150205425422317087043095354136338129328122342316021420143141116101348277157324024410387054325367264285404397079403392326323
145449052430170184399195035190296308335150376205425422110317299347043095354136338129328122342316021359373056116105313157138424387298054325367264106159404397392326323
430051184399190296156150376317095314354369122342316021420117116157138410298054367159404397079326
145449320430170184399195035190296308150376205425422110317087347043095354136338129328005122342316021420143141105348157024054325367264404397079403392326323
449430170184195035296308150317095122342316021116054367264404397139403452
449430170184195035190296308150317095122342316021116157054367264404397139403452
430170184195035296308150317095122342316021116054367264285404397403
430170184195035190296308150317095122342316021116157054367264404397403
449430170184195035296308150425422317299095314122342316044116313138424298367264404397139403452
449430170184195035190219296308150425422317299095314122342316359044116313157138024424169298367264106159404397139435403452
145052430184399417190296308150376425422317347043095354005429122342316021420359373143117141056116105277157138424298054367264106159404435
430184399190296308150317043005122342316021420388333116356157054367264404440397079084326
145449052430170184417195190219296308150317299347043095314429122342316021420359143117141116105277313157138298054367264106159404397435
145430184190296308150205317299043095122342316021420143141056116157138424054367264404397392326323
145430184190296150205317299043095122342316021420274143141116456157054367264404397392326323
145430049184399190296308150110317087095328122342316021420143126141116157391387054325367264404397079392326323
449430184399195035190296308150376205425422110317095354136338129328122342021116391054325367264397403392326323

449320430170184417195035296150425422110317095136338129429122342316021044116101277157391024424054080367264404397403392326452
320430170184035190296150205425422317299095354122342316021116101157024054367264106404397403392326452

430184399296308150205317087347095122342316021116054367264404397
449320430170184399195035190296308150205317087347095122342316021044116157054367264404397403392326452
320430184399190219296308150205425317087347095354122342316021056116157138054367264404397392326
320430184399190296308150205317087347095136122342316021274116456157054367264404397392326
430184399195035190296308150376205425422317299347095354005122342316420056116157138424298367264106404397435
449430170184195035308150317095338328122342316021420116324169387054325367264404397403326452
449430170184195035190308150317095338328122342316021420116157324391169387054325367264404397403326452323
449430170184195035296308156150317087095338328122342316021420044324387054325367264404397403326452
449430170184195035190296308156150317087043095338328005122342316021420044157324391410387054325464367264404397079403326452323
099430184399417296308150205110317095136338129328005429122342316021420388333116101277324391387054367264404397142392084326
145449430184399195035190296308150376425422110317299347043095354136338129328122342021143141116313054325264404397403392326323
449320430184399190296308150317095338005122342316388116157024367264404282440397142084326
320430184399190296150425317095354338005122342316388056116157138367264404440397142084326
320430184190296308150317095338129005122342316388274456157367264404282440397142084326
449430170184399195035296308150205425422317095354136129122342316021116101054367264404397403452
449430170184399195035296308150205425422317095354136129122342316021116101054367264404397403452
145099449320430170184399195035296308150205425422110317043095354136338129328005122342316021388143141116101157391054325367264404397079142403392084326452
145449052430170049184399417195035190219296308150376205425422110317347043095314354136338129328005429122342316359373143117141056116105456112313157138391024424325367264285106159404397435392326323
145099449052320430170049051184399417195035190219296308156335150376205425422110317087347043095314354136369338129328005429122342316021420388359373274333143117126044141056116101105456356112119348277313157324138391024424169410387298054080325464367264285106159404282440397139435079142403392084326452323
430051184399296156150205317095122342316021117116138410054367159404397079
430051184399296156150205317095122342316021117116138410054367159404397079392326
430051184399190296156150205110317095122342316021117116157138410054367159404397079392326323
430184399296150317087095129005122342316021274116456054367264404397079
145320430184399296150317087043095129005122342316021274116456054367264404397079392326
145320430184399190296150376110317087043095129328005122342316021274143141116456348157054325367264404397079392326323
145449430170184195035296308150205317087043095328005122342316021141116348410054325367264404397079403452
145449320430170184195035296308150205317087043095328005122342316021141116348410054325367264404397079403392326452
145099449320430170184195035190296308150205110317087043095328005122342316021143141116101348157024410054325367264404397079403392326452323
145449430184399195296308150376205425317087347043095354136122342021420141056116348054367264159404440397079403
145449430184399195035190296308150376205425422317087347043095354136122342021420143141056116348157054367264159404440397079403392326
430184399296308150317299347095005122342316021420388116356313298054367264404282397142084
430184399190296308150317299347095005122342316021420388116356313157298054367264404282397142084
145430184399296156150376317087043095005122342316021420333141116105138410054367264404440397
145430184399190296156150376317087043095005122342316021420333143141116105157138410054367264404440397392326
430184399296156150376317087095369122342316021420116138054367264404397
430184399190296156150376317087095369122342316021420116157138054367264404397
430184399417190296308156150317347095369005429122342316021420388373333116277157054080464367264404282440397142084
449430170184195035296308150425422317095354122342316021044056116138054367264404397403452
449430170184195035190296308150425422317095354122342316021044056116157138054367264404397403452
430184219296308150205425422317095354122342316021141056116138054367264159404397
449430184399219296308335150376205317087299347095314354136129122342316021141116313138424298054367264106159404397
449430184399219296308335150376317087299347095314354136129122342316021141116313138424298054367264106159404397
449430184399219296308150376317299347095314354136129122342316021141116138424298054367264106159404397326
145449430184399190219296308150376317299347043095314354136129005122342316021388333141116105356157138424298054367264106159404397142084326
052430184399219296308156150376317347095314005122342316021420388359333116356138424298054367264106159404282440397435
052430184399190219296308156150376317347095314005122342316021420388359333116356157138424298054367264106159404282440397435142084
430184296308150205425317095354122342316021056116138054367264404397
145430184296308150205425317043095354122342316021141056116138054367264404397392326
145430184190296308150205425317043095354122342316021143141056116157138054367264404397392326323
430051184190296156335150376317095369122342316021117141116105157138410054367264159404397079
145449430170184195035296150205317087043095122342316021141116054367264159404397403392326452
145449430170184195035190296150205317087043095122342316021143141116157054367264159404397403392326452
145052430184399417296150110317087043095338429122342316021420141116119324391387298054367264404397392326
145449430170184195035190296308150110317087299043095122342316021420143141116277157054367264397403392326452
430184399296150376317095005122342316021117116356138410054367264159404397
430184399296150376317095005122342316021117116356138410054367264159404397
430184399190296150376317095005122342316021117116356157138410054367264159404397
145449430184399417296308150376205425422317087347043095354005122342316021420373116348277424054367264106159404440397079392326
430051184219296335150376317095369122342316021117116138410054367264159404397079
430184190219296156335150317095369122342316021117116157138410054367264159404397079
430184399296156150376317299347005122342316021420388333116356138054367264106404397084
449430170184195035296150205317087095369338122342316021116138054367264404397403326452
145449430170184195035190296150205317087043095369338328122342316021143141116157138391054325367264404397403392326452
052430184399190219296308150205317087347095314122342316021359116157138054367264106159404397435079
430184399417190296308150205317087299347095429122342316021373116277157138298054080367264106404397079
052430184399296308150317299347095005429122342316021420388373333116112277424298054080367264106404282397142084
145052430170399195035190219296308335150205110317087347043095136129122342316021359143044141116105313157138024424054367264106159397435403392326
052430184399417296308150425422317299095354005429122342316021420359373056116456112138424298054080367264106404397435


052430184399219296308150205425422110317347095314354122342316021420359117056116313138424298054367264106159404397435392326
430184399219156150376110317087095314338328122342316021116387054325367404397392326
430184399190219156150376110317087095314338328122342316021116157324387054325367404397139392326
449052430184399195035296308150376205425422110317347095354136129328122342316021420056116424169387298054325367264285106404397392326
430184399417296308150205110317087043095369338328005429122342316021420388333126141116277324391387054080325367264285404397079392084326
320430184399417190296150110317087095429122342316021116101119277157169387298054080325367264404397139079392326323
145449430049184399417296308150376425422110317087347043095354136369129429122342316021420274141116424054367264404397392326
145449430049184399417190296308150376205425422110317087347043095354136369129328429122342316021420274143141116157391424054325367264404397392326323
449430170184417195035296308150317347095354369122342316021116119277424169054367264404397403452
430184399190296308150317043095338005122342316021420388333141116356157054367264404440397139079392084326
430184399296150110317087095369338328122342021116324138391169387054325367264404397392326
145430049184399190296308150110317087095328122342316021420143141348157391410054325367264404397079392326
145052430170184399195035296308150205317087347043095005429122342316021420373126141116112348277024410298054080464367264285106404397079403392326
145320430049184399417296308150110317087043095328005429122342021420116348277410054325367264404397079392326
145320430049184399417190296308150110317087043095328005429122342021420143141116348277157391024410054325367264404397079392326323
430184399219296150317095314129328122342316021274116456054367264404397326
430184399190219296150376110317095314338129328122342316021274116456119157324391169387054367264404397392326
320430170184195219296308150317087095314338328122342316021387054325367264404397392326
320430170184195190219296308150317087095314338328122342316021157391024387054325367264404397392326
449052430170184399195035219296308335150110317087299347095314338328122342316021044116119324391387054325367264404397403392326
430184399035296308150317299095136129122342316021420044056116424054367264404397403452
449430184399035296308150317299095136369129122342316021420117044056116277157424054367264404397139403452
145449430170184195035296308150317043095005122342316021420141116313024054367264404282397142084
430170184195035190296308150110317095328005122342316021044116157054325367264404397403084452
320430184399417296150317095338328005429122342316021420333116277138410387054080325464367264404282397139079142084326
430184399417296150376205317347095369129429122342316021420373274116456277054080367264106404397326
430184399417190296150376205317347095369129429122342316021420373274116456277157054080367264106404397392326
449430170184195035190296308150317095122342316021116157054367264404397139403452
320430184399296150205110317095338328122342316021387054325367404397392326
320430184399190296150205317095338328122342316021116324391169387054325367264285404397392326
430184399195035296308150376205425422317299347095354005122342316420056116157138424298367264106404397435
320430184399219296308150376205425422110317299347095314354122342316021420359117056116157138424298367264106404397435

430049184399296308150110317043095122342316021420116054325367264404397392326
430049184399296308150110317087043095338005122342316021420116391054325367264404397392326
449052430170184195219296308150317347095314122342316021420359141116277313138298054367264106159404397435
145430184296308150317299043095122342316021420141056116138424054367264404397326
145430184296150205317299043095122342316021420274141116456054367264404397326
145449430184399195035190296308150376205425422110317347043095354338328122342316021143141116157424387298325367264404397403392326
145449052430170184399195035190296308335150376205425422110317299347043095354136338129328122342316021359373143056116105313157138024424387298054325367264106159404397392326323
430184399190219296308150205425317087347095354338122342316056116157138424298367264404397079392326323
430184399190296308150376205317087347095314338122342316274116456157138391298367264397079392326323
449320430170184399195035190296150205317087347095314338122342316044116157024298367264404397079403326452323
430184399417296308150317087043095328429122342316021116324387054367264404397326
430184399417296308150317087043095328429122342316021116324387054367264404397326
145099449320430184399417195035296308150205425422317087043095354136129328005429122342316021143141116101348157324024424387054367264404397079403392326323
449320430170184399195035190219296156150205425422110317299347095314354338005122342316388359333044056116101157138024424298367106404397142403392084326452
320430184190219296308156150376425422110317299347095314354136338005122342316388274333056116456157138424298367106404282397142392084326
449052430184399190219296308156150376317299347095314354338005122342316359117141056116356157138424410387298367106159404440397435079
145430051184399296335150376205317087043095328005122342316021141116105138410054325367264159404397079392326
145430051184399296156335150376205317087043095328005122342316021117141116105138410054325464367264159404397079392326
145099320430051184399190296156335150376205110317087043095328005122342316021143117141116101105157138410054325367264159404397079392326323
430184399296150317087095129328005122342316021274116456348410054325367264404397079392326
145430184399296150317087043095136129328005122342316021274143141116456348410054325367264285404397079392326
145320430184399190296150376110317087043095136129328005122342316021274143141116456348157391410054325367264285404397079392326323
449430170184195035308150205317087095328122342316021116054325367264404397403392326452
449430170184195035308150205317087043095328122342316021141116387054325367264404397403392326452
145449320430170184195035190308150205317087043095328122342316021143141116157391024387054325367264404397403392326452323
430184399296308150205317087347095429122342316021420373116277054080367264397326
430184399190296308150205317087347095429122342316021373116277157054080367264397392326
449430184399195035296308150205425422317087347095354122342021420056116424054367264159404397079403326
449320430184399195035190296308150205425422317087347095354122342021420056116348157424054367264159404397079403392326


430184399190296335150376317299347095005122342316420333117116157138054367264404440397084

184399190156150376317299347095369005122342316021420333117116157138054367264404440397084
449430170051184399195035296156150376317095122342316021420116138410054367159404397403
449430170051184399195035296308156150376317043095122342316021420117141116105138410054367264159404397403392326452
145449430170051184399195035190296308156150376317043095122342316021420143117141116105157138410054367264159404397403392326452323
430051184296156150376317087347095122342316021117116138410054367264159404397326
430051184399190296156150376317087347043095328122342316021420117141116112119277138410298054080325367264159397079392326
430051184399190296156150376317087347043095328005429122342316021420143117141116356112119277157138410298054080325464367264159404397079392084326
430184399296308150317122342316021420388333116054367264404282440397142084
430184399190296308150317122342316021420388333116157054367264404440397142084
430170184195035296308150317095354122342316021420388044116054367264404282440397142084
430170184195035190308150317095354005122342316021420388044116157054367264404282440397142403084
430184399417219296308335150425317347314354429122342316021420359373141056116313138424298054367264159404397435
430184399417219296308335150425317347314354429122342316021420359373141056116313138424298054367264159404397435
430184399417190219296308335150425317347314354429122342316021420359373143117141056116313157138424298367264159404397435
449430184399195035296308156150376317347095122342316021420116138298054367264404397
449430184399195035190296308156150376317347095005122342316021420333117116157138298054367264404440397084
430051184399296335150376317095369122342316021373117116138410054367264159404397
145430049051184399190296156335150376205317043095369328122342316021373143117141116105157138391410054325367264159404397079392326
145449430049184399195035296308150376425422317347043095354136129328005122342316021141116348054325367264404397079392326
449320430049184399417195035296308150376425422110317347043095354136129328005122342316021143141348054325367264404397079392326323
145449320430049184399417195035190296308150376425422110317347043095354136129328005122342316021143116348157054325367264397079392326323
430184399296156150376317347095338005122342316116138464367264404397079
430184399190296156150376317087347338005122342316021420333126116356157138054367264404440397079084
430184399190296156150376317087095338005122342316420126116456348157138464367264106404397079
449430184399195035296308150376317347095354136129122342021141116054264404397
449430184399417195035296308150376110317347043095354136129328429122342021274141116054325264404397392326
449430184399417195035296308150376110317347043095354136129328429122342021274143141116157024054325264404397403392326323
145430049184399296308150110317087043095328122342316021143141054325367264285404397403392326323
145430049184399190296308150110317087043095328122342316021143141277157391054325367264285404397403392326323
449430170184195035296308150205317095122342316021116054367264404397403452
430184399417296150425422110317095354328429122342021116119324387054367264404397392326
449052430184399195035296308335150376205425422317087347095354122342316056116277138424298367264106159404397
449052430184399195035190296308335150376205425422317087347095354122342316056116277157138424298054367264106159404397392326
145449052430184399417296308150317087299043095354328005429122342316021420373141116456112277138298054080367264285106404397079326
145430184399417195190296308150376317347043095136369338129328429122342316021143141056116112277157410054080325367264159404397139392326
449430184399308150110317087095354338328005122342316021116348324387054325367264404397079392326
449430184399308150110317087095354338328005122342316021116348324391387054325367264404397079392326
145099449430184399417195035190308150376425422110317087043095354136338129328005122342316021143141116101348277157324391024424387054080325367264404397139079403392326323
145430049399219296308150317299347043095314328122342316021143141116105313138054325367264285106159404397392326
145430049399190219296308150317299347043095314328122342316021143117141116105313157138054325367264285106159404397392326
430184219296308150205425317095354136122342316021420056116138054367264404397392
430184190219296308150205425317095354136122342316021420274056116157138054367264404397392
430184219296308150205425317095354122342316021141056116138054367264159404397
430184219296308150205425317095354122342316021141056116138054367264159404397
145449430184399219308156150376425422317347043354005122342316021420333141056116356424298054367264404440397
145449430184399219296308156150376425422317347043095354005122342316021420333141056116356138424298054367264404440397
051184399296308150376317347095369122342316021117116138410298054367264285159404397079
449051184399195296308156150376317347095354122342316021373116119054367264106404397392326
449051184399195190296308156150376110317347095354122342316021373116119157054367264106404397392326
449430170184417195035296308150317095429122342316021420044116277054080367264397403452
449320430170184195035190296308150110317095328429122342316021420044116277157024054080367264285397403392326452
320430170184195035296308150110317095328122342021116024054367264404397403392326452
320430170184195035190296308150110317095328122342021116157024054367264404397403392326452
430184399296150317087095338129328122342316021274116456387054325367264404397392326
320430184399190296150376317087095136338129328122342316021274116456119157324391387054367264404397139392326
430184399190150376205110317095369129328122342316021274116456119157391169387054325367264404397392326
052430184399417219296308150205317347095314354429122342021420359373056116313138424054367264106159404397435
145052430184399417190219296308150205317347043095314354429122342021420359373143117141056116105313157138424054367264106159404397435
145449052430184399296308335150317087299347043095354328122342316021420359373141116105313138054325367264106404397435392326
430184399296156150376317095328122342316021116054325367264404397392326
430184399296156150376110317087095328122342316021388333116101356054325367264404440397142392084326
430184399296156150376205110317087095136129328005122342316021388333116101356157391054325367264404440397142392084326
145430051184399296156150376317043095122342316021117141116105138410054080367264285159404397079
145430051184399190296156150376317043095122342316021143117141116105112157138410054080367264285159404397079392
430184399195296308150376317095005122342316021420388333116298054367106404282397142
099320430184399195190296308150376205110317095136129005122342316021420388333116157298054367106404397142326
145449320430184399195035296308156150376205425422317087347043095354136129328005122342316021420143141116348277054325367264285404397392326323
430184399417296308156150205110317087095136369122342316021420373116277054080464367264397392326
052430184195035190219296308335150110317347095314338328122342316359056116313157138391169387298325367264106159404397435
052430184399190219296335150110317299347095314136338129328122342316359274056116456313157138391169387298367264106159404397435
430170184195035296308150317095338328122342021116054367264404397403452
430170184195035190296308150317095338328122342021116157391054325367264404397403392326452
449430170184195035308150317087043095369328005122342316021126141116277054325464367264404397079403392326452
449430170184195035190308150317087043095369328005122342316021126141116277157024054080325464367264404397079403392326452
052430184399195219296308335150376110317087299347095314122342316359056116313324138169387298325367264106159404397435
052430184399195219296308335150376110317087299347095314122342316359056116313157324138391169387298325367264106159404397435392326
430051184399296156150376317095369338328122342316021116324138410387054325367264159404397
430051184399190296156150376110317095369338328122342316021116157324138391410387054325367264159404397392326
449430184399150317087043095338328005122342316021126116324410387054325367264404397079326
449430184399190150205110317087043095338328005122342316021126116157324391410387054325367264404397139079392326
449430170184195035296308150317095122342316021116054367264404397403452
430170184195035190296150205317095122342316116101157024298367264404397403452
449430184195035296150376425422317347095354136338129122342316021420117116138024424298054367264404397
145449430184399195035296308150376205425422317087347043095354136129328005122342316021359373141056116105313138424387298054325367264159404435079392326
052430184399417296308150425422317299095354429122342316021420359056116277138424298054080367264106404397435
052430184399417190296308150425422317299095354429122342316021420359141056116348277157138424298054080367264106404397435
052430184399417195035296308150317299347095429122342316021420359373141056116112138298054080367264106404397435
145052430184399417195035190296308150110317299347043095328429122342316021420359373141056116112157138298054080325367264106404397435392326
320430051184399190296156335150110317095005122342316021388333117116356157138410054367159404397079142392084326
052430184399417219296308150317299347095314354429122342316021359373117056116313138424298054367264106159404397435
449052430170184399195035190296308150205425422317347354136338129328005429122342316021420373126056116456348277157138391424298054080325464367264106404397079392326

449430184195219308335150317347122342316021116138024054367264404397
449430184417190219308335150110317347429122342316021116119277157138024169054080367264404397
449430184195296308150205110317095328122342021044116054325367264404397403392326452
449320430184195296308150205110317095328122342021044116054325367264397403392326452
449320430184195190296308150205110317095328122342021044116157024054325367264397403392326452
449430170184195035296308150317095122342316021044116054367264404397403452
430170184195035190296308150317095328122342316021373116157054367264404397403452
430170184195035190296308335150317347095122342316021044116157298367264404397403452
449052430170184195035190296308335150110317095338122342021044116157324391387298054325367264404397403326452
430170184195035296308150317095122342316044116298367264404397403452
320430184399296308150317043095136129328005122342316021116101348054325367264404397079392326
320430184399308150317043095136129328005122342316021116101348054325367264404397079392326
320430184399190308150205110317043095136129328005122342316021388333116101348157391054325367264404397079392084326

430184399219296308150110317347043095314369338328005122342316116119324138169387298325367264159404397139079392326
430184399219296308150110317347043095314369338328005122342316116119157324138169387298325367264159404397139079392326
145430184399296335150425422110317087043095354338328122342316143141116105157324424387298325367264404397392326323
145430170184035296308335150425422110317043095354328122342316143141116157324024424298325367264404397139392326323
145430184399296308335150425422110317043095354338328005122342316143141116348157324424387298325367264404397392326323
099449052320430184399195190219296308150376425422110317347095314354338005122342316021388333117056116348157138424298054367264106159404397079142403084452
099449052320430184399195190219308150376425422110317347095314354338005122342316021388333117056116348157138424298054367264106159404397079142403084452
320430170184035190296308335150425422110317043095354328122342044116157024424298325367264404397403392326452
099320430184399190296335150205425422317087043095354136338328005122342274143141116101348157324391424410387298325367264404397079392326323
449320430049184399195035296308150376205425422110317043095354136338129328005122342274143117141116348157391024424169410298325367264404397403392326452
449052430184399190219296308335150425422317347095314354338005122342359117141056116105313157138424387298367264106159404440397139435
145449052430184399417195219296308335150376425422317347043095314354328005429122342316359143117141056116105313157138024424387298325367264285106159404397139435079392326
430051184399219296335150376205317095314122342316021117116138410387054367264159404397079392326323
430051184399219296335150376205317095314122342316021117116138410387054367264159404397079392326323
320430051184399190219296335150376205317095314338328122342316021117116157324138391410387054325367264159404397079392326323
145430049184399296150205317087043095129005342316021274141116456348410387054367264159404440397079392326323
145430049184399296150205317087043095136129328005122342316021274143141116456348410387054325367264285159404440397079392326323
145320430049184399190296150376205110317087043095136129328005429122342316021274143141116456348157391410387054325367264285159404440397079392326323
449430170184195035296308150317087043095328005122342316021141116387054367264159404282397079403084452
449430170184195035296308150317087043095328005122342316021141116348387054367264159404282397079403392084326452
449320430170184195035190296308150110317087043095328005122342316021388141116348157024387054325367264159282397139079403392084326452323
430184399296308150317122342316021420388333116054367264404282440397142084
430184399296308150317122342316021420388333116054367264404282440397142084
430184399190296308150317122342316021420388333116157054367264404282440397142084
430184399417195035296308150205425422317087347095354122342316021420056116424387054367264159404282397079326
145449430184399417195035190296308150205425422317087347095354122342316021420141056116157424387054367264159404282397079403392326452323

430184399190296308150317043095005122342316021126116356157138410054367264404397079392326
430184219296308150205425422317095354122342316021420056116138424054367264397392
430184219296308150205425422317095354122342316021420056116138424054367264397392
430184190219296308150205425422317095354122342316021420056116157138424054367264397392
430051184399296308156150376317347095369122342316021117116138410298054367264159404397079
430051184399190296308156150376317347095369122342316021117116157138410298054367264285159404397079
320430184399195035296308150205425422110317087095354136338129328122342316021420141116101277324391410387054325367264404397392326323
145320430184399195035190296308150205425422110317087043095354136338129328122342316021420143141116101277157324391024410387054325367264404397079403392326323
320430184399195035308150205425422110317087095354136338129328429122342316021324391387054325367264397139392326
320430184399195035190308150205425422110317087095354136338129328429122342316021157324391024387054325367264397139392326

430051399190308156335150376317347095122342316420359117116157138298367264106159404397
430399190308156335150376317347095005122342316021420359333117116157138298054367264106404440397084

184399190296308150317095369005122342316021420333141116356157138464367264440397079084
430184219296308150205425422317087095354122342316021141056138424054367264159404440397079
145449430170049184195035296308150205317087043095328122342316021044116054367264404397403392326452
145449320430170049184417195035190296308150205317087043095328429122342316021143044116277157054367264404397403392326452
430051184296156335150317095122342316021117116138410054367264159404397
430051184190296156335150317095122342316021117116157138410054367264159404397
430170195035296150317095122342316021044116054367264404397403
430170195035190296150110317087095369338328122342316021044116157138391054325367264404397403392326452
145449430184399417190296308150376205425422317087347043095354005122342316021420373116348277157424054367264106159404440397079392326
052430184399296308150425422317299095354122342316021420359056116456356112313138424169298054367264106404397079084
052430184399190296308150425422317299095354122342316021420359056116456356112313157138424169298054367264106404397079142084
145449430184399195296308376205425317087347095354122342316021141056105424054367264159404397079326
145449430184399195035190296308150376205425422087347095354122342316021143141056105157424054367264159404397079392326
052430184399417190296308150425422317299347095354005429122342316021420359373117056116456112277157138424298054080367264106404397435
052430184399417190296308150317299347095005429122342316021420388373333116112277157424298054367264106282397142084
449430184399417296308150205425422317087347095354005429122342316420373116348277138298367264106404440397079
449320430184399417190296308150205425422317087347095354005429122342316420373116348277157138298367264106440397079
052430184399417219296308335150317299347095314354429122342316021359373056116313138424298054367264106159404397435
320184399417296308150205317087347095136369129429122342316021420373116348277054080367264404397079084326
320184399417190296308150205317087347095369129429122342316021420373116348277157054080367264285404397079392084326
052430184399219296308150376110317299347095314338328122342316359056116313324138387298325367264106159404397139435
052430184190219296150376110317299347095314338328122342316359056116119313157324138387298325367264106159404397139435392326
052430184399296150317087043095338122342316021420116119324387298054367264404397
145052430184399417296308150376425422317347043095354429122342316021420359373141056116105138424298054367264106159404435
449430170184399219296308335150376317299347095354136129122342316021141116105313138424298054367264106159404397
430184399296308150317095005429122342316021420388116054367264404282440397142084
449052430184399417190296308150317299347095354328429122342316021420373116456356112157138298054367264404397
320430184399296308150110317095136129328005122342316021116101348391387054325367264404397079392326323
320430184399296308150205110317095136129328005122342316021116101348391387054325367264404397079392326323
320430184399190296308150205110317043095136129328005122342316021126141116101348157391410387054325367264285404397079403392326323
145449430184399195035296308150376425422110317299347043095354136338129328122342316021116054325367404397403392326323
145320430049184399296308150205110317087043095328122342316021143141105348277410054325367264285404397392326
145449052320430049184399190296308150205110317087299347043095328122342316021143141116105348277157391054325367264285404397139392326323
449320430184399296150205317095338328122342316021116387054325367264404397392326
449320430184399190296150205317095338328122342316021116157391387054325367264404397392326
430184399417296308150205317087347043095369328005429122342316021420126141116277138410054080464367264285404397079392326
320430184399417190296308150205110317087347043095369328005429122342316021420126141116277157138410054080325464367264285404397079392326323
145430049184399296308150110317087347043095328429122342316021420373143141116112277054080325464367264397392326323
145430049184399190296308150110317087347043095328429122342316021420373143141116112277157391410054080325464367264397079392326323
430051184399190296156150376317095369122342316021420117141116277157138410054367264159404397079
430170184195035296150317095122342316044116277138298367264404397403084452
430170184195035190296150317095122342316044116277157138298367264404397403084452
430170184195035296308150110317095005122342316021116054367264404397403452
449430170051184195219296308156335150376205317347095122342316021117116138024410054367264159397
145449430170051184195190219296308156335150376205110317347043095328122342316021143117141116157138024410054325367264159397392326323
145052430170184399195035190296308150205317087347043095005429122342316021420373143126116348277157024410298054464367264285106404397079403392326
430184399190219296308150425422317095314354122342316056116119313157138298367264404397139
145449430184399195035190296308150376205425422110317087347043095354136338129328122342316021420143141116119157410298054325367264106404397079403392326323
145320430184399195035190296308150205425422317087043095354136338129328122342316021420143141116101348277157324024410387054325367264404397139079403392326323
430051184399190296156150376110317043095314354369328005122342316021420143117141116277157138410298054325367285159404397079392326
145430184417190296308150205110317087299043095136328429122342316021420143141056116138424054325367264404397392326323
145430184417296150376205425110317299043095328429122342316021420274143141116456157054325367264404397392326323
145449430184399190219296308335150376317299347043095314354136129005122342316021388333141116105356157138424298054367264106159404282397142084326
430184399190296156150376317299347005122342316021420388333116356157138298054367264106404397084
320430051184190296308150376205317087347095005122342316021117116157138410054464367264159404397392326
449320430184399195190296308150205317087347095122342316021116157024054367264404397392326
430184399417190296308150205110317087043095369338328005429122342316021420388333126141116277157324391387054080325367264404397079392084326
320430184195190219296308150317087095314338328122342316021157391024387054325367264404397392326323
430184399195035296308150376205425422317299347095354005122342316420056116313157138424298080367264106404397
145052430049184399417190219308335150425110317299347043314354328005429122342316021420359373143141056116105313157138391424298054325464367264285106159404397435079392326
430184399417190296150425422110317095354328429122342021116119157324387054367264404397139392326
145052430184399417195035190296308150110317299347043095328429122342316021420359373143141056116112157138298054080325367264106404397435392326
449430184417195190219296308335150425422317299347354429122342316021373141116112277157138024424298367264106404397
430184399219296308150425422317347314122342316420373056116456138298080367264106404
449052430184399190219296308156335150376205425422317299347095314354338122342359117141056313157138424387298367106159404440397435
449052430184399195035190219308335150205425422317299347095314354338122342359117141056116313157138424387298367106159404440397435
449052430184399417190219296308335150205425422317299347095314354136338129429122342359117141056116277313157138424387298367106159404440397435
320430049184399195035190296308335150205425422110317043095354136338129328005122342316274116101348157138391424387298325367264404397435079392326
145320430170049184399195035190296308335150425422110317043095354136338129328005122342316143044141116101348157391024424298325367264404397435079403392326
320430184399417190296150376110317087095136129328429122342316021274116101456119277157387054080325367264404397139392326323
145430184399190308335150425422110317043095354328005122342143141116105324391024424298325367264404397392326323
052320430184399190296308335150205425422110317299347095354005122342316388117056116101456356277157391424298080367264106404397079142392084326323
052430184399195190219296308150376317347314122342316021359117056116313157138424298054367264106159404397435
430170184195035296335150317095122342316044141116298367264159404440397403452
052430170184195035190219296335150317299347095314122342316359117044141116157138298367264159404440397403452
145052430184399417195035190296308150425422317299347043354369328005429122342316420373143141056116105456348277157138424410298325464367264285404397079392326323
430051184399190296156335150376317299095122342316116157138410298367159404397
099449052320430170051184399195035219296308156335150376205425422110317299347043095314354136369338129328005122342316274143117044056116101456356348277313157138391024424410387298080325464367285106159404397139435079142403392084326452323

