49
63
83
43
58
78
65
80
100
35
55
50
30
50
40
40
55
75
35
60
30
65
44
69
30
55
85
110
52
67
87
40
57
77
48
73
40
75
20
45
35
70
55
70
85
55
80
50
60
25
50
35
60
48
78
35
60
45
80
40
65
95
15
30
45
50
70
80
35
50
65
35
65
100
115
130
55
70
65
110
70
95
55
45
70
55
80
50
75
100
180
30
45
60
160
45
70
90
115
50
70
80
85
95
110
53
79
75
95
120
95
120
5
115
80
70
95
60
65
55
85
65
80
35
57
57
100
95
55
79
80
48
50
60
60
60
70
100
125
90
105
65
65
100
85
90
45
65
95
90
100
65
80
100
43
58
78
64
80
100
34
64
30
50
30
50
40
70
80
38
58
15
28
15
65
85
45
70
40
55
75
85
50
80
115
75
40
50
70
55
30
55
45
45
85
60
110
42
80
60
48
58
65
90
140
70
105
200
50
75
75
100
230
75
55
50
75
40
120
40
80
85
35
75
45
70
140
30
50
95
60
120
90
62
35
35
95
15
37
37
105
10
75
85
115
50
70
110
130
90
100
35
45
65
40
60
70
50
70
90
35
70
41
61
35
55
50
55
70
30
50
70
50
40
60
30
60
30
100
25
35
65
32
62
60
80
60
80
100
90
45
45
23
43
63
30
60
40
135
45
65
75
85
100
140
180
55
75
40
60
40
50
55
55
45
53
83
20
40
35
45
40
70
140
35
65
60
45
50
80
40
60
60
90
60
60
65
85
43
73
65
85
55
105
77
97
50
100
20
79
70
70
35
65
90
130
83
70
60
48
50
80
50
70
90
85
105
105
130
55
60
100
80
80
100
130
200
100
150
90
80
90
140
90
100
50
64
85
105
44
52
71
53
68
88
30
50
70
40
60
41
51
34
49
79
35
55
40
60
118
168
45
85
50
42
102
70
35
55
45
70
48
68
66
34
44
44
84
60
52
42
64
50
47
67
86
116
95
45
5
45
108
45
65
95
40
40
70
78
118
90
110
40
65
72
56
76
50
50
75
65
115
95
130
125
67
67
95
86
130
110
125
80
70
65
145
135
70
77
130
105
70
120
100
106
110
120
120
80
100
90
100
120
