65
80
100
60
80
109
50
65
85
20
25
80
20
25
45
35
50
70
25
50
31
61
40
65
50
90
20
45
40
55
75
40
55
85
60
85
50
81
45
75
30
65
75
85
100
45
60
40
90
35
50
40
65
65
95
35
60
70
100
40
50
70
105
120
135
35
50
65
70
85
100
50
80
30
45
55
65
80
40
100
95
120
58
35
60
45
70
40
65
45
85
100
115
130
30
43
73
25
50
55
80
60
125
40
50
35
35
60
60
85
30
45
35
100
40
70
95
35
65
70
100
100
55
115
95
100
55
40
15
60
85
48
45
110
110
95
85
90
115
55
65
60
65
95
125
125
50
70
100
154
100
49
63
83
60
80
109
44
59
79
35
45
36
76
40
55
40
60
70
56
76
35
45
40
40
80
70
95
65
80
115
90
20
50
30
90
35
45
55
40
30
105
75
25
65
130
60
85
100
85
72
33
90
35
60
65
35
55
40
60
55
55
10
40
35
50
75
70
80
30
60
65
65
105
65
80
40
80
110
95
40
60
105
85
20
35
35
85
65
70
40
75
115
90
90
45
65
95
90
110
100
65
85
105
70
85
110
50
60
85
30
60
30
50
20
25
90
25
50
40
60
90
30
60
90
30
50
55
85
45
65
125
50
80
40
60
35
55
95
30
50
30
51
71
91
20
40
20
45
35
55
65
55
40
50
60
40
60
65
105
85
75
47
73
100
43
73
65
95
70
90
65
105
85
70
90
60
45
50
80
85
115
40
70
60
100
95
55
46
76
50
90
40
70
61
81
40
70
10
100
70
60
63
83
30
60
72
95
75
23
50
80
55
75
95
74
94
114
45
40
40
60
110
35
55
95
50
100
75
110
130
150
100
150
100
150
45
55
75
58
78
104
61
81
111
30
40
50
35
55
25
55
40
60
95
50
125
30
65
42
47
29
79
94
30
80
45
60
85
62
87
57
92
60
60
90
44
54
105
105
42
64
65
41
71
24
79
10
70
15
92
92
40
50
80
40
35
115
38
68
30
60
61
86
90
49
69
60
62
92
45
130
80
55
110
95
125
120
116
60
130
45
70
135
65
75
65
80
95
75
105
125
150
150
130
80
100
75
80
100
135
100
120
