49
62
82
52
64
84
48
63
83
30
20
45
35
25
80
45
60
80
56
81
60
90
60
85
55
90
75
100
47
62
82
57
72
92
45
70
41
76
45
70
45
80
50
65
80
70
95
55
65
55
80
45
70
52
82
80
105
70
110
50
65
85
20
35
50
80
100
130
75
90
105
40
70
80
95
110
85
100
65
75
35
60
65
85
110
45
70
80
105
65
95
35
50
65
45
48
73
105
130
30
50
40
95
50
80
120
105
55
65
90
85
130
5
55
95
40
65
67
92
45
75
45
110
50
83
95
125
100
10
125
85
48
55
65
65
130
60
40
60
80
115
105
110
85
90
100
64
84
134
110
100
49
62
82
52
64
84
65
80
105
46
76
30
50
20
35
60
90
90
38
58
40
25
30
20
40
50
75
40
55
75
80
20
50
100
75
35
45
55
70
30
75
65
45
85
65
65
85
75
60
72
33
80
65
90
70
75
85
80
120
95
130
10
125
95
80
130
40
50
50
100
55
65
105
55
40
80
60
90
95
60
120
80
95
20
35
95
30
63
75
80
10
85
115
75
64
84
134
90
130
100
45
65
85
60
85
120
70
85
110
55
90
30
70
45
35
70
35
50
30
50
70
40
70
100
55
85
30
50
25
35
65
30
60
40
130
60
80
160
45
90
90
51
71
91
60
120
20
45
45
65
75
85
70
90
110
40
60
45
75
50
40
73
47
60
43
73
90
120
70
90
60
100
85
25
45
60
100
70
100
85
115
40
70
115
100
55
95
48
78
80
120
40
70
41
81
95
125
15
60
70
90
75
115
40
70
68
50
130
23
50
80
40
60
80
64
104
84
90
30
75
95
135
55
75
135
100
50
75
80
90
100
150
150
100
150
68
89
109
58
78
104
51
66
86
55
75
120
45
85
25
85
65
85
120
30
70
125
165
42
52
29
59
94
30
80
45
65
105
35
60
48
83
100
50
80
66
76
60
125
55
82
30
63
93
24
89
80
25
5
65
92
70
90
130
85
70
110
72
112
50
90
61
106
100
49
69
20
62
92
120
70
85
140
100
123
95
50
76
110
60
95
130
80
125
55
100
80
50
75
105
125
120
120
90
160
100
70
80
100
90
100
120
