-1
-1
-1
-1
-1
-1
-1
-1
-1
-1
-1
-1
-1
-1
-1
108
108
108
30
30
-1
-1
83
83
-1
-1
-1
-1
74
74
74
74
74
74
51
51
-1
-1
-1
-1
-1
-1
-1
-1
-1
19
19
111
111
5
5
109
109
11
11
3
3
24
24
15
15
15
40
40
40
60
60
60
-1
-1
-1
50
50
102
102
102
24
24
64
64
102
102
40
20
20
35
35
100
100
87
87
-1
-1
-1
102
27
27
84
84
97
97
-1
-1
48
48
73
43
62
-1
-1
75
75
81
46
80
89
89
120
120
59
59
22
109
27
-1
-1
56
3
-1
-1
84
-1
0
-1
-1
-1
16
84
84
7
7
69
110
-1
-1
-1
-1
-1
-1
-1
-1
-1
-1
-1
-1
-1
-1
-1
-1
-1
44
44
44
44
20
20
41
41
-1
38
38
-1
51
-1
81
81
20
20
-1
-1
-1
-1
33
33
75
15
46
46
46
65
92
92
13
119
119
-1
-1
104
64
-1
-1
-1
20
-1
-1
77
79
102
77
71
106
109
29
30
44
71
71
23
23
90
90
59
89
89
34
119
102
24
24
89
-1
-1
16
28
109
98
109
27
-1
-1
80
81
-1
-1
-1
-1
-1
-1
-1
-1
-1
-1
-1
-1
-1
-1
-1
-1
-1
-1
71
71
29
29
-1
-1
-1
-1
-1
72
72
72
20
20
20
-1
-1
-1
-1
113
113
113
-1
-1
67
67
-1
-1
-1
-1
-1
-1
-1
-1
-1
30
30
33
53
61
61
96
42
75
75
75
-1
-1
48
48
-1
-1
105
111
68
100
100
-1
-1
62
62
86
93
-1
64
64
108
5
-1
-1
-1
-1
-1
-1
-1
-1
-1
-1
4
4
84
84
-1
-1
-1
-1
-1
-1
-1
-1
-1
-1
28
28
-1
-1
92
-1
104
-1
37
37
37
37
37
-1
-1
-1
75
-1
-1
-1
-1
-1
-1
-1
-1
-1
-1
-1
-1
-1
-1
-1
-1
-1
-1
-1
-1
-1
-1
-1
-1
-1
-1
-1
-1
-1
115
115
-1
-1
42
42
42
68
68
-1
-1
-1
-1
-1
-1
-1
-1
-1
65
-1
-1
-1
-1
101
101
65
116
116
45
45
-1
104
64
64
-1
1
1
31
31
75
22
81
108
-1
-1
-1
-1
110
40
40
-1
-1
89
89
19
19
-1
101
101
119
-1
-1
-1
102
62
93
46
-1
-1
81
111
-1
-1
79
90
16
-1
53
-1
-1
-1
-1
-1
-1
-1
-1
-1
-1
-1
-1
-1
-1
-1
-1
