45
60
80
39
58
78
44
59
79
45
50
60
40
45
65
40
63
83
30
55
40
65
35
60
35
60
50
75
55
70
90
46
61
81
70
95
38
73
115
140
40
75
45
60
75
35
60
60
70
10
35
40
65
50
80
40
65
55
90
40
65
90
25
40
55
70
80
90
50
65
80
40
80
40
55
80
50
65
90
95
25
50
52
35
60
65
90
80
105
30
50
30
45
60
35
60
85
30
55
40
60
60
95
50
60
50
50
90
40
65
80
105
250
65
105
30
55
45
80
30
60
40
70
65
65
65
65
75
20
95
130
48
55
130
65
65
65
35
70
30
60
80
160
90
90
90
41
61
91
106
100
45
60
80
39
58
78
50
65
85
35
85
60
100
40
55
40
70
85
75
125
20
50
90
35
55
40
65
55
70
90
75
70
100
70
90
35
55
75
55
30
75
65
55
95
65
95
60
95
60
48
190
70
50
75
100
65
75
60
90
65
70
20
80
55
60
90
40
50
50
100
55
35
75
45
65
65
45
75
75
90
90
85
73
55
35
50
45
45
45
95
255
90
115
100
50
70
100
106
106
100
40
50
70
45
60
80
50
70
100
35
70
38
78
45
50
60
50
60
40
60
80
40
70
90
40
60
40
60
28
38
68
40
70
60
60
60
80
150
31
61
1
64
84
104
72
144
50
30
50
70
50
50
50
60
70
30
60
40
70
60
60
65
65
50
70
100
45
70
130
170
60
70
70
60
80
60
45
50
80
50
70
45
75
73
73
70
70
50
110
43
63
40
60
66
86
45
75
20
95
70
60
44
64
20
40
99
65
65
95
50
80
70
90
110
35
55
55
100
43
45
65
95
40
60
80
80
80
80
80
80
100
100
105
100
50
55
75
95
44
64
76
53
64
84
40
55
85
59
79
37
77
45
60
80
40
60
67
97
30
60
40
60
70
30
70
60
55
85
45
70
76
111
75
90
150
55
65
60
100
49
71
45
63
103
57
67
50
20
100
76
50
58
68
108
135
40
70
68
108
40
70
48
83
74
49
69
45
60
90
70
70
110
115
100
75
75
85
86
65
65
75
110
85
68
60
45
70
50
75
80
75
100
90
91
110
150
120
80
100
70
100
120
