1:0 113 80|130 219|113 219|80 219|204 80|130 113
4:0 157 44|44 251|44 200|157 246|187 157|246 44|157 200
7:0 193 93|54 114|54 243|54 193
16:0 193 185|228 185
19:0 68 154 103 172 179 44
21:0 206 98|161 185|98 185|161 98
23:0 242 21 228 180 251
27:0 68 175 229 232 219
29:0 204 68 36 251 116 48 50
32:0 68 36 93 251 133 48 50
37:0 175 180 95 185 50
41:0 18 16|98 16|98 185|18 98|228 98|228 185|185 16|228 16|18 185|18 228
43:0 175 75|75 235|204 75|235 14|204 235|75 14|175 235
46:0 68 103|68 206|175 113|68 113|228 113|68 175|103 60|60 113|68 228|206 113|103 228|206 228
48:0 103 226
50:0 103 228 246 251 185
52:0 204 180 95 133
54:0 238 193 58 94 60 248 95 113
56:0 68 157 193 179 96 251
58:0 34 37 242 219 83
60:0 61 114|170 54|61 150|54 61|170 61|54 114|170 114|170 150
63:0 227 112|227 113|112 113
66:0 227 113|227 96|27 113|27 96|113 96
69:0 227 235|141 115|115 14|141 14|115 235|227 115|235 14|141 235
72:0 62 114|243 219|229 62
74:0 157 5
77:0 204 172 37 24 95 98
79:0 248 219|187 23
83:0 119 175 193 211 98 16
84:0 114 98|114 48|175 114|175 98|98 48|175 48|114 185|98 185|48 185
86:0 122 21 227 195 64 50
88:0 122 114|122 212|212 114
90:0 103 229|36 229|103 36|103 112|36 112|36 61|229 112|229 61|103 61|112 61
92:0 114 149|195 149
95:0 157 175
96:0 112 113
98:0 21 114|175 91
102:0 72 236|235 236|246 235|72 235
104:0 103 246|187 103|157 130|130 14|157 246|187 157|157 14|103 130|103 157|195 130|187 130|103 14
108:0 187 34
109:0 60 149|60 220|103 149|103 60|149 220|103 220
111:0 68 222 37 242 157 228 179
113:0 215 217|215 118|217 118
114:0 93 115|175 115|115 133
115:0 193 219|23 50|116 50|219 50
116:0 190 62|175 62|62 50|62 150|62 82|175 150|175 82|150 82
118:0 56 114|60 114
120:0 112 48|62 48|112 62
122:0 102 248|102 95|248 95
123:0 68 179|226 113|68 113|113 219|226 219|13 219
127:0 175 31
133:0 204 175
138:0 61 114|61 48|62 114|62 48|114 48|21 61|21 62|21 114|21 48|61 62
140:0 175 229|175 62|91 229|91 61|229 61|229 62|61 62|175 91
142:0 18 193|18 228
147:0 114 48|54 114
152:0 73 246|22 246|73 14|22 14|68 175|68 14|175 22|73 22
155:0 154 37 193 179 98 66
158:0 37 246|242 246|157 246|37 242|37 157|242 157|246 13
161:0 38 228 179 163 116
163:0 119 17|119 18|17 18|143 185|48 185|17 48|143 48|18 48|119 185|17 185|119 143|17 143|18 185|18 143
165:0 60 117
167:0 60 50|226 228|226 60|226 50|228 49
172:0 3 227 179 217 117
173:0 217 118|150 133|150 118|133 118|102 150|102 133|187 133|102 118|187 118
174:0 217 185
175:0 193 64|193 248|119 193|119 64|248 217|248 64
177:0 114 98|114 65|98 65|114 185|211 114|98 185|211 98|65 185|211 65|211 185
179:0 85 34 103 36 115 219
183:0 248 133|113 217|113 133|193 195|193 113|193 248|195 248|187 113|195 133|187 133|248 113|187 195|248 217
187:0 93 115|45 115|38 93|45 133|227 45|115 133|227 115|38 45|227 133|6 45|38 115|38 6|38 133|6 115|38 227
190:0 68 103 3 21 228 180 97 251
193:0 18 141
194:0 34 246 219
198:0 119 17|119 18|17 18|98 65|17 98|18 98|143 98|143 65|18 65|119 98|119 143|119 65|17 143|18 143
200:0 103 194
203:0 36 193 248 251 133
204:0 42 115|42 129|129 115
206:0 157 246 44 99 117
207:0 68 17|232 13|68 232|17 232|17 13
209:0 122 242 43 215 217 115 185 118
211:0 61 114|61 48|175 61|114 48|175 114|175 48
214:0 106 117|175 117|106 175
215:0 68 193 180 44 115
216:0 68 69 36 242 232 116
220:0 34 36 157 246 44
222:0 103 157|133 219|103 133|103 219|54 133|54 219
223:0 190 114|190 48|114 48|103 190|103 48
225:0 229 248 62 98 150
226:0 239 21|239 56|21 114|56 114|239 114|21 56
227:0 228 143|228 65|143 65|18 65|18 228|18 143
228:0 68 228 179 180 251 99 83
231:0 34 55 246 116
234:0 180 44 113 115 50
236:0 170 136|170 183|136 183|229 183|170 229|136 229
239:0 238 2|2 27|2 96|238 27|238 96|112 96|27 96
240:0 238 103|238 2|103 2|103 112|238 5|103 5|5 112|2 5
241:0 69 179 217
246:0 23 228|246 116