1:0 22 33 45 73 74 75 76 77 79 230 235
2:0 22 33 45 73 74 75 76 77 79 230 235
3:0 22 33 45 73 74 75 76 77 79 230 235
4:0 10 45 52 53 82 83 99 108 163 184
5:0 10 45 52 53 82 83 99 108 163 184
6:0 10 17 45 52 53 82 83 99 108 163 184
7:0 33 39 44 55 56 110 130 145 182 229 240
8:0 33 39 44 55 56 110 130 145 182 229 240
9:0 33 39 44 55 56 110 130 145 182 229 240
10:0 33 81
11:0 106
12:0 16 18 48 60 77 78 79 93 219
13:0 40 81
14:0 106
15:0 31 41 42 97 99 116 228
16:0 16 17 18 28 33 97 98 119
17:0 16 17 18 28 33 97 98 119
18:0 16 17 18 28 33 97 98 119
19:0 33 39 98 116 158 162 228
20:0 33 39 98 158 162 184 228
21:0 31 43 45 64 65 97 119 228
22:0 31 43 45 64 65 97 119 228
23:0 35 40 43 44 51 103 114 137
24:0 35 40 43 44 51 103 114 137
25:0 21 39 45 84 85 86 87 97 98 104 113
26:0 39 84 85 98
27:0 10 28 40 111 129 154 163 201
28:0 10 28 40 111 129 154 163 201
29:0 10 24 33 39 40 44 45 154
30:0 10 24 33 39 40 44 45 154
31:0 10 24 33 34 39
32:0 24 30 31 32 33 40 43 116
33:0 24 30 31 32 33 40 43 116
34:0 24 30 33 37 40
35:0 1 3 45 47 107 111 113 118 227 236
36:0 3 47 118 236
37:0 39 46 52 53 83 98 109 219
38:0 52 83 98 109 219
39:0 1 3 34 38 47 50 111 156 205
40:0 3 47 50 111
41:0 17 44 48 109 114 141 212
42:0 17 44 48 103 109 114 141 212
43:0 51 71 77 78 79 80 230 236
44:0 51 71 77 78 79 80 230 236
45:0 71 78 80 230
46:0 10 74 77 78 141 147 163 202
47:0 10 74 77 78 141 147 163 202
48:0 33 48 50 60 77 78 79 93 94 141 193
49:0 16 33 48 50 60 77 78 79 93 94 141 193
50:0 10 28 45 89 90 91 163 222
51:0 10 28 45 89 90 91 161 163 222
52:0 6 10 44 45 103 154 163 185
53:0 6 10 44 45 103 154 163 185
54:0 10 39 50 56 93 103 154 244
55:0 10 39 50 56 93 103 154 244
56:0 2 10 37 43 67 69 103 116 154 238
57:0 2 10 37 43 67 69 99 103 116 154 238
58:0 36 43 44 46 52 53 97 172
59:0 36 43 46 172 245
60:0 3 34 55 56 95 145 187 240
61:0 3 34 55 56 95 145 187 240
62:0 3 55 66 95 170
63:0 100
64:0 50 60 93 94 100 105 115 134 248
65:0 50 60 93 94 100 105 115 134 248
66:0 2 43 66 67 69 116 184 193 233 238
67:0 2 43 66 67 69 116 184 193 233 238
68:0 2 43 66 67 69 116 184 193 233 238
69:0 21 22 35 51 74 75 77 78 79 230
70:0 21 22 35 51 74 75 77 78 79 230
71:0 22 75 79 230
72:0 35 40 48 51 56 61 103 112 132
73:0 35 40 48 51 56 61 103 112 132
74:0 33 88 89 106 111 120 153 205 222
75:0 33 88 89 106 111 120 153 205 222
76:0 33 88 89 106 111 120 153 205 222
77:0 23 33 36 39 45 52 83 97 126
78:0 23 31 33 36 39 45 52 83 97 126
79:0 29 33 45 50 55 93 94 133 174
80:0 29 33 45 50 55 93 94 110 133 174
81:0 33 48 49 84 86 103 129 192 199
82:0 33 48 49 84 86 103 161 192 199
83:0 14 28 31 43 64 97 163 206
84:0 31 45 64 65 97 99 161 228
85:0 31 45 64 65 97 99 161 228
86:0 29 36 45 58 62 156 219
87:0 29 36 45 58 62 156 219
88:0 1 50 103 106 107 124 139 151 188
89:0 1 50 103 106 107 124 139 151 188
90:0 33 43 48 58 62 110 128 182
91:0 48 62 110 131 182 191
92:0 95 101 109 122 138 174 180 194 212
93:0 95 101 109 122 138 174 180 194 212
94:0 95 101 109 122 138 174 180 194 212
95:0 20 21 33 88 99 103 106 201
96:0 1 29 50 93 94 95 96 139 244 248
97:0 1 29 50 93 94 95 96 139 244 248
98:0 11 12 23 43 106 145 152 182
99:0 11 12 23 43 106 145 152 182
100:0 33 49 103 113 120 129 153 205 243
101:0 33 49 103 113 120 129 153 205 243
102:0 73 76 77 78 79 93 95 115 140
103:0 23 93 95 121 140
104:0 29 37 39 43 45 99 116 125 155 198 206
105:0 29 37 39 43 45 99 116 125 155 198 206
106:0 24 25 26 27 96 116 136 170 179 193 203
107:0 4 5 7 8 9 68 97 183 197 228
108:0 21 23 35 48 50 103 111 122
109:0 33 108 114 120 123 124 139 153 194
110:0 33 108 114 120 123 124 139 153 194
111:0 23 30 31 32 36 39 89 184
112:0 23 30 31 32 36 39 89 184
113:0 1 3 38 39 45 47 107 111 113 121 135
114:0 20 21 22 71 72 74 77 78 79 132
115:0 4 5 39 43 44 99 146 179 203
116:0 43 55 56 97 108 145 239
117:0 43 55 56 97 108 145 239
118:0 30 31 32 39 48 64 97 127 175
119:0 30 31 32 39 48 64 97 127 175
120:0 33 55 56 61 105 106 107 113 129 229
121:0 33 61 105 109 229
122:0 3 60 93 96 112 113 115 164 219 226 227
123:0 14 17 43 97 98 104 116 163 206 228
124:0 1 3 8 34 59 122 142 181 195 212
125:0 9 43 85 87 98 103 113 129
126:0 7 43 52 53 108 109 123 126 241
127:0 11 12 14 20 66 69 106 116
128:0 30 33 36 37 39 99 156 184 228
129:0 33 150 175
130:0 37 43 44 56 63 82 239 240
131:0 34 45 47 54 55 56 58 109 195 219 240
132:0 144
133:0 28 33 36 39 44 45 98 226
134:0 28 33 39 44 55 56 62 98 114 151
135:0 24 28 33 39 42 84 86 87 97 98
136:0 28 33 39 43 44 52 53 83 98 123
137:0 33 60 97 105 159 160 161 176 192 199
138:0 43 44 55 56 110 132 182 246
139:0 43 44 55 56 110 131 132 182 246
140:0 10 28 43 71 72 106 203 246
141:0 10 28 43 71 72 106 163 203 246
142:0 17 36 44 48 63 97 184 246
143:0 29 33 34 63 111 133 156 173 187 205
144:0 16 54 58 59 97 115 170 181
145:0 64 65 84 86 87 97 113 197
146:0 17 52 53 83 97 143 203 219
147:0 21 35 43 63 82 86 97 200 219 239
148:0 21 35 43 63 82 86 97 200 219 239
149:0 17 21 35 43 63 82 86 97 200 219 239
150:0 50 54 93 94 105 112 129 133 219 244 248
151:0 1 5 94 118 144 246
152:0 33 34 45 75 76 77 113 115 219 235
153:0 33 34 45 75 76 77 113 115 219 235
154:0 33 34 45 75 76 77 113 115 219 235
155:0 33 43 52 53 98 108 129 172
156:0 33 43 52 53 98 108 129 172
157:0 33 43 52 53 98 108 129 172
158:0 10 43 44 55 56 99 103 163 184
159:0 10 43 44 55 56 99 103 163 184
160:0 10 43 44 55 56 99 103 163 184
161:0 21 33 98 111 133 154 156
162:0 10 21 98 111 133 154 156
163:0 33 36 45 64 93 95 115 138 193
164:0 33 36 45 64 93 95 115 138 193
165:0 4 33 38 48 97 113 115 129 219 226
166:0 4 33 38 48 97 113 115 129 219 226
167:0 40 81 94 97 101 132 141 154 169 184
168:0 40 81 94 97 101 132 141 154 169 184
169:0 17 44 48 103 109 114 141 212
170:0 36 48 55 56 86 109 145 175 209
171:0 36 48 55 56 86 109 145 175 209
172:0 39 84 86 186 204
173:0 1 47 186 204 227
174:0 1 47 111 186 204
175:0 38 45 118 186 204 219 227
176:0 38 45 118 186 204 219 227
177:0 43 64 94 100 101 109 248
178:0 43 64 94 100 101 109 248
179:0 33 45 84 86 87 113 178
180:0 33 45 84 86 87 113 178
181:0 9 33 45 84 86 87 113 178
182:0 71 76 78 80 230
183:0 33 38 39 55 61 111 205 240
184:0 33 38 39 55 61 111 205 240
185:0 21 67 88 102 157 175 185
186:0 3 55 95 195 207
187:0 33 39 72 73 77 78 79 150 178 235
188:0 33 39 72 73 77 78 79 150 178 235
189:0 33 39 72 73 77 78 79 150 178 235
190:0 10 28 39 97 103 129 154 226
191:0 71 72 74 202 235 241
192:0 1 71 74 75 76 80 241
193:0 17 33 48 49 98 103 104 193 197
194:0 21 39 54 55 89 114 133 240
195:0 21 39 54 55 89 114 133 240
196:0 28 33 39 60 93 94 98 129 234 244
197:0 28 33 39 98 103 109 185 212 228 236
198:0 64 101 114 185 212 228
199:0 29 33 45 50 55 93 94 174 207
200:0 45 60 109 149 180 195 212 220
201:0 237
202:0 68 194 219 243
203:0 23 33 45 60 93 97 226 242
204:0 33 36 38 117 120 153 182 191 229
205:0 33 36 38 117 120 153 182 191 229
206:0 36 99 103 111 137 180 228
207:0 12 28 40 98 103 106 163 185
208:0 20 21 33 88 99 103 106 201 242
209:0 33 36 39 44 46 99 122 184 204
210:0 33 36 39 44 46 99 122 184 204
211:0 33 36 40 42 55 56 106 107 191
212:0 14 43 97 98 104 116 163 206 228 232
213:0 35 110 117 132 156 219 227
214:0 30 31 33 36 43 68 179 203 224
215:0 10 43 97 98 103 154 163 185 232 251
216:0 10 37 43 122 154 156 163 173 185
217:0 10 37 43 122 154 156 163 173 185
218:0 34 52 53 88 106 123 133 157
219:0 34 52 53 88 106 123 133 157
220:0 33 36 54 59 133 181 203
221:0 30 31 36 54 59 133 181 203
222:0 33 61 105 106 131 145 243 246
223:0 55 58 60 61 62 63 116 199
224:0 55 58 60 61 62 63 116 132 190
225:0 217
226:0 17 33 36 48 61 97 109 145
227:0 28 31 43 64 97 129 211
228:0 43 44 46 52 53 123 185 242
229:0 43 44 46 52 53 123 185 242
230:0 43 55 56 97 108 145 239
231:0 33 36 38 45 111 175 203 205
232:0 30 31 45 89 111 175 205 229
233:0 33 60 97 105 111 160 161 176 192 199
234:0 23 28 33 36 43 95 109
235:0 166
236:0 33
237:0 27 68 97 98 116 167 197 228 229
238:0 1 47 59 93 94 122 181 186 195 212
239:0 9 43 85 87 98 103 113 129
240:0 7 43 52 53 108 109 123 126 241
241:0 23 33 34 45 111 117 205 208 215
242:0 1 3 38 39 45 47 107 111 113 121 135
243:0 43 44 46 84 87 98 115 209 242
244:0 23 43 44 46 52 53 83 126 207
245:0 16 43 44 54 56 61 62 240 243
246:0 37 43 44 63 89 103 157 184 201 242
247:0 37 43 44 63 89 103 157 184 201 242
248:0 37 43 44 63 89 103 157 184 201 242
249:0 16 18 56 105 129 177 219 240 246 248
250:0 16 18 105 126 129 219 221 241 246 248
251:0 73 93 105 195 215 219 226 246 248
