11:0 33 81
12:0 33 81 106
14:0 40 81
15:0 40 81 106
20:0 116
25:0 186 204
26:0 21 45 86 87 97 104 113 186 204
31:0 40 44 45 154
34:0 31 32 43 116
35:0 186 204
36:0 1 45 107 111 113 186 204 227
38:0 39 46 53
39:0 186 204
40:0 1 34 38 156 186 204 205
45:0 51 77 79 236
59:0 44 52 53 97
62:0 34 56 145 187 240
71:0 21 35 51 74 77 78
82:0 129
91:0 33 43 58 128
103:0 73 76 77 78 79 115
106:0 33
107:0 33
121:0 55 56 106 107 113 129
124:0 47 93 94 186
130:0 33 150 175
134:0 36 45 226
135:0 36 44 45 226
136:0 36 45 226
162:0 33
182:0 51 77 79 236
186:0 34 56 145 187 240
192:0 72 202 235
196:0 36 44 45 226
197:0 36 44 45 226
199:0 133
212:0 17
221:0 33
224:0 199
232:0 33 36 38 203
233:0 159
237:0 33
