0 0
1 100
2 100
3 85
4 85
5 85
6 100
7 100
8 100
9 100
10 100
11 100
12 30
13 100
14 101
15 95
16 100
17 100
18 100
19 95
20 85
21 75
22 100
23 100
24 100
25 75
26 95
27 85
28 100
29 100
30 100
31 85
32 30
33 100
34 100
35 90
36 85
37 100
38 100
39 100
40 100
41 100
42 95
43 100
44 100
45 100
46 100
47 55
48 55
49 90
50 100
51 100
52 100
53 100
54 101
55 100
56 80
57 100
58 100
59 70
60 100
61 100
62 100
63 90
64 100
65 100
66 80
67 100
68 100
69 100
70 100
71 100
72 100
73 90
74 101
75 95
76 100
77 75
78 75
79 75
80 100
81 95
82 100
83 85
84 100
85 100
86 100
87 70
88 90
89 100
90 30
91 100
92 90
93 100
94 100
95 60
96 101
97 101
98 100
99 100
100 101
101 100
102 101
103 85
104 101
105 101
106 101
107 101
108 100
109 100
110 101
111 101
112 101
113 101
114 101
115 101
116 101
117 101
118 101
119 101
120 100
121 75
122 100
123 70
124 100
125 85
126 85
127 100
128 85
129 101
130 100
131 100
132 100
133 101
134 80
135 101
136 90
137 100
138 100
139 90
140 85
141 100
142 75
143 90
144 101
145 100
146 100
147 100
148 100
149 80
150 101
151 101
152 90
153 100
154 80
155 90
156 101
157 90
158 90
159 101
160 101
161 100
162 90
163 100
164 101
165 101
166 101
167 90
168 100
169 101
170 101
171 100
172 100
173 100
174 101
175 100
176 101
177 95
178 100
179 100
180 100
181 100
182 101
183 100
184 100
185 101
186 75
187 101
188 100
189 100
190 85
191 101
192 50
193 101
194 101
195 101
196 95
197 101
198 90
199 101
200 100
201 101
202 100
203 101
204 100
205 90
206 100
207 90
208 101
209 100
210 95
211 90
212 101
213 100
214 101
215 101
216 100
217 90
218 100
219 101
220 101
221 95
222 100
223 50
224 85
225 100
226 101
227 100
228 100
229 100
230 100
231 75
232 95
233 101
234 101
235 101
236 101
237 100
238 80
239 100
240 101
241 101
242 100
243 100
244 101
245 100
246 100
247 100
248 100
249 100
250 85
251 100
252 100
253 100
254 101
255 100
256 101
257 90
258 101
259 100
260 100
261 85
262 100
263 100
264 100
265 100
266 101
267 101
268 101
269 100
270 101
271 100
272 101
273 101
274 101
275 101
276 100
277 101
278 101
279 100
280 100
281 101
282 100
283 100
284 100
285 101
286 101
287 101
288 101
289 101
290 100
291 100
292 100
293 101
294 101
295 100
296 100
297 100
298 100
299 90
300 101
301 90
302 100
303 101
304 100
305 100
306 95
307 90
308 90
309 85
310 100
311 100
312 101
313 100
314 95
315 90
316 101
317 95
318 100
319 85
320 55
321 100
322 101
323 100
324 100
325 101
326 100
327 90
328 85
329 30
330 85
331 100
332 101
333 100
334 101
335 101
336 101
337 100
338 90
339 101
340 85
341 95
342 100
343 100
344 100
345 101
346 101
347 101
348 100
349 101
350 90
351 101
352 100
353 100
354 90
355 101
356 101
357 101
358 100
359 90
360 100
361 101
362 100
363 100
364 100
365 100
366 101
367 101
368 100
369 100
370 100
371 100
372 100
373 100
374 100
375 90
376 101
377 100
378 100
379 101
380 100
381 101
382 101
383 101
384 101
385 101
386 100
387 100
388 100
389 100
390 101
391 101
392 101
393 101
394 100
395 100
396 101
397 101
398 100
399 100
400 100
401 90
402 100
403 95
404 100
405 100
406 100
407 75
408 100
409 100
410 100
411 70
412 100
413 100
414 100
415 100
416 90
417 101
418 100
419 100
420 100
421 100
422 95
423 95
424 95
425 100
426 85
427 100
428 90
429 85
430 100
431 85
432 101
433 101
434 90
435 100
436 100
437 90
438 85
439 90
440 100
441 80
442 100
443 101
444 80
445 100
446 101
447 100
448 100
449 100
450 100
451 90
452 100
453 100
454 100
455 101
456 101
457 80
458 90
459 90
460 95
461 101
462 100
463 75
464 80
465 85
466 100
467 100
468 101
469 101
470 101
471 101
472 101
473 100
474 100
475 101
476 101
477 101
478 101
479 100
480 100
481 100
482 100
483 101
484 100
485 100
486 100
487 100
488 100
489 101
490 100
491 100
492 100
493 100
494 100
495 101
496 100
497 100
498 100
499 101
500 100
501 101
502 101
503 100
504 101
505 101
506 100
507 100
508 101
509 90
510 100
511 100
512 100
513 101
514 100
515 100
516 101
517 50
518 100
519 100
520 100
521 100
522 100
523 100
524 90
525 90
526 101
527 95
528 100
529 95
530 90
531 100
532 100
533 100
534 95
535 100
536 90
537 100
538 101
539 95
540 100
541 85
542 70
543 100
544 85
545 100
546 100
547 100
548 100
549 95
550 85
551 85
552 100
553 90
554 90
555 95
556 90
557 95
558 100
559 100
560 100
561 100
562 101
563 100
564 100
565 100
566 95
567 100
568 100
569 101
570 100
571 100
572 100
573 100
574 100
575 100
576 100
577 100
578 100
579 100
580 100
581 100
582 100
583 100
584 90
585 101
586 101
587 100
588 101
589 101
590 101
591 100
592 101
593 101
594 101
595 101
596 100
597 101
598 101
599 101
600 100
601 100
602 100
603 101
604 101
605 101
606 100
607 100
