0 0
7 10
8 10
9 10
20 100
34 30
35 100
40 30
41 20
52 10
53 10
58 10
59 10
60 10
83 100
84 10
85 10
87 30
93 10
122 30
123 40
124 30
126 10
128 100
130 100
146 20
161 20
172 10
181 10
188 30
192 100
209 30
221 50
223 100
225 30
250 100
257 10
290 30
299 10
305 50
324 10
328 100
340 30
342 10
344 10
352 20
394 10
395 30
398 30
422 10
423 10
424 10
431 20
435 30
436 30
440 10
441 30
448 100
463 100
466 10
479 100
482 10
503 30
517 100
524 100
542 30
545 30
547 10
550 20
551 20
553 30
554 30
568 10
575 100
613 30
