0 0
1 73
2 73
3 73
4 201
5 201
6 72
7 201
8 201
9 201
10 73
11 73
12 73
13 74
14 32
15 73
16 2120
17 2121
18 8272
19 2635
20 73
21 73
22 73
23 73
24 73
25 73
26 585
27 73
28 88
29 73
30 73
31 73
32 73
33 73
34 73
35 73
36 73
37 73
38 73
39 88
40 72
41 72
42 72
43 88
44 16457
45 344
46 8528
47 344
48 344
49 72
50 8280
51 72
52 72
53 72
54 32
55 72
56 72
57 72
58 72
59 72
60 72
61 72
62 72
63 76
64 2121
65 2121
66 73
67 73
68 9
69 73
70 73
71 4168
72 4168
73 88
74 32
75 72
76 74
77 32856
78 32856
79 32856
80 73
81 88
82 72
83 72
84 72
85 72
86 88
87 72
88 72
89 72
90 72
91 75
92 88
93 72
94 72
95 88
96 32
97 32
98 73
99 73
101 72
102 8200
103 344
104 32
105 4128
106 32
107 32
108 88
109 88
110 32
111 32
112 32
113 32
115 32
116 32
117 9
120 72
121 65608
122 73
123 72
124 72
125 72
126 72
127 73
128 73
129 72
130 75
131 72
132 73
133 32
134 88
135 4128
136 585
137 88
138 4168
139 88
140 65608
141 4169
142 88
143 2122
145 72
146 201
147 32856
148 88
149 72
150 512
151 32
152 73
153 72
154 73
155 72
156 4128
157 72
158 16457
159 32
160 32
161 72
162 73
163 73
164 32
165 9
166 8192
167 73
168 73
169 88
170 72
171 72
172 1097
173 328
174 8192
175 73
176 8192
177 2120
178 32856
179 73
180 8280
181 72
183 201
184 88
185 73
186 88
187 32
188 65608
189 72
190 65608
191 16
192 65608
193 8280
194 8192
195 10496
196 72
198 72
199 72
200 73
202 4168
204 88
205 73
206 73
207 88
208 4128
209 73
210 73
211 73
212 88
213 8280
215 288
216 73
217 72
218 73
219 32
220 72
221 1096
222 72
223 201
224 73
225 72
227 8280
228 73
229 73
230 88
231 73
232 73
233 73
234 4128
235 4128
236 4128
237 72
238 73
239 72
242 16457
243 8
244 8192
245 73
246 72
247 65608
249 73
250 72
251 72
252 73
253 328
254 32
255 8
256 4128
257 72
259 8280
260 88
261 88
262 72
263 73
264 137
265 73
268 32
269 8280
270 8192
271 72
272 8192
273 4128
275 32
276 73
278 32
279 73
280 73
281 88
282 73
283 73
284 72
285 8264
286 8224
287 32
288 8192
289 8192
290 72
291 75
292 73
293 32
294 32
295 72
296 65608
297 88
298 72
299 73
301 65609
302 73
303 4128
304 328
305 16457
306 73
307 76
308 76
309 201
310 73
311 65608
312 32
313 88
314 72
315 72
316 8280
317 72
318 72
319 344
320 344
321 88
322 32
323 72
324 72
325 201
326 72
327 201
328 72
329 72
330 72
331 65608
332 2121
333 72
334 32
335 88
336 32
337 73
338 76
339 32
340 2635
341 72
342 73
343 73
344 73
345 72
347 32
348 73
349 32
350 72
351 72
352 2120
354 72
355 4128
357 8280
358 73
359 201
360 65609
361 4128
362 72
363 72
365 2121
366 32
368 72
369 73
370 73
371 73
372 73
373 88
374 72
375 72
376 73
377 88
378 73
379 32
380 88
381 32
382 8200
384 8264
385 8264
386 73
387 73
388 88
389 73
390 16
391 8264
392 32
393 544
394 1097
395 73
396 67656
397 32
398 73
399 2120
400 73
401 73
402 65608
403 2120
404 73
405 328
406 2120
407 73
408 72
409 4297
410 72
411 65608
412 65608
413 2121
414 72
415 72
416 77
417 32
418 201
419 73
420 72
421 73
422 73
423 16457
424 16457
425 16457
426 65608
427 72
428 73
429 72
430 72
431 73
432 8280
433 64
434 72
435 72
436 72
437 72
438 73
439 76
440 73
441 72
442 73
443 65608
444 72
445 88
446 16
447 73
448 2312
449 72
450 73
451 72
452 73
453 73
454 72
455 32
456 4128
457 73
458 73
459 76
460 72
461 4128
462 73
463 72
464 88
465 72
466 72
467 67
468 32
469 32
470 8
471 8
472 64
473 72
474 72
475 32
476 32768
477 600
478 64
479 72
480 73
481 72
482 72
483 32
484 73
485 72
486 65608
487 88
488 73
489 32
490 73
491 65608
492 73
493 88
494 88
495 8192
496 328
497 328
498 73
499 72
500 72
501 32
503 1096
504 32
505 6168
506 72
507 2635
508 32
509 73
510 72
511 72
512 2121
513 8200
514 73
515 9
516 8264
517 72
518 72
519 72
520 72
521 72
522 72
523 72
524 72
525 73
526 32
527 72
528 73
529 73
530 73
531 73
532 4169
533 73
534 73
535 73
536 72
537 73
538 32
539 72
540 72
541 73
542 2120
543 73
544 73
545 72
546 72
547 328
548 72
549 72
550 73
551 72
552 72
553 74
554 74
555 328
556 72
557 73
558 1096
559 72
560 88
561 328
563 72
564 4169
565 72
566 73
567 72
568 72
569 2
570 72
571 73
572 72
573 72
574 344
575 73
576 4168
577 4168
578 577
579 73
580 88
581 72
582 72
583 32
584 72
585 336
586 328
587 88
589 64
591 73
592 32
595 32
596 72
598 32
600 344
601 32856
602 201
605 16
606 72
607 88
610 73
