0 0
1 40
2 50
3 15
4 18
5 80
6 40
7 75
8 75
9 75
10 40
11 55
12 1
13 80
15 50
16 40
17 60
19 90
20 15
21 80
22 45
23 65
24 30
25 120
26 100
27 60
29 70
30 65
31 15
32 1
33 50
34 85
35 15
36 90
37 120
38 120
40 15
41 25
42 14
44 60
49 1
51 40
52 40
53 90
55 40
56 110
57 95
58 90
59 110
60 65
61 65
62 65
63 150
64 35
65 80
66 80
67 1
68 1
69 1
70 80
71 20
72 40
75 55
76 120
80 120
82 1
83 35
84 40
85 90
87 110
88 50
89 100
90 1
91 80
93 50
94 90
98 40
99 20
101 1
117 1
120 200
121 100
122 30
123 20
124 65
125 65
126 110
127 80
128 35
129 60
130 100
131 20
132 10
136 130
138 100
140 15
141 20
143 140
145 40
146 70
149 1
152 90
153 250
154 18
155 50
157 75
158 80
161 80
162 1
163 70
165 50
167 10
168 40
172 60
173 40
175 1
177 100
179 1
181 40
183 40
185 60
188 90
189 20
190 65
192 120
196 55
198 25
200 120
202 75
205 30
206 40
209 65
210 40
211 70
216 1
217 1
218 1
221 100
222 1
223 100
224 120
225 60
228 40
229 20
231 100
232 50
233 70
237 60
238 100
239 40
242 80
243 1
245 80
246 60
247 80
248 100
249 40
250 35
251 1
252 40
253 90
255 1
257 100
263 70
264 150
265 60
276 120
279 60
280 75
282 65
283 1
284 150
290 70
291 80
292 15
295 70
296 70
299 85
301 30
302 60
304 90
305 50
306 75
307 150
308 150
309 100
310 30
311 50
314 55
315 140
317 60
318 60
323 150
324 75
325 60
326 80
327 85
328 35
329 1
330 95
331 25
332 60
333 25
337 80
338 150
340 85
341 55
342 50
343 60
344 120
345 60
348 90
350 25
351 60
352 60
353 140
354 140
358 60
359 100
360 1
362 65
363 1
364 30
365 60
368 1
369 70
370 120
371 50
372 50
374 1
376 1
378 1
382 1
386 1
387 140
389 80
394 120
395 60
396 80
398 80
399 80
400 70
401 90
402 80
403 75
404 80
405 90
406 85
407 100
408 70
409 75
410 40
411 120
412 80
413 120
414 90
416 150
418 40
419 60
420 40
421 70
422 65
423 65
424 65
425 40
426 65
427 70
428 80
429 65
430 80
431 90
434 140
435 80
436 80
437 140
438 120
439 150
440 70
441 120
442 80
443 60
444 100
447 1
448 60
449 100
450 60
451 50
452 120
453 40
454 90
457 150
458 35
459 150
460 100
462 1
463 120
465 120
466 60
467 120
473 80
474 65
479 50
480 40
481 70
482 95
484 1
485 120
486 1
488 50
490 65
491 40
492 95
496 60
497 40
498 70
499 50
500 20
503 80
506 50
507 60
509 60
510 30
512 55
514 70
515 1
517 100
518 50
519 50
520 50
521 70
522 50
523 60
524 60
525 60
527 55
528 90
529 80
530 40
531 60
532 75
533 90
534 75
535 1
536 65
537 65
539 85
540 100
541 25
542 110
543 120
544 50
545 100
546 85
547 75
548 85
549 65
550 130
551 130
552 80
553 140
554 140
555 55
556 85
557 180
558 100
559 100
561 140
563 80
564 75
565 40
566 80
568 70
570 70
571 20
572 95
573 65
575 20
576 80
577 75
578 90
579 70
582 15
584 120
586 40
591 30
596 90
602 40
