0 0
1 35
2 25
3 10
4 15
5 20
6 20
7 15
8 15
9 15
10 35
11 30
12 5
13 10
14 20
15 30
16 35
17 35
18 20
19 15
20 20
21 20
22 25
23 20
24 30
25 5
26 10
27 15
28 15
29 15
30 25
31 20
32 5
33 35
34 15
35 20
36 20
37 10
38 15
39 30
40 35
41 20
42 20
43 30
44 25
45 40
46 20
47 15
48 20
49 20
50 20
51 30
52 25
53 15
54 30
55 25
56 5
57 15
58 10
59 5
60 20
61 20
62 20
63 5
64 35
65 20
66 25
67 20
68 20
69 20
70 15
71 25
72 15
73 10
74 20
75 25
76 10
77 35
78 30
79 15
80 10
81 40
82 10
83 15
84 30
85 15
86 20
87 10
88 15
89 10
90 5
91 10
92 10
93 25
94 10
95 20
96 40
97 30
98 30
99 20
100 20
101 15
102 10
103 40
104 15
105 10
106 30
107 10
108 20
109 10
110 40
111 40
112 20
113 30
114 30
115 20
116 30
117 10
118 10
119 20
120 5
121 10
122 30
123 20
124 20
125 20
126 5
127 15
128 15
129 20
130 10
131 15
132 35
133 20
134 15
135 10
136 10
137 30
138 15
139 40
140 20
141 15
142 10
143 5
144 10
145 30
146 10
147 15
148 20
149 15
150 40
151 20
152 10
153 5
154 15
155 10
156 10
157 10
158 15
159 30
160 30
161 10
162 10
163 20
164 10
165 1
166 1
167 10
168 25
169 10
170 5
171 15
172 25
173 15
174 10
175 15
176 30
177 5
178 40
179 15
180 10
181 25
182 10
183 30
184 10
185 20
186 10
187 10
188 10
189 10
190 10
191 20
192 5
193 40
194 5
195 5
196 15
197 5
198 10
199 5
200 10
201 10
202 10
203 10
204 20
205 20
206 40
207 15
208 10
209 20
210 20
211 25
212 5
213 15
214 10
215 5
216 20
217 15
218 20
219 25
220 20
221 5
222 30
223 5
224 10
225 20
226 40
227 5
228 20
229 40
230 20
231 15
232 35
233 10
234 5
235 5
236 5
237 15
238 5
239 20
240 5
241 5
242 15
243 20
244 10
245 5
246 5
247 15
248 10
249 15
250 15
251 10
252 10
253 10
254 20
255 10
256 10
257 10
258 10
259 15
260 15
261 15
262 10
263 20
264 20
265 10
266 20
267 20
268 20
269 20
270 20
271 10
272 10
273 10
274 20
275 20
276 5
277 15
278 10
279 10
280 15
281 10
282 25
283 5
284 5
285 10
286 10
287 20
288 5
289 10
290 20
291 10
292 20
293 20
294 20
295 5
296 5
297 15
298 20
299 10
300 15
301 20
302 15
303 10
304 10
305 15
306 10
307 5
308 5
309 10
310 15
311 10
312 5
313 20
314 25
315 5
316 40
317 15
318 5
319 40
320 15
321 20
322 20
323 5
324 15
325 20
326 20
327 15
328 15
329 5
330 10
331 30
332 20
333 30
334 15
335 5
336 40
337 15
338 5
339 20
340 5
341 15
342 25
343 25
344 15
345 20
346 15
347 20
348 15
349 20
350 10
351 20
352 20
353 5
354 5
355 10
356 5
357 40
358 10
359 10
360 5
361 10
362 10
363 15
364 10
365 20
366 15
367 30
368 10
369 20
370 5
371 10
372 10
373 15
374 10
375 10
376 5
377 15
378 5
379 10
380 10
381 30
382 20
383 20
384 10
385 10
386 5
387 5
388 10
389 5
390 20
391 10
392 20
393 10
394 15
395 10
396 20
397 20
398 20
399 15
400 15
401 10
402 15
403 15
404 15
405 10
406 10
407 10
408 20
409 10
410 30
411 5
412 10
413 15
414 10
415 10
416 5
417 20
418 30
419 10
420 30
421 15
422 15
423 15
424 15
425 30
426 10
427 20
428 15
429 10
430 10
431 20
432 15
433 5
434 5
435 15
436 15
437 5
438 10
439 5
440 20
441 5
442 15
443 20
444 5
445 20
446 20
447 20
448 20
449 10
450 20
451 10
452 15
453 20
454 15
455 10
456 10
457 5
458 10
459 5
460 5
461 10
462 5
463 5
464 10
465 5
466 5
467 5
468 15
469 10
470 10
471 10
472 10
473 10
474 10
475 15
476 20
477 15
478 10
479 15
480 10
481 15
482 10
483 20
484 10
485 15
486 10
487 20
488 20
489 20
490 20
491 20
492 15
493 15
494 15
495 15
496 15
497 15
498 20
499 15
500 10
501 15
502 15
503 15
504 15
505 10
506 10
507 10
508 10
509 10
510 15
511 15
512 15
513 15
514 5
515 5
516 15
517 5
518 10
519 10
520 10
521 20
522 20
523 20
524 10
525 10
526 30
527 15
528 15
529 10
530 15
531 25
532 10
533 15
534 10
535 10
536 10
537 20
538 10
539 10
540 10
541 10
542 10
543 15
544 15
545 5
546 5
547 10
548 10
549 10
550 5
551 5
552 10
553 5
554 5
555 15
556 10
557 5
558 5
559 5
560 30
561 10
562 10
563 10
564 20
565 30
566 10
567 20
568 20
569 10
570 15
571 20
572 15
573 10
574 30
575 20
576 10
577 20
578 10
579 10
580 20
581 20
582 20
583 20
584 10
585 20
586 15
587 15
588 10
589 20
590 10
591 25
592 10
593 10
594 25
595 10
596 10
597 20
598 15
599 10
600 20
601 20
602 10
603 10
604 10
605 20
606 20
607 20
608 30
609 40
610 40
611 5
612 5
613 5
614 5
615 40
616 10
617 10
