0 0
13 5
14 7
37 9
39 5
43 5
45 5
51 5
54 12
57 4
59 5
68 13
74 7
75 5
80 9
81 5
89 4
96 7
97 7
100 7
104 7
105 7
106 7
107 7
110 7
111 7
112 7
113 12
114 10
115 12
116 7
117 7
118 7
120 4
129 5
133 7
135 7
139 5
145 5
150 7
151 7
153 4
156 7
157 5
159 7
160 7
164 7
174 13
181 5
182 7
187 7
191 11
194 7
195 8
196 5
197 7
200 9
201 10
203 7
208 7
214 7
215 6
219 12
222 4
226 7
230 5
234 7
235 7
236 7
239 5
240 10
241 10
243 13
253 9
254 7
256 7
257 5
258 10
266 7
267 7
268 7
270 2
273 7
274 7
275 7
277 7
278 7
284 5
286 7
287 7
288 7
289 7
293 7
294 7
298 4
300 10
303 7
304 5
312 6
314 5
322 7
323 5
330 5
334 7
336 7
339 7
346 10
347 7
349 7
355 7
356 10
361 7
366 12
367 1
368 13
377 5
379 7
381 12
382 3
383 7
390 11
392 7
393 7
397 7
417 7
433 10
435 4
436 4
445 5
446 11
455 7
456 7
461 7
464 5
468 7
469 12
472 10
475 7
476 7
478 10
482 4
483 7
485 4
489 7
501 12
502 7
504 7
508 7
510 5
522 5
523 4
526 7
527 5
538 7
545 4
547 5
549 5
555 5
561 4
562 12
563 5
569 7
570 4
577 4
583 2
586 5
588 10
590 10
592 8
593 10
594 10
595 7
596 5
597 12
598 6
599 10
603 8
604 7
605 11
607 5
608 12
609 7
