0 0
14 65536
28 393216
39 131072
43 131072
45 65536
51 262144
61 327680
62 65536
74 66304
81 327680
94 262144
96 65536
97 327680
103 131072
104 458752
106 131072
107 458752
108 393216
110 131072
111 131072
112 131072
132 327680
133 262144
134 393216
145 327680
148 393216
151 131072
159 65536
178 327680
184 327680
189 393216
190 393216
196 327680
204 65536
207 65536
211 131072
230 458752
231 131072
232 65536
242 131072
246 524288
247 262144
249 131072
260 196608
268 262144
276 66048
294 196608
295 262144
296 196608
297 65536
306 131072
309 65536
313 262144
315 196608
317 327680
318 524288
319 262144
321 66048
322 132096
330 393216
334 131072
336 65536
339 66048
341 327680
347 197632
349 66816
354 196608
359 327680
370 132096
397 327680
405 262144
411 262144
412 262144
414 262144
417 196608
426 393216
429 393216
430 262144
432 458752
434 196608
437 196608
445 196608
451 196608
455 132096
465 262144
466 524288
468 67072
475 327680
483 197637
488 327680
489 66054
490 327680
491 262144
508 327936
522 196608
523 327680
526 66304
527 327680
534 131072
536 393216
538 131072
539 393216
549 327680
552 196608
555 196608
557 328196
560 131072
569 197637
572 196608
573 196608
574 66304
580 131072
583 262144
585 196608
587 196608
600 66304
602 65536
607 66309
