0 18
2 1
7 9
8 14
9 12
16 2
17 2
19 2
22 11
24 1
26 1
27 1
28 4
40 3
41 6
42 6
44 16
51 3
52 9
53 9
54 14
55 10
56 10
57 10
58 14
59 14
60 13
61 10
62 14
64 2
65 2
66 1
67 1
68 1
69 1
71 11
72 11
73 11
75 11
76 11
77 3
78 11
79 11
80 11
81 6
82 15
83 9
84 12
85 12
86 12
87 12
88 5
89 4
90 4
91 4
92 3
93 13
94 13
95 13
96 13
97 13
100 13
101 7
109 7
110 10
112 13
113 13
114 14
115 13
119 2
122 7
123 3
124 3
125 4
126 9
127 10
128 10
133 13
134 13
136 1
138 13
139 3
141 6
143 2
145 10
147 11
149 13
151 3
152 10
155 4
156 13
157 5
165 18
167 1
168 16
169 6
171 7
172 9
174 7
177 2
178 11
179 1
180 7
181 14
183 1
185 16
186 17
188 3
189 4
190 10
191 4
192 12
194 7
196 14
197 1
198 4
200 15
201 5
202 11
204 17
205 5
209 12
210 6
211 8
221 9
222 4
223 1
224 6
225 15
228 16
231 8
232 8
233 1
235 11
236 17
238 1
239 15
240 10
241 9
242 16
243 13
246 5
247 7
248 13
249 1
250 10
251 16
257 9
258 14
259 16
260 16
261 9
262 16
264 1
268 12
269 16
271 13
272 13
275 11
276 1
277 13
279 1
280 1
282 16
284 9
285 13
286 13
288 7
289 16
291 10
292 1
294 6
295 13
296 13
297 2
299 9
300 4
301 14
302 11
305 3
307 9
308 10
309 8
310 7
312 11
313 16
314 2
315 9
317 5
318 6
319 8
320 11
322 13
323 10
324 6
325 7
326 13
327 1
328 4
329 14
330 10
331 11
332 2
333 14
334 8
337 15
338 11
339 1
340 2
341 4
342 3
344 12
345 11
346 10
347 13
348 11
349 15
350 5
351 12
352 10
353 8
354 13
355 2
356 13
357 13
358 1
359 1
360 8
361 13
362 10
365 2
366 2
368 8
369 6
370 1
371 16
372 16
373 16
374 16
375 13
377 13
379 13
380 3
384 13
385 13
386 16
388 11
389 16
390 3
391 13
392 10
393 12
394 9
395 1
396 1
397 5
398 3
399 16
400 16
401 10
402 11
403 2
404 6
405 6
406 15
407 15
408 5
409 1
410 1
411 1
412 11
413 2
414 4
415 16
417 16
418 8
419 14
420 14
421 7
422 12
423 14
424 9
425 7
426 4
427 13
428 13
429 8
430 8
432 2
433 13
434 15
435 12
436 9
437 11
438 11
439 5
440 3
441 3
442 8
443 8
444 5
446 5
447 11
448 2
450 6
451 12
452 11
453 10
454 6
455 6
456 6
457 5
459 15
460 15
461 13
463 9
464 16
465 11
466 7
467 7
468 16
469 5
470 13
471 13
472 13
473 13
474 3
475 8
476 6
477 13
478 13
479 5
480 1
481 9
482 3
483 6
484 8
485 13
486 12
487 10
488 9
489 3
490 1
491 3
492 16
499 3
500 13
501 1
502 13
503 10
505 13
506 7
507 2
508 8
509 1
510 9
511 16
512 2
515 1
517 9
518 10
519 9
520 11
521 12
522 6
523 4
524 14
525 15
527 12
528 12
529 4
530 15
531 13
532 11
533 1
534 10
535 9
536 11
537 6
538 11
539 16
540 13
542 2
544 8
545 9
548 1
549 14
550 12
551 9
552 9
553 14
554 14
555 16
556 14
557 9
558 9
559 12
560 17
562 17
563 17
564 17
565 17
566 1
567 11
568 14
569 17
570 11
571 6
572 17
573 9
575 12
576 2
577 12
578 7
579 17
581 7
582 10
583 17
584 3
586 17
587 12
588 12
589 12
590 17
591 6
592 17
593 11
594 12
595 8
596 4
597 12
598 1
599 17
600 16
601 6
602 1
603 4
604 11
605 6
606 16
607 3
611 5
612 17
