1:0 13 80 113 130 204 219
2:0 13 80 113 130 204 219
3:0 13 80 113 130 204 219
4:0 44 157 187 200 246 251
5:0 44 157 187 200 246 251
6:0 44 157 187 200 246 251
7:0 54 93 114 175 193 243
8:0 54 93 114 175 193 243
9:0 54 93 114 175 193 243
16:0 185 193 211 228
17:0 185 193 211 228
18:0 185 193 211 228
19:0 44 68 103 154 172 179
20:0 44 68 103 154 172 179
21:0 98 161 184 185 206
22:0 98 161 184 185 206
23:0 21 180 228 242 251
24:0 21 180 228 242 251
25:0 3 117 179 217 227
26:0 3 117 179 217 227
27:0 68 175 219 229 232
28:0 68 175 219 229 232
29:0 36 48 50 68 116 204 251
30:0 36 48 50 68 116 204 251
31:0 36 48 50 68 116 204 251
32:0 36 48 50 68 93 133 251
33:0 36 48 50 68 93 133 251
34:0 36 48 50 68 93 133 251
35:0 102 118 133 150 187 217
36:0 102 118 133 150 187 217
37:0 50 95 175 180 185
38:0 50 95 175 180 185
39:0 185 195 217
40:0 185 195 217
41:0 16 18 98 185 228
42:0 16 18 98 185 228
43:0 14 75 175 204 235
44:0 14 75 175 204 235
45:0 14 75 175 204 235
46:0 60 68 103 113 175 206 228 230
47:0 60 68 103 113 175 206 228 230
48:0 103 202 226
49:0 103 202 226
50:0 103 185 228 246 251
51:0 103 185 228 246 251
52:0 95 133 180 204
53:0 95 133 180 204
54:0 58 60 94 95 113 193 238 248
55:0 58 60 94 95 113 193 238 248
56:0 68 96 157 179 193 251
57:0 68 96 157 179 193 251
58:0 34 37 83 219 242
59:0 34 37 83 219 242
60:0 54 61 114 150 170
61:0 54 61 114 150 170
62:0 54 61 114 150 170
63:0 112 113 227
64:0 112 113 227
65:0 112 113 227
66:0 27 96 113 227
67:0 27 96 113 227
68:0 27 96 113 227
69:0 14 115 141 227 235
70:0 14 115 141 227 235
71:0 14 115 141 227 235
72:0 62 114 219 229 243
73:0 62 114 219 229 243
74:0 5 157
75:0 5 157
76:0 5 157
77:0 24 37 95 98 172 204
78:0 24 37 95 98 172 204
79:0 23 187 219 248
80:0 23 187 219 248
83:0 16 98 119 175 193 211
84:0 48 98 114 175 185
85:0 48 98 114 175 185
86:0 21 50 64 122 195 227
87:0 21 50 64 122 195 227
88:0 114 122 212
89:0 114 122 212
90:0 36 61 103 112 229
91:0 36 61 103 112 229
92:0 114 149 195
93:0 114 149 195
94:0 114 149 195
95:0 157 175
96:0 112 113
97:0 112 113
98:0 21 91 114 133 175
99:0 21 91 114 133 175
102:0 72 115 235 236 246
103:0 72 115 235 236 246
104:0 14 103 130 157 187 195 246
105:0 14 103 130 157 187 195 246
106:0 136 170 183 229
107:0 136 170 183 229
108:0 34 187 222
109:0 60 103 149 194 220
110:0 60 103 149 194 220
111:0 37 68 157 179 222 228 242
112:0 37 68 157 179 222 228 242
113:0 118 215 217
114:0 72 93 115 133 175
115:0 23 50 116 193 219
116:0 50 62 82 150 175 190
117:0 50 62 82 150 175 190
118:0 56 60 114
119:0 56 60 114
120:0 48 62 112
121:0 48 62 112
122:0 95 102 248
123:0 13 68 113 179 219 226
124:0 96 142
125:0 2 27 96 112 238
126:0 2 5 103 112 238
127:0 31 175
131:0 62 193
133:0 175 204
134:0 175 204
135:0 175 204
136:0 175 204
138:0 21 48 61 62 114
139:0 21 48 61 62 114
140:0 61 62 91 175 229
141:0 61 62 91 175 229
142:0 18 193 211 228
143:0 122 204
147:0 48 54 113 114
148:0 48 54 113 114
149:0 48 54 113 114
152:0 14 22 68 73 175 246
153:0 14 22 68 73 175 246
154:0 14 22 68 73 175 246
155:0 37 66 98 154 179 193
156:0 37 66 98 154 179 193
157:0 37 66 98 154 179 193
158:0 13 37 56 157 242 246
159:0 13 37 56 157 242 246
160:0 13 37 56 157 242 246
161:0 38 116 163 179 228
162:0 38 116 163 179 228
163:0 17 18 48 119 143 185
164:0 17 18 48 119 143 185
165:0 60 113 117
166:0 60 113 117
167:0 49 50 60 226 228
168:0 49 50 60 226 228
169:0 16 18 98 185 228
170:0 48 103 175
171:0 48 103 175
172:0 3 117 179 217 227
173:0 102 118 133 150 187 217
174:0 185 195 217
175:0 64 119 193 217 248
176:0 64 119 193 217 248
177:0 65 98 114 185 211
178:0 65 98 114 185 211
179:0 34 36 85 103 115 219
180:0 34 36 85 103 115 219
181:0 34 36 85 103 115 219
182:0 14 75 175 204 235
183:0 48 113 133 187 193 195 217 248
184:0 48 113 133 187 193 195 217 248
185:0 120
186:0 54 61 114 150 170
187:0 6 38 45 93 115 133 227
188:0 6 38 45 93 115 133 227
189:0 6 38 45 93 115 133 227
190:0 3 21 68 97 103 180 228 251
193:0 18 141 179
194:0 34 219 246
195:0 34 219 246
196:0 175 204
197:0 175 204
198:0 17 18 65 98 119 143
199:0 23 187 219 248
200:0 103 194
203:0 36 133 193 248 251
204:0 42 115 129 175
205:0 42 115 129 175
206:0 44 99 117 157 246
207:0 13 17 68 232
208:0 157 175
209:0 43 115 118 122 185 215 217 242
210:0 43 115 118 122 185 215 217 242
211:0 48 61 114 175
212:0 13 68 113 179 219 226
213:0 230
214:0 106 117 175
215:0 44 68 115 180 193
216:0 36 68 69 116 232 242
217:0 36 68 69 116 232 242
218:0 151
219:0 151
220:0 34 36 44 157 246
221:0 34 36 44 157 246
222:0 54 103 133 157 219
223:0 48 62 103 114 190
224:0 48 62 103 114 190
225:0 62 98 150 229 248
226:0 21 56 114 239
227:0 18 65 143 228
228:0 68 83 99 179 180 228 251
229:0 68 83 99 179 180 228 251
230:0 50 62 82 150 175 190
231:0 34 55 116 246
232:0 34 55 116 246
234:0 44 50 113 115 180
236:0 136 170 183 229
237:0 136 170 183 229
238:0 96 142
239:0 2 27 96 112 238
240:0 2 5 103 112 238
241:0 69 179 217
242:0 118 215 217
246:0 23 116 200 228 246
247:0 23 116 200 228 246
248:0 23 116 200 228 246
424:0 3 21 68 97 103 180 228 251
429:0 103 194
430:0 17 18 65 98 119 143
461:0 44 68 115 180 193
463:0 34 187 222
464:0 37 68 157 179 222 228 242
465:0 72 93 115 133 175
466:0 2 27 96 112 238
467:0 2 5 103 112 238
468:0 64 119 193 217 248
469:0 18 141 179
470:0 175 204
471:0 175 204
472:0 13 17 68 232
473:0 34 36 44 157 246
