11:0 33 81
12:0 33 81 106
14:0 40 81
15:0 40 81 106
20:0 116
25:0 186 204
26:0 21 45 86 97 113 186 204
31:0 40 44 45 154
34:0 31 32 43 116
35:0 186 196 204
36:0 1 45 107 113 186 196 204 227
38:0 39
39:0 186 196 204
40:0 1 34 38 186 196 204
45:0 51 77 79 236
59:0 44 52 97
62:0 34 56 145 187
71:0 21 35 51 74 77 78
91:0 33 43 128
103:0 73 77 78 79 115
106:0 33
107:0 33
121:0 55 56 106 107 113
124:0 47 93 186
130:0 33 150 175
134:0 36 45 116 226
135:0 36 44 45 116 226
136:0 36 45 116 226
148:0 245
149:0 245
162:0 33
182:0 51 77 79 188 236
186:0 34 56 145 187
192:0 72 235
196:0 36 44 45 116 226
197:0 36 44 45 116 226
199:0 133
212:0 17
221:0 33
224:0 199
232:0 33 36 38
233:0 159
237:0 33
242:0 231 244
424:0 7 8 9 10 15 28 29 39 70 87 92 97 103 104 111 129 138 154 156 168 171 173 174 182 189 192 197 203 207 210 213 214 216 218 223 226 231 237 241 247 249
429:0 29 45 60 87 92 94 104 109 111 129 138 148 149 156 168 171 173 174 180 182 192 195 203 207 212 213 214 216 218 220 237 240 241 244 247
430:0 19 64 92 101 104 114 129 138 156 168 171 173 174 182 185 189 196 197 203 207 211 212 213 214 216 218 228 237 241 244 247
461:0 8 10 15 29 43 57 59 70 91 92 97 98 103 104 111 129 138 154 156 163 168 171 173 174 182 185 189 196 197 203 207 210 213 214 216 218 223 231 232 237 240 244 247 249 251
462:0 33 48 49 63 84 86 87 92 103 104 129 148 156 161 173 174 182 192 199 203 205 207 214 216 218 237 240
463:0 7 8 9 15 21 23 29 35 48 50 57 59 63 70 87 89 92 103 104 111 122 126 138 156 168 171 173 174 182 189 196 201 203 205 207 213 214 216 218 223 231 237 240 241 244 247 249
464:0 7 9 23 29 30 31 32 36 39 46 57 59 63 70 87 89 91 92 104 126 156 173 174 182 184 189 192 196 201 203 205 207 210 213 214 216 218 223 231 237 241 249
465:0 15 20 21 22 29 63 71 72 74 76 77 78 79 92 104 132 148 156 168 173 174 182 188 202 203 207 213 214 216 218 230 237 241 244
466:0 7 8 9 29 43 63 70 85 87 92 94 98 103 104 113 129 148 156 168 173 174 182 189 192 197 203 207 213 214 216 218 223 231 237 240 249
467:0 7 9 29 43 52 53 63 70 92 94 104 108 109 123 126 156 168 173 174 182 189 197 203 207 213 214 216 218 223 231 237 241 249
468:0 19 29 38 45 63 76 92 94 104 111 118 126 129 138 148 156 173 174 182 186 189 192 197 203 204 205 207 211 213 214 216 218 219 227 237 240 241 244 247 249
469:0 17 29 33 48 49 76 92 98 103 104 129 148 156 168 173 174 182 193 197 202 203 207 213 214 216 218 237 241
470:0 28 29 33 36 39 44 45 92 98 104 116 129 156 173 174 182 189 197 203 207 213 214 216 218 226 231 237 240 241 247
471:0 28 29 33 36 39 44 45 92 98 104 116 129 156 173 174 182 189 197 203 207 213 214 216 218 226 231 237 240 241 247
472:0 12 15 28 29 40 70 92 98 103 104 106 129 156 163 168 173 174 182 185 188 197 201 203 207 210 213 214 216 218 231 237 241 249
473:0 29 30 31 33 36 46 54 59 63 70 89 92 104 111 133 156 173 174 181 182 189 196 197 203 207 213 214 216 218 237 240 249
474:0 33 59 60 63 87 92 94 97 104 105 111 129 138 148 156 159 160 161 168 171 173 174 176 182 192 196 199 203 207 214 216 218 231 237 240 241 244
