
57 78 160 219 228 280 335 360
57 78 160 219 228 280 335 360
57 78 160 219 228 280 335 360
11 28 29 32 100 273 325 410
11 28 29 32 100 273 325 410
11 28 29 32 100 273 325 410
134 148 173 251 254 260 315 465
134 148 173 251 254 260 315 465
134 148 173 251 254 260 315 465






8 123 148 305 388
8 123 148 305 388
8 123 148 305 388
32 70 135 153 319 341 404 441
32 70 135 153 319 341 404 441
19 123 126 306 339 361 433
19 123 126 306 339 361 433
28 283 305 364 384
28 283 305 364 384
30 55 97 114 295 319 458
30 55 97 114 295 319 458
70 76 134 242 309 325 335 410
70 76 134 242 309 325 335 410
28 57 70 88 144 402 416
28 57 70 88 144 402 416
28 57 70 88 144 402 416
10 28 63 70 88 402 416
10 28 63 70 88 402 416
10 28 63 70 88 402 416
10 29 245 247 295 385 397 458
10 29 245 247 295 385 397 458
88 123 134 181 187 193 298 384
88 123 134 181 187 193 298 384
123 125 279 295 458
123 125 279 295 458
78 123 168 305 306 455
78 123 168 305 306 455
57 134 202 310 410 411
57 134 202 310 410 411
57 134 202 310 410 411
70 126 134 219 297 305 341 407
70 126 134 219 297 305 341 407
27 156 341 355
27 156 341 355
11 28 123 305 325 341 441
11 28 123 305 325 341 441
10 17 57 193 298 384
10 17 57 193 298 384
73 148 154 193 219 297 299 315
73 148 154 193 219 297 299 315
28 70 148 235 318 319 325 370
28 70 148 235 318 319 325 370
37 75 132 181 187 335 421
37 75 132 181 187 335 421
46 173 194 248 254 385 450
46 173 194 248 254 385 450
46 173 194 248 254 385 450
26 114 131 197 210 426
26 114 131 197 210 426
26 114 131 197 210 426
70 114 219 235 325 331 370
70 114 219 235 325 331 370
70 114 219 235 325 331 370
114 202 215 228 314 410 411
114 202 215 228 314 410 411
114 202 215 228 314 410 411
23 62 173 251 309 335
23 62 173 251 309 335
36 238 325
36 238 325
36 238 325
57 94 96 135 193 421
57 94 96 135 193 421
29 154 260 335 367 374 390
29 154 260 335 367 374 390


78 127 134 148 168 252 306 388
115 123 134 173 306 402
115 123 134 173 306 402
88 114 124 186 199 218 279 364
88 114 124 186 199 218 279 364
78 119 173 201 218 234 350
78 119 173 201 218 234 350
26 46 199 309 341 416
26 46 199 309 341 416
19 119 164 173 279 303 456
19 119 164 173 279 303 456
19 119 164 173 279 303 456
36 119 134 325
17 26 131 197 330 426
17 26 131 197 330 426
10 87 134 173 210 364 410
10 87 134 173 210 364 410


11 78 202 256 298 314 411
11 78 202 256 298 314 411
11 29 279 325 341 360 410
11 29 279 325 341 360 410
182 183 226 248 309
182 183 226 248 309
29 37 78 232 367 370 374 397
85 275 297 303 341 456
85 275 297 303 341 456
70 75 76 78 232 319 325 410
70 75 76 78 232 319 325 410
16 176 245 295 397
10 63 134 216 236 265 314
70 76 88 144 148 335 390 397
23 88 102 104 134 270 385
23 88 102 104 134 270 385
173 189 260 297 367
173 189 260 297 367


124 154 193 247 298 434
27 70 116 219 311 319 335 356
124 197 235 298 458
26 73 131 197 208 235 331
26 73 208 238 341 426
123 126 134 151



78 100 148 186 315 367 397 428

57 78 116 134 428 458
57 78 116 134 428 458
57 78 116 134 428 458
57 78 116 134 428 458

23 46 173 325 364 382 402
23 46 173 325 364 382 402
23 46 62 87 134 210 309
23 46 62 87 134 210 309
78 104 148 305 388 455
57 78 96 133 218 397



100 104 173 219 254 402
100 104 173 219 254 402
100 104 173 219 254 402


11 70 134 160 202 216 265 444
11 70 134 160 202 216 265 444
11 70 134 160 202 216 265 444
71 76 148 153 187 306 319 421
71 76 148 153 187 306 319 421
71 76 148 153 187 306 319 421
11 75 99 189 260 325 421 450
11 75 99 189 260 325 421 450
11 75 99 189 260 325 421 450
17 96 144 305 319 365 397 434
17 96 144 305 319 365 397 434
123 127 252 361 402 455 457
123 127 252 361 402 455 457
30 297 356
30 297 356
27 88 297 305 355 377
27 88 297 305 355 377
78 123 168 305 306 455
10 134 341
10 134 341
30 55 97 114 295 319 446 458
10 29 245 247 295 385 397 458
123 125 279 295 458
148 154 252 278 295 298 397
148 154 252 278 295 298 397
107 123 127 173 298 306 315 388
107 123 127 173 298 306 315 388
37 55 271 314 335 341 416
37 55 271 314 335 341 416
37 55 271 314 335 341 416
57 134 202 310 410 411
10 29 154 219 279 295 397 402
10 29 154 219 279 295 397 402
346
46 173 194 248 254 385 450
10 63 96 114 182 298 314
10 63 96 114 182 298 314
10 63 96 114 182 298 314
7 28 70 97 305 341 364 384
78 114 160 182 216 265
78 114 160 182 216 265
215 319 355 356 455
11 37 78 260 335 383 389 405
11 37 78 260 335 383 389 405
57 78 116 134 428 458
57 78 116 134 428 458
62 107 127 252 279 361 455 457
29 154 260 335 367 374 390
85 201 298 341


10 28 148 154 227 298 416 458
70 134 281 314 336 408
70 134 281 314 336 408
11 19 30 32 78 175 325
70 242 311 336 457
36 119 134 325
75 123 176 245 295 314 370 374
75 123 176 245 295 314 370 374
19 46 134 173 402
27 70 116 219 311 319 335 356
407
30 126 134 172
32 70 76 124 148 314 384
70 75 125 242 345 367 416 465
70 75 125 242 345 367 416 465
3 181
3 181
11 32 37 96 199 259 325 416
11 32 37 96 199 259 325 416
10 26 62 199 202 254 325 341
23 173 270 322 341 402 424
23 173 270 322 341 402 424
23 154 194 306 309 385
173 189 260 325 364 439
78 107 305 361 455
28 70 132 305 307 319 384 456
28 70 132 305 307 319 384 456
23 88 102 104 134 270 385
11 37 70 133 144 374
11 37 70 133 144 374

32 88 120 298 384 404

182 183 226 248 309
182 183 226 248 309
124 197 235 298 458
26 73 131 197 208 235 331
26 73 208 238 341 426
78 116 182 295 298 319 345 367
16 176 245 295 397



11 78 100 144 273 305 390
11 78 100 144 273 305 390
11 78 100 144 273 305 390



75 76 104 115 216 260
75 76 104 115 216 260
75 76 104 115 216 260
70 116 319 325 370 404
70 116 319 325 370 404
70 116 319 325 370 404
78 194 251 315 390 441
78 194 251 315 390 441
78 194 251 315 390 441
19 71 217 283 465
19 71 217 283 465
57 305 397 428 434
57 305 397 428 434





134 216 310 407 411 448
134 216 310 407 411 448
134 216 310 407 411 448
10 126 216 306 311 416
10 126 216 306 311 416
10 126 216 306 311 416
252 305 307 315 361 402
252 305 307 315 361 402
7 168 254 439 450
7 168 254 439 450
85 88 234 240 456
85 88 234 240 456
85 88 234 240 456
148 189 248 259 297
148 189 248 259 297
57 125 126 182 404
57 125 126 182 404
37 76 78 305 365 367 374
37 76 78 305 365 367 374
37 76 78 305 365 367 374
116 123 168 356
116 123 168 356
116 123 168 356
120 370 374 404 416
120 370 374 404 416
120 370 374 404 416
70 73 86 108 123 148 182 318
70 73 86 108 123 148 182 318
114 315 357 364 428
119 232 332
27 125 182 298 397 428 441 458
27 125 182 298 397 428 441 458
256 298 312
11 126 283 298 410 428
37 115 370 390
37 115 370 390
37 115 370 390
27 108 124 131 148 197 426
27 108 124 131 148 197 426
75 78 175 408 441
75 78 175 408 441
397 458
397 458
27 356 434
27 163 356
69 281 382 411
3 106 275 371
3 106 275 371
96 189 421
96 189 421
78 96 133 367 374 404 421 428
78 96 133 367 374 404 421 428
37 82 187 332 339 390
37 82 187 332 339 390
116 118 367 465
120 154 397 434
120 154 397 434
17 27 88 114 325 370 434 458
144 168 306
144 168 306
144 168 306
2 70 108 160 418
2 70 108 160 418
7 173 305 307
7 173 305 307
70 78 94 134 311 320
37 383 389 405


379 421 454
379 421 454
11 37 115 260
11 37 115 260


26 251 312 325
26 251 312 325
210 309 325 410
210 309 325 410
62 104 193 219 251 260
62 104 193 219 251 260
154 298
88 227 434
19 85 88 148 201
19 85 88 148 201
85 123 164 201 240 275
85 123 164 201 240 275
175 216 265 311 364
78 88 106 193
27 78 96 123 227 397

36 382
36 382
78 133 325 383 389 405 450 465
78 133 325 383 389 405 450 465
78 133 325 383 389 405 450 465
26 37 62 260 315 402
26 37 62 260 315 402
26 37 62 260 315 402
10 232 325 360 367 450
260 385 402 450
100 102 189 421 439
100 102 189 421 439
100 102 189 421 439

































69 281 382 411
















7 28 70 97 305 341 364 384




85 201 298 341
62 107 127 252 279 361 455 457






























32 70 76 124 148 314 384

29 37 78 232 367 370 374 397
70 75 76 78 232 319 325 410
10 63 134 216 236 265 314
26 73 131 197 208 235 331
26 73 208 238 341 426
148 154 252 278 295 298 397
215 319 355 356 455
57 78 116 134 428 458
57 78 116 134 428 458
70 242 311 336 457
11 32 37 96 199 259 325 416

85 88 234 240 456
119 232 332
85 123 164 201 240 275
36 382



























