
162 163 216 288 310 366 376 407 411 412 444
162 163 216 288 310 366 376 407 411 412 444
162 163 216 288 310 366 376 407 411 412 444
102 113 132 136 162 242 307 339 340 365 372
102 113 132 136 162 242 307 339 340 365 372
102 113 132 136 162 181 242 307 339 340 365 372 457
32 45 189 296 308 309 360 412 414 448 459
32 45 189 296 308 309 360 412 414 448 459
32 45 189 296 308 309 360 412 414 448 459
393 412
172 393 412
63 168 288 297 335 356 366 393 395 402 412 455
286 393
172 286 393
7 115 144 151 281 286 305 307 393 438
7 127 168 252 306 337 412 455 457
7 127 168 252 306 337 412 455 457
7 127 168 252 306 337 412 455 457
115 144 191 305 306 400 412 414
115 144 191 305 306 339 400 412 414
5 7 107 151 162 217 252 278 305
5 7 107 151 162 217 252 278 305
2 32 158 173 217 286 341 383 389 405 462
2 32 158 173 217 286 341 383 389 405 462
7 57 95 162 219 306 364 406 414 422 424 425 427
57 306 406 414 424 425 427
82 153 286 336 337 338 340 365 408
82 153 286 336 337 338 340 365 408
32 75 94 140 153 162 182 286 340 414
32 75 94 140 153 162 182 286 340 414
32 37 75 94 140 153 162 182 286 340 401 414
94 140 144 151 182 185 186 217 278 286
94 140 144 151 182 185 186 217 278 286
94 140 144 151 182 185 186 217 239 278 286 421
57 68 82 97 114 146 162 219 228 244 245 249 256 289 357 406
57 97 114 228 245 249 289 357 406
62 113 132 136 164 201 306 320 335 414 456
62 113 132 136 164 201 306 320 335 414 456
37 57 82 88 96 97 192 247 289 316 332 357 406
57 82 88 97 289 357 406
8 19 32 62 173 215 234 283 402 457
8 19 32 62 173 215 234 283 341 402 457
1 2 256 280 288 366 395 407
1 2 256 280 288 366 395 407
1 2 16 236 256 280 288 366 395 407
16 156 163 215 288 340 365 386 395
16 156 163 215 288 340 365 386 395
63 88 148 215 288 297 299 366 395 402 412
63 88 148 168 215 288 297 299 356 366 395 402 412
87 110 133 153 162 232 261 337 340 365
87 110 133 153 162 232 261 336 337 340 365 433
32 123 124 153 162 276 340 341 365 404
32 123 124 153 162 276 340 341 365 404
63 88 153 189 298 340 341 414 450
63 88 153 189 298 340 341 414 450
73 144 153 208 217 222 340 341 345 404 421
73 144 153 208 217 222 307 340 341 345 404 421
7 32 113 135 136 182 217 271 320 416
7 32 113 121 135 136 182 217 271 320 416
29 37 45 97 189 193 308 448
29 37 45 97 189 193 308 448
29 37 45 97 189 193 248 308 396 448
419
63 88 154 209 297 299 312 314 330 419 434
52 63 88 154 209 297 299 312 314 419 434
73 108 144 148 208 217 222 318 339 345 396 445
73 108 144 148 208 217 222 318 339 345 396 445
73 108 144 148 208 217 222 318 339 345 396 445
2 163 288 310 364 366 395 407 444 462
2 163 288 310 364 366 395 407 444 462
2 163 288 310 364 366 383 389 395 405 407 444 462
2 26 46 64 189 286 341 402 462
2 26 46 64 189 286 341 402 462
82 96 110 119 232 260 322 327 332 346 412
82 96 110 119 232 260 322 327 332 346 412
82 96 110 119 232 260 322 327 332 346 412
7 41 113 129 132 162 306 390 412 414 416
7 41 113 129 132 151 162 306 390 412 414 416
10 63 78 88 162 175 298 299 412 448 465
10 63 78 88 162 175 298 299 412 448 459 465
220 243 341 377 379 402 408 412 424 427 466
220 243 341 377 379 402 408 412 424 427 433 466
7 126 151 152 210 217 278 337 365 410
7 107 151 162 278 305 307 433 441
7 107 151 162 278 305 307 433 441
23 162 175 195 200 316 335 416
23 162 175 195 200 316 335 353 355 416
3 88 172 240 249 284 289 341 368 369
3 88 172 240 249 284 289 341 368 369
23 59 195 199 217 296 402 412 459
23 59 195 199 217 296 381 382 402 412 459
62 78 85 106 193 218 234 267 269 347 384
62 78 85 106 193 218 234 267 269 347 350 384
62 78 85 106 193 218 234 267 269 347 350 384
31 96 104 172 205 307 327 336 338 341 364 412
63 88 154 175 193 235 284 289 298 299 404
63 88 154 175 193 235 269 284 289 298 299 404
45 72 134 166 172 217 259 296 390 443
45 72 134 166 172 217 242 259 296 390 443
55 119 219 251 332 341 346 377 379 408 412
55 119 219 251 332 341 346 377 379 408 412
25 63 193 216 288 314 366 376 395 441
25 63 111 193 216 288 314 366 376 390 395 441
38 39 40 96 126 144 162 175 217 307 414 421
38 39 40 96 126 144 162 175 217 307 414 421
43 94 116 144 148 183 207 235 237 248 318 319 331 412
7 61 70 86 131 197 226 238 305 318 362 412 426
82 88 210 218 315 341 364 390 402 462
85 119 173 240 284 346 368 371 372 412
85 119 173 240 284 346 368 371 372 412
110 151 185 186 239 322 339 390 414 416
110 151 185 186 239 322 339 390 414 416
82 96 97 111 162 219 249 289 315 357 375 414
1 31 64 163 202 236 288 364 366 395 428 444
32 61 91 116 124 217 238 307 319 414
7 45 100 189 217 372 439 448
7 45 100 189 217 372 439 448
7 134 151 185 186 239 278 402 414 450 452
7 134 151 185 186 239 278 402 414 450 452
46 53 68 172 189 219 249 309 312 408 412 448
46 53 62 68 172 189 219 249 309 312 408 412 448
26 27 63 97 114 219 228 235 297 299 313 314 330 335 397 434
7 95 126 144 152 217 305 306 365 410 457
35 37 63 97 125 197 218 221 234 279 289 290 299 357 406
217 219 306 341 408 422 425 426
62 113 129 131 136 217 371 372 399
31 43 144 166 172 318 345 396 410 443
185 305 307 316 339 404 412 414 416 421
134 385 412
32 100 102 134 189 190 217 308 385 412 421 439
37 62 162 189 195 254 279 308 335 353 357 448
432
27 32 162 182 306 337 412 414 416
3 23 27 32 162 173 182 189 306 337 412 414 416 448
7 27 32 94 162 182 281 306 337 412 414 416 422 424 427
27 32 113 132 136 162 182 217 306 337 371 412 414 416
7 65 66 220 297 312 313 352 412 433 466
11 32 64 189 217 259 296 428 448 459
11 32 64 189 217 259 296 381 428 448 459
1 11 116 172 217 236 243 259 337 340
1 11 116 152 172 217 236 243 259 337 340 365
7 11 32 190 339 402 416 457
10 29 36 37 71 82 175 190 316 332 367 374 412 465
7 35 168 195 248 254 290 314 353
7 55 86 107 219 278 422 424 427
7 113 116 132 136 181 335 361 457
7 102 190 217 273 335 364 424 439 462
7 102 190 217 273 335 364 424 439 462
7 102 190 217 273 335 364 424 439 457 462
10 26 63 88 154 254 298 299 312 335 408
11 238 245 289 299 432
37 162 219 288 310 314 335 376 411 412
37 162 219 288 310 314 335 376 411 412
37 162 219 288 310 314 335 376 411 412
113 135 136 217 306 372 408 412
113 135 136 217 306 372 408 412
113 135 136 217 306 372 408 412
32 189 217 307 339 340 341 365 448
32 189 217 307 339 340 341 365 448
32 189 217 307 339 340 341 365 448
10 82 146 153 182 306 316 340 364
10 82 146 153 182 306 316 340 364
63 106 148 162 193 278 314 412 416
63 106 148 162 193 278 314 412 416
7 27 61 96 219 314 335 402 408 412
7 27 61 96 219 314 335 402 408 412
7 64 153 215 267 286 299 339 380 393
7 64 153 215 267 286 299 339 380 393
8 19 32 62 173 215 234 283 341 402 457
45 55 62 134 189 379 402 416 424 448
45 55 62 134 189 379 402 416 424 448
57 406 414 424 427
57 114 228 289 357 406
57 82 289 357 406
11 27 57 96 114 146 162 245 335 406 458 465
11 27 57 96 114 146 162 228 245 335 406 458 465
62 154 217 267 278 299 419 458
62 154 217 267 278 299 419 458
69 162 219 412 422 424 427
69 162 219 412 422 424 427
69 162 219 412 422 424 426 427
1 2 228 256 280 288 366 376 395 407
45 46 57 82 96 189 308 332 364 385 412 414 448
45 46 57 82 96 189 308 332 364 385 412 414 448
36 96 123 134 222 247 325 327 364
29 37 45 97 189 193 279 308 404 448
69 216 236 288 366 385 395 411 412 414
69 216 236 288 366 385 395 411 412 414
69 216 236 288 366 385 395 411 412 414
7 19 27 153 337 340 341 408 414 428
1 115 156 163 202 236 399 411
1 51 115 156 163 202 236 280 289 310 376 399 411
86 95 148 193 306 341 377 402 412 441 457
10 110 173 254 259 308 364 414 448 465
10 110 173 254 259 308 364 414 448 465
27 32 63 162 182 257 297 298 299 306 337 408 412 414 416
27 32 62 123 162 182 234 256 305 306 337 341 412 414 416
19 123 173 234 267 278 305 417
10 63 78 88 162 175 298 299 404 412 448 465
19 62 162 164 234 275 279 297 303 384
184
57 70 85 114 251 335 385
7 19 27 63 75 162 271 297 390 412
30 96 119 296 309 346 382 412 416
30 96 119 296 309 346 382 412 416 466
82 115 134 158 305 307 332 341 384 416 465
123 166 172 286 306 337 341 365
31 75 96 104 172 205 307 327 336 338 341 364 412
32 57 75 218 307 320 339 412 414 416
32 57 75 218 307 320 339 412 414 416
85 172 189 249 281 286 318 382 412 416 448
7 95 126 144 152 203 217 242 305 306 365 410 457
30 64 114 316 335 459 462
43 70 116 151 185 217 239 319 412 416
7 28 123 153 200 217 242 306 340 341 365 417
123 125 153 217 218 316 340 365 374 421
123 125 153 217 218 316 340 365 374 421
10 37 113 136 172 325 327 371 465
10 37 113 136 172 325 327 371 465
10 35 116 254 271 290 412 416
10 35 116 151 185 254 271 290 412 416
11 45 46 172 251 312 315 322 381 412
23 46 144 190 195 220 297 448
23 46 64 144 190 195 220 270 297 448
295
7 45 46 62 402 412 416 449 457
7 8 151 217 243 278 337 382 388 408
32 75 113 123 136 187 217 271 320 371
32 75 113 123 136 187 217 271 320 371
7 45 100 189 217 372 439 448
82 96 116 134 162 271 332 412 416
82 96 110 116 134 151 162 185 271 309 332 412 416
7 65 66 82 220 297 312 313 352 412 433 466
19 52 62 193 217 330 337 390 412 416
1 2 3 5 6 7 8 10 11 15 16 17 19 21 23 25 26 27 28 29 30 31 32 33 34 35 36 37 38 39 40 41 43 45 46 49 51 52 53 55 57 59 61 62 63 64 65 66 68 69 70 71 72 73 75 76 78 79 82 85 86 87 88 90 91 92 94 95 96 97 99 100 102 104 106 107 108 110 111 113 114 115 116 118 119 120 121 122 123 124 125 126 127 129 131 132 133 134 135 136 138 140 142 144 145 146 148 149 150 151 152 153 154 156 158 160 162 163 164 166 168 170 172 173 175 176 181 182 183 184 185 186 187 188 189 190 191 192 193 194 195 197 199 200 201 202 203 205 207 208 209 210 213 215 216 217 218 219 220 221 222 225 226 227 228 232 234 235 236 237 238 239 240 242 243 244 245 246 247 248 249 251 252 254 255 256 257 259 260 261 262 265 266 267 269 270 271 273 274 275 276 278 279 280 281 283 284 286 287 288 289 290 295 296 297 298 299 300 303 305 306 307 308 309 310 311 312 313 314 315 316 317 318 319 320 322 325 326 327 328 330 331 332 334 335 336 337 338 339 340 341 342 345 346 347 350 352 353 355 356 357 358 360 361 362 363 364 365 366 367 368 369 370 371 372 373 374 375 376 377 379 380 381 382 383 384 385 386 388 389 390 392 393 395 396 397 399 400 401 402 403 404 405 406 407 408 410 411 412 413 414 416 417 418 419 420 421 422 424 425 426 427 428 429 430 432 433 434 436 438 439 441 443 444 445 446 448 449 450 451 452 453 454 455 456 457 458 459 461 462 465 466
412
7 70 86 115 144 305 306 309 318 331 412 436
35 63 125 218 234 279 289 290 299 357 406
217 219 306 341 408 422 425 426
62 113 129 131 136 217 371 372 399
30 37 82 162 176 246 332 390 412
82 96 97 111 162 219 249 289 315 357 375 414
32 52 75 217 306 314 320 379 422 427
32 52 113 129 132 136 217 320 390 404
23 32 46 52 168 189 217 251 254 308
32 75 110 190 217 325 338 339 341 421
32 75 110 190 217 325 338 339 341 421
32 75 110 190 217 325 338 339 341 421
6 11 154 168 189 308 312 335 408 455
11 129 154 168 312 334 335 399 408 455
11 27 63 154 176 216 279 312 335
1 7 86 156 217 236 289 305 306 341 364
1 7 86 126 152 156 213 217 236 289 305 306 341 364
1 7 86 126 152 156 213 217 236 289 305 306 341 364
113 132 136 144 162 252 278 306 337 340 365
49 94 113 132 136 144 162 252 278 306 337 340 362 365
34 49 94 113 131 132 136 144 162 252 278 306 337 340 362 365
30 115 148 162 189 260 261 296 412 416 448 454
30 110 115 148 162 189 259 260 261 262 296 412 416 448 454
30 110 115 148 162 189 259 260 261 262 296 412 416 448 454
32 75 187 271 320 337 339 404 412 416 417 420
32 75 187 271 320 337 339 404 412 416 417 420
29 71 134 162 175 260 271 281 316 337 412 414
29 71 134 153 162 175 260 271 281 316 337 365 412 414
286 393 412
172 286 393 412
1 21 156 168 236 257 286 356 393 395 412 455
172 286 393 412
63 168 219 256 286 296 297 356 393 412 430 455
1 19 162 236 254 265 308
1 19 124 153 162 189 236 254 265 308 420 441 450
1 19 162 236 254 265 308
30 119 163 172 265 399 411
30 119 120 123 124 163 172 265 289 311 399 404 411 429
30 119 163 172 265 289 399 411
5 7 95 115 144 162 278 306 457
5 7 95 115 144 162 278 306 457
7 162 254 305 306 402 448 457
7 162 189 254 296 305 306 383 389 402 405 448 450 457
52 63 95 106 154 162 193 201 299 419
52 63 95 106 154 162 193 201 228 299 419
52 63 95 106 154 162 193 201 299 419
7 45 46 173 254 306 407 450
7 45 46 168 173 254 306 339 356 395 407 450 455
1 156 163 175 216 236 288 386 395 412
1 70 108 156 163 175 216 226 236 248 288 362 386 395 412 461
10 70 71 114 123 134 340 363 465
10 70 71 114 116 123 134 144 145 153 319 340 363 365 441 465
10 70 71 114 123 134 340 363 404 465
87 126 153 172 215 242 248 261 337 340
7 27 87 95 126 152 153 172 215 242 248 261 337 340 341 365 410
62 87 126 153 164 172 215 242 248 261 337 340 347 384
19 187 192 289 316 320 341 367 390 402 441
19 187 192 289 316 320 341 367 390 402 441
19 187 190 192 289 316 320 341 367 390 402 441
15 29 116 124 144 210 319 337 345 370 412 445 455
15 29 116 124 144 210 319 337 345 370 412 445 455
45 57 364 385 414 448
36 172 220 316 325 327 338 412 424 466
17 21 57 71 96 97 123 162 176 357 412 414
17 21 57 71 96 97 123 162 176 357 412 414
19 62 86 123 124 148 153 210 217 234 267 340 347
19 27 32 75 123 125 203 383 389 405 407 443
96 172 175 203 205 242 243 261 296 320 412 416
96 172 175 203 205 242 243 261 296 320 412 416
96 172 175 203 205 242 243 261 296 320 412 416
30 52 63 86 183 184 235 248 298 312 319 404
30 52 63 86 131 183 184 197 235 248 298 312 319 404 426
32 55 187 217 271 306 320 379 412 422 424
32 55 187 217 271 306 320 379 412 422 424
7 27 55 114 125 162 182 306 379 422 424
7 27 55 57 114 162 182 306 379 422 424
62 95 96 182 256 296 306 355 412 413
57 71 114 140 182 256 306 407 412 458
1 16 156 160 163 202 216 228 236 280 286 395 407 411 430
10 114 284 289 368 369 383 389 405 430 465
10 37 114 284 289 368 369 383 389 405 430 465
7 32 75 144 217 307 339 341 404 416
7 32 75 144 217 307 339 341 360 365 404 416 417
10 19 162 189 254 316 332 385 448 449 451 454
10 19 162 189 254 316 332 385 448 449 451 454
10 96 110 113 136 144 162 232 412 416
10 96 110 113 118 133 136 144 162 232 325 412 416
10 37 78 113 132 134 136 181 203 296 371 372
41 62 227 271 297 298 299 303 316 374 385
41 62 227 271 297 298 299 303 316 374 385
91 96 123 134 193 297 298 412 418 421 441
32 75 87 123 190 336 337 338
32 75 87 104 123 190 336 337 338 341
32 75 87 104 123 190 336 337 338 341
1 69 85 123 163 202 216 217 266 281 286 337 338 382
1 69 85 123 163 202 216 217 266 281 286 318 337 338 382
19 151 162 252 254 278 279 315 335 357 416
19 100 104 151 162 252 254 278 279 315 335 357 361 416
76 86 126 152 217 305 306 340 365 410 417
32 75 158 173 218 283 287 341 404 462
63 68 119 154 172 193 299 303 327 412
63 68 119 132 172 303 325 327 376 412
10 110 133 154 232 260 261 316 374 448 450
10 110 133 154 232 260 261 316 374 428 448 450
45 46 72 75 166 172 210 217 296 410 417 443
45 46 72 75 166 172 210 217 296 410 417 443
11 63 68 119 172 261 297 309 328 338 346
11 63 68 119 172 190 261 297 309 328 338 346 419
2 10 11 19 62 64 202 383 389 405
2 10 11 19 62 64 202 383 389 405
11 152 172 242 260 296 322 340 365 448
11 152 172 242 260 296 322 340 365 448
134 385 412
21 134 189 308 312 315 335 385 412 439 448 449 450 462
113 170 290 308 399 412 448 453
11 19 31 123 153 218 297 340 341 365 397 414 420
78 123 164 210 267 341 347 373 384 456
78 123 164 210 267 341 347 373 384 456
19 62 78 88 148 154 217 234 267 305 456
19 31 62 78 88 148 154 217 234 267 305 350 456
37 163 168 217 228 310 376 390 407 411 455
19 63 96 162 176 299 303 335 416 441 462 465
32 95 154 217 279 306 311 340 365 410 417
57 70 85 114 251 335 385
32 35 75 95 170 175 195 200 217 290 296
32 35 75 95 170 175 195 200 217 290 296 353
23 35 37 82 114 162 170 194 290 316 353 374 448
23 35 37 82 114 162 170 194 290 316 353 374 448
23 35 37 82 114 162 170 194 290 316 353 374 448
59 203 448 454
27 32 59 75 189 203 339 341 448 449 454
7 10 27 59 63 189 203 299 448 449 454
11 96 172 189 260 316 328 412 416 448 465
7 21 57 134 335 406 412 416 448
32 75 96 99 104 113 144 175 217 307 339
32 75 96 99 104 113 144 175 217 296 307 339
32 75 96 99 104 113 142 144 175 217 296 307 339
416
7 63 190 203 242 244 299 305 339 416
7 63 190 203 242 244 299 305 339 416
11 78 119 190 203 220 327 401 466
10 11 78 119 190 200 220 401 466
10 11 78 119 190 203 220 242 401 466
57 104 182 255 299 303 312 315 335 450 458
100 104 182 225 240 296 299 303 312 315 335
11 37 52 96 189 195 316 339 353 449 451
11 49 110 118 129 133 259 316 339 365 376
11 75 99 100 121 142 190 273 316 339 439
63 68 92 96 154 182 299 315 316 408 458
7 10 68 70 95 121 190 203 210 217 251 267 299 300 305 312 373 382 401 408 419 462




















1 16 156 160 163 202 216 228 236 280 286 395 407 411 430
















7 19 27 153 337 340 341 408 414 428




19 62 162 164 234 275 279 297 303 384
19 123 173 234 267 278 305 417






























7 28 123 153 200 217 242 306 340 341 365 417
220 243 341 377 379 402 408 412 424 427 433 466
82 88 210 218 315 341 364 390 402 462
70 75 76 78 110 151 185 186 232 239 319 322 325 339 390 410 414 416
1 31 64 163 202 236 288 364 366 395 428 444
217 219 306 341 408 422 425 426
62 113 129 131 136 217 371 372 399
11 27 57 96 114 146 162 228 245 335 406 458 465
86 95 148 193 306 341 377 402 412 441 457
27 32 162 182 306 337 412 414 416
27 32 162 182 306 337 412 414 416
123 166 172 286 306 337 341 365
10 35 116 151 185 254 271 290 412 416
7 65 66 82 220 297 312 313 352 412 433 466
52 63 95 106 154 162 193 201 228 299 419
36 172 220 316 325 327 338 412 424 466
19 31 62 78 88 148 154 217 234 267 305 350 456
32 35 75 95 170 175 195 200 217 290 296




















7 10 68 70 95 121 190 203 210 217 251 267 299 300 305 312 373 382 401 408 419 462
7 10 68 70 95 121 190 203 210 217 251 267 299 300 305 312 373 382 401 408 419 462
7 10 68 70 95 121 190 203 210 217 251 267 299 300 305 312 373 382 401 408 419 462




