











257


27

315
315

315
27
27

315
142 146 403 418 458
142 146 403 418 458










57
57
428
428


216
216
216
315
315

315

57
280 357
280 357
260
57 260

182
57
57
407
407
182 407






418
257 418
257 418






27



315
27 458 465

27
182
182
182
182
315
315




29 458
27 29 458


315
315
407 458
315 407 458

357
315
182
176 182 458



182
406 407 458
257
357 458 465





315
146
257

146
146
182
315


176











315
120 173 176
27 120 243
120 257 456


176

123 124 193 267 330 466













315
315
315
315



146 403 418 458

428
182 433
182 433
27
27
176
176
176
216



407















428

315
315






257



315
315

315
57
57
260





57
57












406 407 458






127 300











176
176
121
121








315
315
315
127
27 127


57 357 458
57 357 458
57 357 458
260
260
315
315





7 27 95 152 341 365 410
418
418
418
315
315

182
276 332
276 332 406
182
357






315
450
260


406
357
357
315
315


57
57

441
441
357



114
114
126
126 176
315

27
27


450
450
315
315









182
182
182


384 458
428
357
357
57
57
57





203 458
203 458
203 315 458

315
315






























406






















































315
176 182 458
182
257
146
146
182 433




57

57 357 458
182
182
357



























