1:0 374 410 37 397 261 247 367 96 404 116 82 152
2:0 374 410 37 397 261 247 367 96 404 116 82 152
3:0 374 410 37 397 261 247 367 96 404 149 116 82 152
4:0 37 408 261 410 374 152 116 82 345 237 238 131 96 247 397 325 70 108 367 404
5:0 37 408 261 410 374 152 116 82 345 237 238 131 96 247 397 325 70 108 367 404
6:0 37 408 261 410 374 152 116 82 345 237 238 131 96 247 397 325 70 33 108 367 404
7:0 37 261 374 116 82 345 197 200 237 238 96 247 397 70 108 367 404 332
8:0 37 261 374 116 82 345 197 200 237 238 96 247 397 70 108 367 404 332
9:0 37 261 188 374 116 82 345 197 200 237 238 96 247 397 70 108 367 404 332
12:0 374 408 106 397 247 367 96 404 116 269
15:0 374 408 410 397 247 367 96 404 116 152
16:0 374 408 361 397 261 247 367 96 404 116
17:0 374 408 361 397 261 247 367 96 404 116
18:0 374 408 361 397 261 247 367 96 404 116
19:0 374 408 70 37 397 261 247 367 96 200 404 116 82 424
20:0 374 408 70 37 397 261 247 367 96 200 404 116 82 424
21:0 374 408 361 397 261 247 367 96 404 116
22:0 374 408 361 397 261 247 367 96 404 116
23:0 374 325 37 397 247 367 96 404 116
24:0 374 325 37 397 247 367 96 404 116
25:0 37 408 261 374 116 82 345 237 238 424 426 96 247 397 70 108 367 404 332
26:0 37 408 261 374 116 82 345 237 238 424 426 96 247 397 70 108 367 404 332
27:0 37 408 261 410 374 152 116 82 345 96 247 397 325 70 108 367 404 332
28:0 37 408 261 410 374 152 116 82 345 96 247 397 325 70 108 367 404 332
29:0 374 70 37 397 261 247 367 96 404 116 82
30:0 374 70 37 397 261 247 367 96 404 116 82
31:0 37 261 374 152 116 82 345 197 200 237 238 426 131 96 247 397 325 70 108 367 404
32:0 374 70 37 397 261 247 367 96 404 116 82
33:0 374 70 37 397 261 247 367 96 404 116 82
34:0 37 261 374 152 116 82 345 197 200 237 238 426 131 96 247 397 325 70 108 367 404
35:0 37 261 298 374 375 116 82 269 345 197 237 238 424 426 131 96 245 247 397 106 70 108 404 367 332
36:0 37 261 298 374 375 116 82 269 345 197 237 238 424 426 131 96 245 247 397 106 70 108 404 367 332
37:0 374 408 37 397 247 367 96 404 116
38:0 374 408 37 397 247 367 96 404 116
39:0 37 261 298 374 116 82 345 197 237 238 424 426 131 96 247 397 106 70 108 404 367 332
40:0 37 261 298 374 116 82 345 197 237 238 424 426 131 96 247 397 106 70 108 404 367 332
41:0 374 408 397 247 367 96 404 116
42:0 374 408 397 247 367 96 404 116
43:0 374 410 397 247 367 96 404 116
44:0 374 410 397 247 367 96 404 116
45:0 374 410 37 397 247 367 96 404 116
46:0 374 410 70 37 397 247 367 96 404 116 152
47:0 374 410 70 37 397 247 367 96 404 116 152
48:0 374 408 397 247 367 96 404 116
49:0 374 408 397 247 367 96 404 116
50:0 374 325 37 397 261 247 367 96 404 116
51:0 374 325 37 397 261 247 367 96 404 116
52:0 374 408 37 106 397 261 247 298 367 96 200 404 116 82 269
53:0 374 408 37 106 397 261 247 298 367 96 200 404 116 82 269
54:0 37 408 261 298 374 116 345 197 200 237 238 96 247 397 70 108 367 404
55:0 37 408 261 298 374 152 116 345 197 200 237 238 96 247 397 70 108 367 404
56:0 37 408 261 298 374 116 82 345 197 237 238 426 131 96 245 247 397 325 70 108 404 367
57:0 37 408 261 298 374 116 82 345 197 237 238 426 131 96 245 247 397 325 70 108 404 367
58:0 374 408 37 397 247 367 96 404 116
59:0 374 408 37 397 247 367 96 404 116
60:0 374 37 397 247 367 96 200 404 116 82
61:0 238 374 70 37 345 397 261 245 247 197 367 96 200 404 116 82 237
62:0 37 261 374 116 82 345 197 200 237 238 96 245 247 397 70 108 367 404
63:0 37 298 374 116 269 345 197 237 238 424 426 131 96 245 247 397 106 70 108 404 367
64:0 37 298 374 116 269 345 197 237 238 424 426 131 96 245 247 397 106 70 108 404 367
65:0 37 298 374 116 269 345 197 237 238 424 426 131 96 245 247 397 106 70 108 404 367
66:0 37 261 374 116 345 197 237 238 426 131 96 245 247 397 325 70 108 367 404
67:0 37 261 374 116 345 197 237 238 426 131 96 245 247 397 325 70 108 367 404
68:0 37 261 374 116 345 197 237 238 426 131 96 245 247 397 325 70 108 367 404
69:0 374 410 397 247 367 96 404 116
70:0 374 410 397 247 367 96 404 116
71:0 374 410 37 397 247 367 96 404 116
72:0 374 410 397 247 367 96 200 404 116
73:0 374 410 397 247 367 96 200 404 116
74:0 37 261 374 116 119 82 345 346 238 131 96 245 247 397 325 70 108 367 404 332
75:0 37 261 374 116 119 82 345 346 238 131 96 245 247 397 325 70 108 367 404 332
76:0 37 261 374 152 116 119 82 345 346 237 238 131 96 245 247 397 325 70 108 404 367 332
77:0 374 408 37 397 247 367 96 404 116
78:0 374 408 37 397 247 367 96 404 116
79:0 374 408 37 106 397 261 247 298 367 96 200 404 116 269 424
80:0 37 408 261 298 374 152 116 269 345 197 200 237 238 424 96 247 397 106 70 108 404 367
81:0 374 408 397 247 332 367 96 404 116 424
82:0 374 408 397 247 332 367 96 404 116 424
83:0 374 408 410 37 397 261 247 298 367 96 404 116
84:0 374 408 37 361 397 261 247 367 96 404 116
85:0 374 408 37 361 397 261 247 367 96 404 116
86:0 374 37 397 247 367 96 200 404 116
87:0 374 37 397 247 367 96 200 404 116
88:0 119 374 426 37 397 108 261 346 247 197 367 131 404 116
89:0 119 374 426 37 397 108 261 346 247 197 367 131 404 116
90:0 119 374 408 397 346 247 367 96 200 404 116
91:0 119 374 408 397 346 247 367 96 200 404 116
92:0 119 374 106 397 346 247 298 367 404 116 269
93:0 119 374 106 397 346 247 298 367 404 116 269
94:0 37 298 374 116 119 269 345 197 346 237 238 426 131 96 245 247 397 106 70 108 404 367
95:0 119 374 325 37 397 261 346 247 298 367 96 404 116
96:0 37 298 374 116 269 345 197 237 238 424 426 131 96 245 247 397 106 70 108 404 367
97:0 37 298 374 116 269 345 197 237 238 424 426 131 96 245 247 397 106 70 108 404 367
98:0 374 410 37 397 261 247 367 96 200 404 116 152
99:0 374 410 37 397 261 247 367 96 200 404 116 152
100:0 119 374 408 397 346 247 332 367 404 116 424
101:0 119 374 408 397 346 247 332 367 404 116 424
102:0 119 374 106 397 346 247 332 298 367 96 404 116 269
103:0 119 374 106 397 346 247 332 298 367 96 404 116 269
104:0 37 261 410 374 116 345 200 237 238 426 131 96 247 397 325 70 108 367 404
105:0 37 261 410 374 116 345 200 237 238 426 131 96 247 397 325 70 108 367 404
106:0 238 374 408 70 325 37 345 397 108 261 245 247 367 96 404 116 237
107:0 37 408 261 374 116 345 197 237 238 426 131 96 245 247 397 325 70 108 367 404
108:0 37 261 298 410 374 116 82 269 345 197 200 237 238 426 131 96 247 397 325 106 70 108 404 367 332
109:0 119 374 397 346 247 332 367 404 116
110:0 119 374 397 346 247 332 367 404 116
111:0 374 410 70 325 37 397 261 247 332 367 96 200 404 116
112:0 37 261 410 374 152 116 345 200 237 238 426 131 96 247 397 325 70 108 404 367 332
113:0 37 261 298 374 375 116 82 345 200 237 238 424 96 245 247 397 106 70 108 404 367 332
114:0 374 410 37 397 247 298 367 96 404 116
115:0 37 261 374 152 116 345 197 200 237 238 426 131 96 247 397 325 70 108 367 404
116:0 374 408 397 247 367 96 200 404 116
117:0 374 408 397 247 367 96 200 404 116
118:0 374 408 397 247 367 96 200 404 116
119:0 374 408 397 247 367 96 200 404 116
120:0 374 408 397 247 298 367 96 200 404 116 424
121:0 374 408 106 397 247 298 367 96 200 404 116 269 424
122:0 37 261 298 374 116 269 345 197 237 238 424 426 131 96 245 247 397 106 70 404 367
123:0 374 408 410 70 397 247 367 96 404 116 152
124:0 37 261 298 374 116 269 345 197 200 237 238 96 245 247 397 106 70 108 404 367
125:0 37 408 261 374 116 345 197 237 238 424 426 131 96 247 397 70 108 367 404
126:0 238 374 426 70 37 345 397 108 261 247 367 96 131 404 116 237
127:0 374 410 325 37 345 397 247 367 96 404 116 152
128:0 374 37 397 247 367 96 200 404 116
130:0 374 37 397 247 367 96 200 404 116 424
131:0 374 37 106 397 247 367 96 200 404 116 269
133:0 374 408 37 397 261 247 367 96 404 116
134:0 374 408 37 397 261 247 367 96 200 404 116
135:0 374 408 37 397 261 247 367 96 404 116 424
136:0 374 408 37 397 261 247 367 96 404 116
137:0 374 408 106 397 247 298 367 96 200 404 116 269 424
138:0 374 325 37 397 247 332 367 96 200 404 116
139:0 374 325 37 345 397 247 332 367 96 200 404 116
140:0 374 325 37 397 247 332 367 96 200 404 116
141:0 374 410 325 37 345 397 247 332 367 96 200 404 116 237 152
142:0 374 408 325 361 397 247 367 96 404 116
143:0 37 261 298 374 116 82 345 197 346 200 237 238 426 131 96 245 247 397 325 70 108 404 367 332
144:0 374 408 361 397 261 247 367 96 200 404 116
145:0 374 408 361 397 261 247 367 96 404 116 424
146:0 374 408 361 397 261 247 367 96 404 116
147:0 374 408 37 397 247 367 96 200 404 116 424
148:0 374 408 37 397 247 367 96 200 404 116 424
149:0 374 408 426 37 397 108 261 247 197 367 96 131 200 404 116 424 152
150:0 37 408 261 298 374 116 269 345 197 346 200 237 238 424 426 131 96 245 247 397 106 70 108 404 367
151:0 37 408 261 298 410 374 152 375 116 119 82 269 345 197 346 200 237 238 424 426 131 96 245 247 397 361 325 106 70 108 404 367 332
152:0 374 410 70 37 397 261 247 367 96 404 116
153:0 374 410 70 37 397 261 247 367 96 404 116 152
154:0 374 410 70 37 397 261 247 367 96 404 149 116 152
155:0 374 408 37 397 261 247 332 367 96 404 116 82
156:0 374 408 37 397 261 247 332 367 96 404 116 82 152
157:0 37 408 261 374 152 116 82 345 237 238 426 131 96 247 397 325 70 33 108 367 404 332
158:0 37 261 410 374 116 345 197 200 237 238 96 247 397 325 70 108 404 367
159:0 37 261 410 374 152 116 345 197 200 237 238 96 247 397 325 70 108 404 367
160:0 37 261 188 410 374 152 116 345 197 200 237 238 96 247 397 325 70 108 404 367
161:0 374 408 426 37 397 108 261 247 332 197 367 96 131 404 116 82 152
162:0 374 408 426 37 397 108 261 247 332 197 367 96 131 404 116 82 152
163:0 374 408 106 361 397 261 247 367 96 404 116 269
164:0 374 408 106 361 397 261 247 367 96 404 116 269
165:0 238 374 408 426 410 397 108 247 332 197 367 96 404 116
166:0 238 374 408 426 410 397 108 247 332 197 367 96 404 116
167:0 374 37 397 247 367 96 404 116
168:0 374 37 397 247 367 96 404 116
169:0 374 408 397 247 367 96 404 116
170:0 374 397 247 367 96 404 116 424
171:0 374 397 247 367 96 404 116 424
172:0 238 374 408 70 37 345 397 261 247 332 367 96 404 116 82 237 424
173:0 37 261 298 374 375 116 82 269 345 200 237 238 424 96 245 247 397 106 70 404 367 332
174:0 37 261 298 374 116 82 269 345 200 237 238 424 96 247 397 106 70 404 367 332
175:0 37 408 261 298 374 375 116 82 345 237 238 424 96 245 247 397 106 70 404 367 332
176:0 37 408 261 298 374 375 116 82 345 237 238 424 96 245 247 397 361 106 70 404 367 332
177:0 374 408 106 361 397 247 298 367 96 404 116 269 424
178:0 374 408 106 361 397 247 298 367 96 404 116 269 424
179:0 374 408 37 397 247 367 96 404 116 82 424
180:0 37 408 374 116 82 345 237 238 424 426 131 96 247 397 70 108 367 404
181:0 37 408 374 116 82 345 237 238 424 426 131 96 247 397 70 108 367 404
182:0 374 410 397 247 367 96 404 116
183:0 37 408 261 374 116 82 345 197 200 237 238 96 247 397 108 367 404 332
184:0 37 408 261 374 116 82 345 197 200 237 238 96 247 397 108 367 404 332
185:0 37 261 298 374 116 119 82 345 197 346 237 238 426 131 96 247 397 325 70 108 404 367 332
186:0 238 374 70 37 345 397 108 261 245 247 367 96 200 404 116 82 237
187:0 374 410 397 247 367 96 404 116 82
188:0 374 410 397 247 367 96 404 116 82
189:0 374 410 397 247 367 96 404 116 82
190:0 37 408 261 374 152 116 82 269 345 197 237 238 424 426 131 96 245 247 397 106 70 108 404 367
191:0 374 410 397 247 367 96 404 116
192:0 374 410 397 247 367 96 404 116
193:0 374 408 106 397 247 367 96 404 116
194:0 374 37 397 108 261 247 332 197 367 96 404 116 82
195:0 238 374 70 37 345 397 108 261 247 332 197 367 96 404 116 82 237
196:0 374 408 37 106 397 261 247 298 367 96 404 116 269
197:0 374 408 37 106 397 261 247 298 367 96 404 116 269
198:0 374 408 106 361 397 261 247 298 367 96 200 404 116 269 424
199:0 37 408 261 298 374 152 116 269 345 197 200 237 238 424 96 247 397 106 70 108 404 367
200:0 374 408 106 397 247 298 367 96 404 116 82 269 424
203:0 374 408 37 106 397 261 247 298 367 96 404 116 269 424
204:0 119 374 70 325 37 397 346 247 332 367 96 404 116 82
205:0 119 374 70 325 37 397 346 247 332 367 96 404 116 82
206:0 374 70 325 37 106 397 261 247 332 298 367 96 404 116 82 269 424
207:0 374 408 410 70 325 106 397 247 367 96 404 116 152
208:0 119 374 325 37 397 261 346 247 332 367 96 404 116 82
209:0 37 261 374 116 82 345 197 237 238 424 426 131 96 245 247 397 70 108 367 404
210:0 37 261 374 116 82 345 197 237 238 424 426 131 96 245 247 397 325 70 108 404 367
211:0 374 408 410 397 346 247 332 367 96 200 404 116 82 424
212:0 374 408 410 70 397 247 367 96 404 116 152
213:0 374 325 37 397 261 247 332 367 96 404 116 82
214:0 374 410 70 325 37 345 397 247 367 96 404 116 152
215:0 408 261 298 410 374 152 116 82 269 197 200 96 247 397 106 70 108 367 404
216:0 37 408 261 410 374 152 116 82 345 197 237 238 426 131 96 245 247 397 70 108 404 367 332
217:0 37 408 261 410 374 152 116 82 345 197 237 238 426 131 96 245 247 397 325 70 108 404 367 332
218:0 374 325 37 397 261 346 247 332 367 96 404 116 82
219:0 374 325 37 397 261 346 247 332 367 96 404 116 82
220:0 374 325 37 397 261 247 367 96 200 404 116 82
221:0 374 325 37 397 261 247 367 96 200 404 116 82
222:0 119 374 325 37 397 261 346 247 332 367 96 404 116 82
223:0 374 408 397 261 247 367 96 404 116 82 424
224:0 374 408 345 397 261 247 367 96 404 116 82 424
225:0 238 374 408 70 37 361 345 397 261 247 367 96 200 404 116 237
226:0 374 408 37 397 261 247 367 96 200 404 116
227:0 374 408 70 325 361 397 261 247 367 96 404 116
228:0 374 408 70 37 106 397 261 247 367 96 404 116 269
229:0 374 408 70 37 106 397 261 247 367 96 404 116 269
230:0 374 408 37 397 247 367 96 200 404 116
231:0 374 70 37 397 261 247 332 367 96 404 116 82
232:0 374 70 325 37 397 261 247 332 367 96 404 116 82
233:0 374 408 106 397 247 298 367 96 200 404 116 82 269 424
234:0 374 408 37 106 397 261 247 298 367 96 404 116 269 424
236:0 374 408 70 325 37 345 397 261 247 367 96 404 116 237
237:0 374 408 70 325 37 345 397 261 247 367 96 404 116 237
238:0 37 261 298 374 116 269 345 197 200 237 238 96 245 247 397 106 70 108 404 367
239:0 37 408 261 374 116 345 197 237 238 424 426 131 96 247 397 70 108 367 404
240:0 238 374 426 70 37 345 397 108 261 247 367 96 131 404 116 237
241:0 37 261 298 374 116 82 345 197 200 237 238 424 426 131 96 245 247 397 325 70 108 404 367 332
242:0 37 261 374 375 116 82 345 200 237 238 424 96 245 247 397 106 70 108 404 367 332
243:0 374 408 37 397 261 247 298 367 96 404 116 424
244:0 374 408 37 397 261 247 298 367 96 404 116
245:0 374 408 37 397 261 247 298 367 96 200 404 116
246:0 374 325 37 397 261 247 367 96 404 116
247:0 374 325 37 397 261 247 367 96 404 116
248:0 37 261 374 152 116 269 345 237 238 424 131 96 247 397 325 70 108 367 404
249:0 374 408 37 106 397 261 247 298 367 96 200 404 116 269 424
250:0 374 408 106 361 397 261 247 298 367 96 404 116 269 424
251:0 374 408 410 106 397 261 245 247 298 367 96 404 116 82 269
252:0 37 408 261 410 374 152 116 345 237 238 426 96 247 397 70 108 367 404
253:0 37 408 261 410 374 152 116 345 237 238 426 96 247 397 70 108 367 404
254:0 37 408 149 261 410 374 152 116 345 237 238 426 96 247 397 70 108 367 404
255:0 238 374 408 410 70 325 37 345 397 261 247 367 96 404 116 237
256:0 37 408 261 410 374 152 116 345 237 238 426 131 96 247 397 325 70 108 367 404
257:0 37 408 261 410 374 152 116 345 237 238 426 131 96 247 397 325 70 33 108 367 404
258:0 374 37 397 261 247 332 367 96 200 404 116 82
259:0 37 261 374 116 82 345 197 200 237 238 96 247 397 325 70 108 404 367 332
260:0 37 261 188 374 116 82 345 197 200 237 238 96 247 397 325 70 108 404 367 332
261:0 374 70 37 397 261 247 298 367 96 404 116
262:0 374 70 37 397 261 247 298 367 96 404 116
263:0 374 408 37 397 261 247 332 367 96 200 404 116 82 424 152
264:0 374 408 37 397 261 247 332 367 96 200 404 116 82 424 152
267:0 374 408 397 247 367 96 404 116
269:0 374 408 397 247 367 96 404 116
270:0 374 410 37 397 247 367 96 200 404 116
271:0 374 426 410 37 397 108 261 247 197 367 96 131 200 404 116
272:0 37 261 410 374 116 345 197 200 237 238 426 131 96 245 247 397 70 108 404 367
273:0 119 374 410 37 397 346 247 332 367 96 404 116 82
274:0 37 408 261 298 410 374 152 116 119 82 346 237 96 247 397 367 404 332
275:0 37 408 261 298 410 374 152 116 119 82 346 237 96 247 397 367 404 332
276:0 374 408 70 361 397 261 247 367 96 404 116
277:0 374 408 70 361 397 261 247 367 96 404 116
278:0 374 408 361 397 261 247 367 96 200 404 116
279:0 374 408 361 397 261 247 367 96 200 404 116
280:0 37 261 298 374 116 82 269 197 200 424 426 131 96 247 397 106 367 404
281:0 37 261 298 374 116 82 269 197 200 424 426 131 96 247 397 106 367 404
282:0 37 261 298 374 116 82 269 197 200 424 426 131 96 247 397 106 367 404
283:0 374 408 397 247 298 367 96 200 404 116
284:0 374 408 397 247 298 367 96 200 404 116 269
285:0 374 410 37 397 247 367 96 404 116
286:0 238 374 426 410 70 37 345 397 108 261 247 367 96 404 116 237 152
287:0 37 261 374 152 116 345 197 200 237 238 426 131 96 247 397 325 70 108 367 404
288:0 37 261 374 152 116 345 197 200 237 238 426 131 96 247 397 325 70 108 367 404
289:0 37 261 374 152 116 345 197 200 237 238 426 131 96 247 397 325 70 108 367 404
290:0 374 397 261 247 367 96 404 116 152
291:0 374 408 410 397 261 247 367 96 404 116 152
292:0 374 106 397 261 247 367 96 404 116 269 152
293:0 37 261 298 374 116 82 345 197 200 237 238 426 131 96 247 397 70 108 404 367 332
294:0 37 261 298 374 116 82 345 197 200 237 238 426 131 96 247 397 325 70 108 404 367 332
295:0 37 261 298 374 116 82 345 197 200 237 238 426 131 96 247 397 325 70 108 404 367 332
296:0 37 261 374 116 345 197 237 238 426 131 96 245 247 397 325 70 108 367 404
297:0 37 261 374 116 345 197 237 238 426 131 96 245 247 397 325 70 108 367 404
298:0 374 408 37 397 261 247 332 367 96 200 404 116 82
299:0 37 261 374 116 119 82 197 346 424 426 131 96 247 397 325 108 367 404 332
300:0 374 408 37 106 397 261 247 332 298 367 96 200 404 116 82 424
301:0 374 408 37 106 397 261 247 332 298 367 96 200 404 116 82 424
302:0 37 261 298 374 152 116 269 345 197 237 238 426 131 96 245 247 397 106 70 108 404 367
303:0 37 261 298 410 374 116 345 197 200 237 238 426 96 247 397 325 70 108 404 367
304:0 374 325 37 397 261 247 332 367 96 404 116 82 152
305:0 374 325 37 397 261 247 332 367 96 404 116 82 152
306:0 37 261 374 152 116 82 345 197 200 237 238 424 426 131 96 247 397 325 70 108 404 367 332
307:0 37 408 261 298 374 116 345 197 237 238 426 131 96 245 247 397 106 70 108 404 367
308:0 37 408 261 298 374 116 345 197 237 238 426 131 96 245 247 397 325 106 70 108 404 367
309:0 374 408 37 397 261 247 367 96 404 116 424
310:0 374 408 37 397 261 247 367 96 404 116 424
311:0 37 408 261 374 116 82 345 237 238 424 426 96 245 247 397 70 108 367 404 332
312:0 37 408 261 374 116 82 345 237 238 424 426 96 245 247 397 70 108 367 404 332
313:0 37 408 261 298 374 116 345 197 237 238 424 426 96 245 247 397 70 108 404 367
314:0 37 408 261 298 374 116 345 197 237 238 424 426 96 245 247 397 70 108 404 367
315:0 374 408 410 37 397 261 247 298 367 96 404 116 269 152
316:0 37 261 374 116 119 82 269 197 346 426 131 96 247 397 106 70 108 367 404 332
317:0 37 261 374 116 119 82 269 197 346 426 131 96 247 397 106 70 108 367 404 332
318:0 374 408 397 261 247 367 96 200 404 116 152
319:0 374 408 397 261 247 367 96 200 404 116 152
320:0 374 37 397 346 247 332 367 96 200 404 116 82
321:0 374 37 397 346 247 332 367 96 200 404 116 82
322:0 374 325 37 397 261 346 247 332 367 96 404 116 82
323:0 119 374 325 37 397 261 346 247 332 367 96 404 116 82
324:0 119 374 325 37 397 261 346 247 367 96 404 116
325:0 374 408 37 106 397 247 298 367 96 200 404 116
326:0 37 408 261 298 374 116 345 197 200 237 238 426 131 96 247 397 106 70 108 404 367
327:0 37 408 261 298 374 116 82 269 345 197 200 237 238 426 131 96 245 247 397 325 106 70 108 404 367 332
328:0 374 325 37 397 261 247 367 96 404 116
329:0 374 408 325 37 397 261 247 367 96 404 116
330:0 374 408 325 37 397 261 247 367 96 131 404 116 152
331:0 238 374 426 410 70 37 345 397 108 261 247 367 96 404 116 152
332:0 238 374 426 410 70 37 345 397 108 261 247 367 96 404 116 237 152
333:0 374 408 37 106 361 397 261 247 298 367 96 404 116
334:0 374 408 37 106 361 397 261 247 298 367 96 404 116
335:0 37 408 261 410 374 152 116 82 345 197 200 237 238 424 426 131 96 247 397 325 70 108 404 367 332
336:0 374 408 37 397 261 247 367 96 404 116 152
337:0 119 374 408 325 37 106 397 346 247 332 298 367 96 404 116 82
338:0 119 374 408 325 37 106 397 346 247 332 298 367 96 404 116 82
339:0 374 397 261 247 367 96 200 404 116
340:0 374 325 397 261 247 367 96 200 404 116
341:0 374 410 70 37 397 261 247 367 96 200 404 116 152
342:0 374 408 410 70 37 397 261 247 367 96 200 404 116 152
343:0 119 374 325 106 397 261 346 247 298 367 96 404 116
344:0 119 374 325 106 397 261 346 247 298 367 96 404 116
345:0 374 325 37 397 261 247 298 367 96 404 116
346:0 374 325 37 397 261 247 298 367 96 404 116
347:0 374 410 325 37 397 261 247 367 96 404 116 152
348:0 374 410 325 37 345 397 261 247 367 96 404 116 152
349:0 374 408 397 247 367 96 200 404 116
350:0 374 408 37 397 261 247 298 367 96 200 404 116
351:0 374 408 37 397 247 298 367 96 200 404 116 82 424
352:0 37 408 261 298 374 152 116 82 345 197 200 237 238 424 426 131 96 245 247 397 325 70 108 404 367 332
353:0 374 37 106 397 247 298 367 96 200 404 116 269 424
354:0 374 37 106 397 261 245 247 298 367 96 200 404 116 269 424
355:0 374 37 106 397 247 298 367 96 200 404 116 269
356:0 37 261 298 374 116 269 345 197 200 237 238 426 131 96 245 247 397 325 106 70 108 404 367
357:0 374 410 37 397 261 247 367 96 404 116 152
358:0 374 106 397 247 332 298 367 96 200 404 116 82 269
359:0 37 408 261 298 410 374 152 116 269 200 424 96 247 397 325 106 70 367 404
361:0 374 37 397 247 367 96 200 404 116
362:0 119 374 37 397 346 247 332 367 96 200 404 116 82
363:0 374 325 37 397 261 247 332 367 96 200 404 116 82
364:0 374 325 37 397 261 247 332 367 96 200 404 116 82
365:0 374 325 37 397 261 247 332 367 96 200 404 116 82
366:0 374 37 397 247 367 96 200 404 116
367:0 374 408 37 397 261 247 367 96 200 404 116
368:0 374 408 37 397 261 247 367 96 200 404 116
369:0 374 325 37 397 261 247 298 367 96 200 404 116
370:0 374 408 397 247 298 367 96 200 404 116
371:0 374 325 37 397 261 247 367 96 404 116 152
372:0 374 325 37 397 261 247 332 367 96 404 116 82 152
373:0 374 408 325 37 397 261 247 332 367 96 404 116 82 152
375:0 37 408 261 298 374 152 116 119 82 197 346 200 426 96 247 397 325 108 367 404 332
376:0 37 408 261 298 374 152 116 119 82 197 346 200 426 96 247 397 325 108 367 404 332
377:0 37 261 298 374 116 119 82 345 197 346 237 238 424 426 131 96 247 397 325 70 108 404 367 332
378:0 37 261 298 374 116 119 82 345 197 346 200 237 238 424 426 96 247 397 325 70 108 404 367 332
379:0 37 261 298 374 116 119 82 345 197 346 237 238 424 426 96 247 397 325 70 108 404 367 332
380:0 374 408 37 106 397 261 247 298 367 96 200 404 116 424 152
381:0 374 408 37 106 397 261 247 298 367 96 200 404 116 424 152
382:0 374 408 325 37 397 261 247 298 367 96 200 404 116 82 424
383:0 37 408 261 298 410 374 152 116 82 345 237 238 424 426 131 96 247 397 325 70 108 404 367 332
384:0 374 408 325 37 397 261 247 298 367 96 200 404 116 424 152
385:0 37 408 261 298 374 116 82 269 197 200 424 426 131 96 245 247 397 106 108 367 404
386:0 37 408 261 298 374 116 269 345 197 200 237 238 424 426 131 96 247 397 325 106 70 108 404 367
407:0 374 408 410 37 397 261 247 298 367 96 404 269 116 152
424:0 37 408 261 374 152 116 82 269 345 197 237 238 424 426 131 96 245 247 397 106 70 108 404 367
429:0 374 408 106 397 247 298 367 96 404 116 82 269 424
430:0 374 408 106 361 397 261 247 298 367 96 200 404 116 269 424
461:0 408 261 298 410 374 152 116 82 269 197 200 96 247 397 106 70 108 367 404
462:0 374 408 397 247 332 367 96 404 116 424
463:0 37 261 298 410 374 116 82 269 345 197 200 237 238 426 131 96 247 397 325 106 70 108 404 367 332
464:0 37 261 410 374 152 116 345 200 237 238 426 131 96 247 397 325 70 108 404 367 332
465:0 374 410 37 397 247 298 367 96 404 116
466:0 37 408 261 374 116 345 197 237 238 424 426 131 96 247 397 70 108 367 404
467:0 238 374 426 70 37 345 397 108 261 247 367 96 131 404 116 237
468:0 37 408 261 298 374 375 116 82 345 237 238 424 96 245 247 397 361 106 70 404 367 332
469:0 374 408 106 397 247 367 96 404 116
470:0 374 408 37 397 261 247 367 96 404 116
471:0 374 408 37 397 261 247 367 96 404 116
472:0 374 408 410 70 325 106 397 247 367 96 404 116 152
473:0 374 325 37 397 261 247 367 96 200 404 116 82
474:0 374 408 106 397 247 298 367 96 200 404 116 82 269 424
475:0 37 261 298 374 116 82 269 197 200 424 426 131 96 247 397 106 367 404
476:0 37 261 374 116 119 82 197 346 424 426 131 96 247 397 325 108 367 404 332
477:0 37 261 298 374 116 269 345 197 200 237 238 426 131 96 245 247 397 325 106 70 108 404 367
478:0 374 37 397 247 367 96 200 404 116
