1:0 213 331 15 104 263 148 218 202 237 182 156 216 249 290 188 76 70 241 92
2:0 213 331 15 104 263 148 218 202 237 182 156 216 249 290 188 76 70 241 92
3:0 213 331 15 104 89 263 148 218 202 237 63 182 156 216 46 249 290 188 76 70 241 92
4:0 332 213 280 15 91 104 337 263 126 53 264 218 237 231 315 182 156 216 249 290 70 241 92
5:0 332 213 280 15 91 104 337 263 126 53 264 218 237 231 315 182 156 216 249 290 70 241 92
6:0 332 213 280 15 91 104 337 89 263 126 53 19 264 218 237 63 231 315 182 156 216 46 249 290 211 70 241 92
7:0 213 59 280 91 104 263 264 218 258 237 58 231 182 240 156 216 249 290 70 57 92 352 127 250
8:0 213 59 280 91 104 263 264 218 258 237 58 231 182 240 156 216 249 290 70 57 92 352 127 250
9:0 213 59 280 91 104 89 263 264 218 258 237 63 58 231 182 240 156 216 46 249 290 70 57 92 352 127 250
12:0 332 213 104 138 263 148 218 202 237 63 182 94 240 156 216 219 290 247 76 241 168 92
15:0 332 213 280 15 104 263 218 202 237 63 182 156 216 249 290 188 76 241 168 92
16:0 332 213 104 263 19 218 237 182 240 156 216 290 211 241 168 92
17:0 332 213 104 263 19 218 237 182 240 156 216 290 211 241 168 92
18:0 332 213 104 263 19 218 237 63 182 240 156 216 290 211 241 168 92
19:0 213 59 15 91 104 263 218 237 58 231 182 240 156 216 249 290 247 241 269 168 87 85 92
20:0 213 59 15 91 104 263 218 237 63 58 231 182 240 156 216 46 249 290 247 70 241 269 168 87 85 92
21:0 332 213 104 263 19 218 237 182 240 156 216 290 211 241 168 92
22:0 332 213 104 263 19 218 237 63 182 240 156 216 290 211 241 168 92
23:0 213 91 104 89 263 218 202 237 231 182 240 156 216 290 188 289 70 241 168 259 92
24:0 213 91 104 89 263 218 202 237 63 231 182 240 156 216 290 188 289 70 241 168 259 92
25:0 213 280 91 104 263 148 264 218 237 231 113 182 240 156 216 249 290 70 87 85 92
26:0 213 280 91 104 263 148 264 218 237 63 231 113 182 240 156 216 249 290 70 168 87 85 92
27:0 332 213 280 15 91 104 89 263 264 218 237 231 182 156 216 249 317 201 290 70 241 168 92
28:0 332 213 280 15 91 104 89 263 264 218 237 63 231 182 156 216 249 317 201 290 70 241 168 92
29:0 332 213 59 15 91 104 263 218 237 58 231 182 240 156 216 249 290 188 70 241 168 87 85 92 352
30:0 332 213 59 15 91 104 263 218 237 58 231 182 240 156 216 249 290 188 70 241 168 87 85 92 352
31:0 332 213 59 280 15 91 104 89 263 126 53 264 218 237 63 58 231 182 240 156 216 46 249 317 201 290 247 188 70 241 57 269 168 87 85 259 92 352 250
32:0 213 59 15 91 104 263 218 237 58 231 182 240 156 216 249 290 188 70 241 168 87 85 92 352
33:0 213 59 15 91 104 263 218 237 58 231 182 240 156 216 249 290 188 70 241 168 87 85 92 352
34:0 213 59 280 15 91 104 89 263 126 53 264 218 237 63 58 231 182 240 156 216 46 249 317 201 290 247 188 70 241 57 269 168 87 85 259 92 352 250
35:0 213 59 280 347 91 104 138 263 126 53 148 264 218 237 58 231 113 182 94 240 115 156 216 219 290 247 289 76 70 241 87 85 92 352
36:0 213 59 280 347 91 104 138 263 126 53 148 264 218 237 63 58 231 113 182 94 240 115 156 216 219 290 247 289 76 70 241 87 85 92 352
37:0 213 91 104 263 126 53 218 237 231 315 182 156 216 46 219 290 241 92
38:0 213 91 104 138 263 126 53 218 237 63 231 315 182 156 216 46 219 290 241 92
39:0 213 59 280 91 104 138 263 126 53 148 264 218 237 58 113 182 94 240 115 156 216 219 290 247 289 76 70 241 87 85 92 352
40:0 213 59 280 91 104 138 263 126 53 148 264 218 237 63 58 113 182 94 240 115 156 216 219 290 247 289 76 70 241 87 85 92 352
41:0 332 213 104 263 218 202 237 182 240 156 216 290 247 188 289 211 241 269 168 259 92
42:0 332 213 104 263 218 202 237 63 182 240 156 216 290 247 188 289 211 241 269 168 259 92
43:0 213 331 15 104 263 148 218 202 237 182 156 216 290 188 76 241 92
44:0 213 331 15 104 263 148 218 202 237 182 156 216 290 188 76 241 92
45:0 213 331 15 104 263 148 218 202 237 63 182 156 216 290 188 76 241 92
46:0 332 213 331 15 91 104 263 148 218 202 237 182 156 216 249 290 188 76 241 168 92
47:0 332 213 331 15 91 104 263 148 218 202 237 63 182 156 216 249 290 188 76 241 168 92
48:0 213 104 263 148 218 202 237 182 94 156 216 290 188 76 241 168 92
49:0 332 213 104 263 148 218 202 237 63 182 94 156 216 290 188 76 241 168 92
50:0 332 213 15 91 104 89 263 218 237 182 156 216 249 317 201 290 188 241 168 92
51:0 332 213 15 91 104 89 263 218 237 63 182 156 216 249 317 201 290 188 241 168 92
52:0 332 213 15 91 104 138 263 148 218 237 231 182 240 156 216 290 247 289 241 269 168 87 85 259 92 352
53:0 332 213 15 91 104 138 263 148 218 237 63 231 182 240 156 216 46 290 247 289 241 269 168 87 85 259 92 352
54:0 332 213 59 280 347 91 104 263 148 264 218 258 237 58 231 182 240 156 216 249 290 70 57 92 352 127 250
55:0 332 213 59 280 347 91 104 263 148 264 218 258 237 63 58 231 182 240 156 216 249 290 70 57 92 352 127 250
56:0 332 213 280 339 91 104 89 263 264 218 237 231 315 182 240 156 216 249 317 290 70 241 269 168 87 85 92
57:0 332 213 280 339 91 104 89 263 264 218 237 63 231 315 182 240 156 216 249 317 290 70 241 269 168 87 85 92
58:0 332 213 91 104 263 126 53 218 237 231 315 182 156 216 46 249 290 70 241 168 92
59:0 332 213 91 104 263 126 53 218 237 63 231 315 182 156 216 46 249 290 70 241 168 92
60:0 213 59 91 104 263 218 258 237 58 182 94 240 156 216 290 57 168 92 352 127 250
61:0 213 59 280 91 104 89 263 264 218 258 237 58 182 94 240 156 216 249 290 70 57 168 92 352 127 250
62:0 213 59 280 339 91 104 89 263 264 218 258 237 63 58 182 94 240 156 216 249 317 290 70 57 168 92 352 127 250
63:0 213 347 104 138 263 148 264 218 237 231 113 182 94 240 115 156 216 219 290 247 289 241 269 168 259 92
64:0 213 347 104 138 263 148 264 218 237 231 113 182 94 240 115 156 216 219 290 247 289 241 269 168 259 92
65:0 213 347 104 138 263 148 264 218 237 63 231 113 182 94 240 115 156 216 219 290 247 289 241 269 168 259 92
66:0 213 280 339 91 104 89 263 126 53 264 218 237 182 240 156 216 249 317 290 70 241 168 92
67:0 213 280 339 91 104 89 263 126 53 264 218 237 182 240 156 216 249 317 290 70 241 168 92
68:0 213 280 339 91 104 89 263 126 53 264 218 237 63 182 240 156 216 249 317 290 70 241 168 92
69:0 213 331 15 104 263 148 218 202 237 182 156 216 290 188 76 241 168 92
70:0 213 331 15 104 263 148 218 202 237 182 156 216 290 188 76 241 168 92
71:0 213 331 15 104 263 148 218 202 237 63 182 156 216 290 188 76 241 168 92
72:0 213 59 15 104 263 218 202 258 237 58 182 240 156 216 290 188 57 168 92 352 127 250
73:0 213 59 15 104 263 218 202 258 237 63 58 182 240 156 216 290 188 57 168 92 352 127 250
74:0 213 280 91 104 89 263 126 53 264 218 237 182 156 216 249 317 201 290 70 241 92
75:0 213 280 91 104 89 263 126 53 264 218 237 182 156 216 249 317 201 290 70 241 92
76:0 213 280 91 104 89 263 126 53 264 218 237 63 182 156 216 46 249 317 201 290 70 241 92
77:0 213 104 263 126 53 218 237 231 315 182 156 216 290 76 70 241 92
78:0 213 104 263 126 53 218 237 63 231 315 182 156 216 290 76 70 241 92
79:0 213 59 347 91 104 138 89 263 126 53 148 218 258 237 58 231 182 94 240 156 216 219 290 247 70 241 57 92 352 250
80:0 213 59 280 347 91 104 138 89 263 126 53 148 264 218 258 237 63 58 231 182 94 240 156 216 249 219 290 247 70 241 57 92 352 250
81:0 104 263 148 218 237 182 240 115 156 216 290 241 87 85 92
82:0 104 263 148 218 237 63 182 240 115 156 216 290 241 87 85 92
83:0 332 213 15 104 263 19 218 237 231 182 156 216 290 211 241 168 92
84:0 332 213 104 263 19 218 237 182 156 216 290 211 241 168 92
85:0 332 213 104 263 19 218 237 63 182 156 216 290 211 241 269 168 259 92
86:0 213 59 104 263 218 258 237 58 182 240 156 216 219 290 57 168 92 352 127 250
87:0 213 59 104 263 218 258 237 63 58 182 240 156 216 219 290 57 168 92 352 127 250
88:0 213 91 104 263 126 53 218 202 237 182 240 156 216 317 290 188 241 269 168 87 85 259 92
89:0 213 280 91 104 263 126 53 264 218 202 237 63 182 240 156 216 249 317 290 188 70 241 269 168 87 85 259 92
90:0 213 59 104 263 218 258 237 58 182 240 156 216 290 57 92 352 250
91:0 213 59 104 263 218 258 237 63 58 182 240 156 216 290 57 259 92 352 250
92:0 213 104 138 263 218 202 237 182 94 240 156 216 290 247 188 289 241 269 168 85 259 92
93:0 213 104 138 263 218 202 237 182 94 240 156 216 290 247 188 289 241 269 168 85 259 92
94:0 213 280 104 138 263 264 218 202 237 63 182 94 240 156 216 249 290 247 188 289 70 241 269 168 87 85 259 92
95:0 213 91 104 89 263 218 237 231 182 156 216 46 249 317 201 290 70 241 269 259 92
96:0 213 280 347 104 138 263 148 264 218 237 113 182 94 240 115 156 216 219 290 247 289 241 269 168 259 92
97:0 213 280 347 104 138 263 148 264 218 237 63 113 182 94 240 115 156 216 219 290 247 289 241 269 168 259 92
98:0 213 59 15 91 104 263 218 258 237 58 182 240 156 216 249 317 290 70 57 168 92 352 250
99:0 213 59 15 91 104 263 218 258 237 63 58 182 240 156 216 249 317 290 70 57 168 92 352 250
100:0 104 263 148 218 237 113 182 240 156 216 290 269 168 87 85 259 92
101:0 104 263 148 218 237 63 113 182 240 156 216 290 269 168 87 85 259 92
102:0 213 331 104 138 263 148 218 202 237 113 182 94 115 156 216 290 188 76 70 241 168 92
103:0 213 331 104 138 263 148 218 202 237 63 113 182 94 115 156 216 290 188 76 70 241 168 92
104:0 332 213 59 280 91 104 89 263 126 53 264 218 237 58 231 182 156 216 249 317 201 290 70 241 168 92
105:0 332 213 59 280 91 104 89 263 126 53 264 218 237 63 58 231 182 156 216 249 317 201 290 70 241 168 92
106:0 213 280 339 104 89 263 264 218 237 182 240 156 216 249 317 290 70 241 168 92
107:0 213 280 339 104 89 263 264 218 237 182 240 156 216 249 317 290 70 241 168 92
108:0 213 59 280 15 91 104 138 89 263 126 53 264 218 237 63 58 231 182 240 156 216 249 317 201 290 247 76 70 241 57 168 87 85 92 352 250
109:0 213 104 263 126 53 148 218 237 182 240 156 216 290 247 188 241 269 168 87 85 259 92
110:0 213 104 263 126 53 148 218 237 63 182 240 156 216 290 247 188 241 269 168 87 85 259 92
111:0 213 59 91 104 89 263 126 53 218 237 58 231 182 240 156 216 46 249 317 201 290 70 241 168 87 85 92
112:0 213 59 280 15 91 104 89 263 126 53 264 218 237 63 58 231 182 240 156 216 46 249 317 201 290 70 241 57 168 87 85 92 250
113:0 213 59 280 347 104 138 89 263 126 53 148 264 218 258 237 63 58 231 113 182 94 240 156 216 249 317 219 201 290 247 289 76 70 241 87 85 92 352
114:0 213 331 15 104 263 148 218 202 237 63 182 156 216 249 290 188 76 241 168 92
115:0 332 213 59 280 15 91 104 89 263 126 53 264 218 258 237 63 58 231 182 240 156 216 46 249 317 201 290 247 76 70 241 57 168 87 85 92 352 250
116:0 213 59 104 263 218 258 237 58 182 240 156 216 290 57 92 352 127 250
117:0 213 59 104 263 218 258 237 63 58 182 240 156 216 290 57 92 352 127 250
118:0 213 59 104 263 218 258 237 58 182 240 156 216 290 57 92 352 127 250
119:0 213 59 104 263 218 258 237 63 58 182 240 156 216 290 57 92 352 127 250
120:0 59 104 263 148 218 258 237 58 113 182 94 240 115 156 216 290 57 87 85 92 352 127 250
121:0 59 104 138 263 148 218 258 237 63 58 113 182 94 240 115 156 216 290 57 87 85 92 352 127 250
122:0 213 280 347 104 138 263 148 264 218 237 63 113 182 94 240 115 156 216 219 290 247 289 76 241 269 168 87 85 259 92
123:0 332 213 15 104 263 218 237 63 182 240 156 216 249 290 211 241 168 92
124:0 213 59 280 347 104 138 263 148 264 218 258 237 63 58 113 182 94 240 115 156 216 290 247 269 168 259 92 352
125:0 213 280 104 263 148 264 218 237 63 231 113 182 94 240 156 216 249 290 70 168 87 85 92
126:0 213 280 104 263 126 53 264 218 237 63 231 182 94 156 216 249 290 70 241 168 92
127:0 213 280 339 15 91 104 89 263 264 218 237 63 182 240 156 216 249 317 290 70 241 168 92
128:0 213 59 104 89 263 126 53 218 237 63 58 231 182 240 156 216 249 317 201 290 76 70 241 57 87 85 92 352 250
130:0 213 59 104 89 263 126 53 218 258 237 63 58 182 240 156 216 46 249 201 290 70 57 269 87 85 259 92 352 127 250
131:0 213 59 104 138 263 218 258 237 63 58 231 182 94 240 156 216 46 249 219 290 70 57 87 85 92 352 127 250
133:0 213 91 104 263 218 237 231 182 240 156 216 290 247 241 92
134:0 213 59 91 104 263 218 258 237 63 58 231 182 240 156 216 46 290 247 241 57 92 352 127 250
135:0 213 91 104 263 148 218 237 63 231 182 240 156 216 46 290 247 241 87 85 92
136:0 213 91 104 263 126 53 218 237 63 231 315 182 240 156 216 46 290 247 241 92
137:0 332 59 104 138 263 148 218 237 63 58 231 182 94 240 156 216 290 247 76 241 168 87 85 92
138:0 213 59 104 263 218 258 237 58 182 240 156 216 249 317 201 290 57 168 92 352 127 250
139:0 213 59 104 263 218 258 237 63 58 182 240 156 216 249 317 201 290 57 168 92 352 127 250
140:0 332 213 59 91 104 263 218 202 258 237 58 182 240 156 216 249 317 201 290 57 168 92 352 127 250
141:0 332 213 59 280 15 91 104 263 218 202 258 237 63 58 182 240 156 216 249 317 201 290 57 168 92 352 127 250
142:0 332 213 104 337 89 263 126 53 19 218 237 63 231 182 240 156 216 46 249 317 201 290 211 70 241 269 168 259 92
143:0 213 59 280 104 89 263 126 53 264 218 237 63 58 182 94 240 156 216 317 201 290 247 76 70 241 57 87 85 92 352 250
144:0 332 59 104 263 19 218 258 237 63 58 182 240 115 156 216 46 249 201 290 211 241 92 352
145:0 332 104 263 148 19 218 237 63 113 182 240 156 216 46 249 201 290 211 241 87 85 92
146:0 332 104 263 126 53 19 218 237 63 315 182 240 156 216 46 249 219 201 290 211 241 92
147:0 213 59 104 263 126 53 218 258 237 63 58 231 182 240 156 216 219 290 241 57 87 85 92 352 127 250
148:0 213 59 104 263 126 53 218 258 237 63 58 231 182 240 156 216 219 290 241 57 87 85 92 352 127 250
149:0 332 213 59 280 15 104 337 89 263 126 53 19 264 218 258 237 63 58 231 182 240 156 216 46 249 317 219 201 290 211 70 241 57 87 85 92 352 127 250
150:0 332 59 280 339 347 104 138 89 263 126 53 148 264 218 258 237 63 58 231 113 182 94 240 115 156 216 249 317 219 201 290 247 289 76 70 241 269 87 85 259 92 352
151:0 332 213 59 280 339 331 347 15 91 104 337 138 89 263 126 53 148 19 264 218 202 258 237 63 58 231 113 315 182 94 240 115 156 216 46 249 317 219 201 290 247 188 289 76 211 70 241 57 269 168 87 85 259 92 352 127 250
152:0 213 331 15 104 263 148 218 202 237 231 113 182 115 156 216 219 290 76 241 92
153:0 213 331 15 104 263 148 218 202 237 231 113 182 115 156 216 249 219 290 76 70 241 92
154:0 213 331 15 104 89 263 148 218 202 237 63 231 113 182 115 156 216 249 219 290 76 70 241 92
155:0 332 213 15 91 104 263 126 53 218 237 315 182 156 216 290 241 92
156:0 332 213 280 15 91 104 263 126 53 264 218 237 315 182 156 216 46 249 290 70 241 92
157:0 332 213 280 15 91 104 89 263 126 53 264 218 237 63 315 182 156 216 46 249 290 70 241 92
158:0 332 213 59 280 15 91 104 263 264 218 258 237 58 231 182 240 156 216 290 57 92 352 127 250
159:0 332 213 59 280 15 91 104 263 264 218 258 237 58 231 182 240 156 216 46 249 290 70 57 92 352 127 250
160:0 332 213 59 280 15 91 104 337 89 263 264 218 258 237 63 58 231 182 240 156 216 46 249 290 70 57 92 352 127 250
161:0 213 280 15 91 104 263 53 264 218 237 58 231 182 240 156 216 290 247 76 241 57 168 85 92 352 250
162:0 213 59 280 15 91 104 263 53 264 218 237 63 58 231 182 240 156 216 249 290 247 76 70 241 57 168 87 85 92 352 250
163:0 332 213 104 138 263 19 218 237 182 94 240 115 156 216 290 247 211 241 168 92
164:0 332 213 104 138 263 19 218 237 63 182 94 240 115 156 216 290 247 211 241 168 92
165:0 332 213 280 91 104 263 148 264 218 202 237 113 182 115 156 216 219 290 76 241 168 92
166:0 332 213 280 91 104 263 148 264 218 202 237 63 113 182 115 156 216 219 290 76 241 168 92
167:0 213 91 104 263 148 218 202 237 182 94 156 216 290 188 76 241 168 92
168:0 213 91 104 263 148 218 202 237 63 182 94 156 216 290 188 76 241 168 92
169:0 332 213 104 263 19 218 202 237 63 182 240 156 216 290 247 188 289 211 241 269 168 259 92
170:0 213 59 104 263 148 218 258 237 58 182 240 156 216 290 57 87 85 92 352 127 250
171:0 213 59 104 263 148 218 258 237 63 58 182 240 156 216 290 57 87 85 92 352 127 250
172:0 213 104 263 148 218 237 231 113 182 240 156 216 290 87 85 92
173:0 213 91 104 138 263 126 53 148 218 237 231 113 182 94 240 115 156 216 219 290 247 76 241 92 352
174:0 213 91 104 138 263 126 53 148 218 237 113 182 94 240 115 156 216 219 290 247 76 241 92 352
175:0 213 104 138 263 126 53 148 218 237 113 182 94 240 115 156 216 249 219 290 247 76 241 92 352
176:0 332 213 280 104 138 263 126 53 148 19 264 218 237 63 113 182 94 240 115 156 216 249 219 290 247 76 211 241 92 352
177:0 332 213 347 104 138 263 148 218 202 237 113 182 94 240 115 156 216 290 247 76 211 241 168 92
178:0 332 213 347 104 138 263 148 19 218 202 237 63 113 182 94 240 115 156 216 290 247 76 211 241 168 92
179:0 213 104 263 148 218 237 231 113 182 240 156 216 290 87 85 92
180:0 213 280 104 263 148 264 218 237 231 113 182 240 156 216 249 290 70 87 85 92
181:0 213 280 104 263 148 264 218 237 63 231 113 182 240 156 216 249 290 70 87 85 92
182:0 213 331 15 104 263 148 218 202 237 63 182 156 216 219 290 188 76 241 92
183:0 213 59 280 91 104 263 264 218 258 237 58 231 182 240 156 216 249 290 70 57 92 352 127 250
184:0 213 59 280 91 104 263 264 218 258 237 63 58 231 182 240 156 216 249 290 70 57 92 352 127 250
185:0 213 280 347 91 104 89 263 264 218 237 182 156 216 249 317 201 290 70 241 269 168 92
186:0 213 59 280 91 104 89 263 264 218 258 237 63 58 182 94 240 156 216 249 290 70 57 168 92 352 127 250
187:0 332 213 331 104 263 148 218 202 237 182 156 216 290 76 241 92
188:0 332 213 331 104 263 148 218 202 237 182 156 216 290 76 241 92
189:0 332 213 331 104 263 148 218 202 237 63 182 156 216 290 76 241 92
190:0 332 213 280 15 91 104 138 263 264 218 237 231 182 240 156 216 249 290 247 289 76 70 241 269 168 87 85 92 352
191:0 213 331 15 104 263 148 218 202 237 113 182 156 216 219 290 188 76 241 92
192:0 213 331 15 104 263 148 218 202 237 63 113 182 156 216 219 290 188 76 241 92
193:0 332 213 104 138 263 148 218 202 237 182 94 156 216 290 247 76 211 241 168 92
194:0 213 59 91 104 89 263 148 218 258 237 58 231 182 240 156 216 249 201 290 188 57 92 352 127 250
195:0 213 59 280 91 104 89 263 148 264 218 258 237 63 58 231 182 240 156 216 249 317 201 290 188 70 57 92 352 127 250
196:0 213 347 15 91 104 138 263 148 218 237 63 231 113 182 94 240 115 156 216 290 247 241 92
197:0 213 15 91 104 138 263 148 218 237 63 231 182 94 240 156 216 290 247 289 241 269 259 92
198:0 332 213 347 104 138 263 19 218 237 182 240 156 216 290 247 289 211 241 269 168 259 92
199:0 213 59 280 347 91 104 138 89 263 126 53 148 264 218 258 237 63 58 231 182 94 240 156 216 249 219 290 247 70 241 57 92 352 250
200:0 332 213 347 104 138 263 148 218 237 182 94 240 156 216 290 247 289 241 269 168 87 85 259 92
203:0 213 347 104 138 89 263 148 218 237 231 113 182 94 240 115 156 216 249 290 247 70 241 168 87 85 92
204:0 213 91 104 89 263 218 202 237 113 182 115 156 216 249 201 290 76 70 241 92
205:0 213 91 104 89 263 218 202 237 63 113 182 115 156 216 249 201 290 76 70 241 92
206:0 213 59 347 91 104 138 89 263 126 53 218 237 58 231 182 240 156 216 249 317 290 247 76 70 241 168 87 85 92 352
207:0 332 213 15 91 104 89 263 218 237 231 182 240 156 216 249 317 201 290 188 211 70 241 168 92
208:0 213 15 91 104 89 263 218 237 63 231 182 156 216 46 249 317 201 290 70 241 269 259 92
209:0 213 280 339 91 104 89 263 126 53 264 218 237 315 182 240 156 216 46 249 290 247 188 76 70 241 269 168 87 85 259 92 352
210:0 213 280 339 91 104 89 263 126 53 264 218 237 63 231 315 182 240 156 216 46 249 317 290 247 188 76 70 241 269 168 87 85 259 92 352
211:0 213 59 104 263 218 258 237 58 182 240 156 216 290 247 188 57 92 352 127 250
212:0 332 213 15 104 263 218 237 63 182 240 156 216 249 201 290 211 70 241 168 92
213:0 213 91 104 89 263 148 218 237 182 156 216 249 317 219 201 290 188 70 241 92
214:0 213 280 339 15 91 104 89 263 264 218 237 63 182 240 156 216 249 317 290 70 241 168 92
215:0 332 213 59 280 347 15 91 104 138 263 264 218 258 237 58 231 182 240 156 216 249 290 247 289 70 241 57 269 168 259 92 250
216:0 332 213 280 339 15 91 104 89 263 264 218 237 182 240 156 216 46 249 290 70 241 269 168 259 92
217:0 332 213 280 339 15 91 104 89 263 264 218 237 63 182 240 156 216 46 249 317 290 70 241 269 168 259 92
218:0 213 104 263 126 53 218 237 113 315 182 115 156 216 249 317 290 241 92
219:0 213 104 89 263 126 53 218 237 63 113 315 182 115 156 216 249 317 201 290 70 241 92
220:0 213 59 91 104 89 263 218 258 237 58 113 182 240 115 156 216 46 249 317 201 290 70 92
221:0 213 59 91 104 89 263 218 258 237 63 58 113 182 240 115 156 216 46 249 317 201 290 70 92
222:0 213 59 347 91 104 89 263 218 258 237 58 113 182 94 240 115 156 216 249 317 219 201 290 247 70 241 57 92 352 250
223:0 213 59 104 263 126 53 218 237 63 58 182 94 240 156 216 290 241 57 168 92 352 127 250
224:0 213 59 331 104 263 126 53 218 237 63 58 182 94 240 156 216 290 188 241 57 168 92 352 127 250
225:0 332 213 59 104 263 19 264 218 258 237 58 182 240 156 216 290 168 92 352
226:0 332 213 59 104 89 263 218 258 237 58 182 240 156 216 290 57 92 352 127 250
227:0 332 213 15 104 263 19 218 237 182 156 216 46 249 201 290 211 241 269 168 259 92
228:0 213 104 138 263 126 53 218 237 231 315 182 156 216 46 249 290 247 188 289 76 241 269 168 259 92
229:0 213 104 138 263 126 53 218 237 63 231 315 182 156 216 46 249 290 247 188 289 76 70 241 269 168 259 92
230:0 213 59 104 263 218 258 237 63 58 182 240 156 216 290 57 92 352 127 250
231:0 213 104 89 263 218 237 231 182 156 216 46 249 317 201 290 70 241 92
232:0 213 104 89 263 218 237 63 231 182 156 216 46 249 317 201 290 70 241 92
233:0 332 59 104 138 263 148 218 237 63 58 231 182 94 240 156 216 290 247 76 241 168 87 85 92
234:0 213 347 104 138 89 263 148 218 237 231 113 182 94 240 115 156 216 46 290 247 76 241 168 87 85 92
236:0 213 280 339 104 89 263 218 237 182 240 156 216 249 290 70 241 168 92
237:0 213 280 339 91 104 89 263 218 237 182 240 156 216 249 201 290 70 241 168 92
238:0 213 59 347 104 138 263 148 218 258 237 58 113 182 94 240 115 156 216 290 247 168 92 352
239:0 213 280 104 263 148 264 218 237 113 182 94 240 156 216 249 290 168 87 85 92
240:0 213 280 104 263 126 53 264 218 237 231 182 94 156 216 249 290 241 168 92
241:0 213 59 280 104 89 263 264 218 237 63 58 231 182 240 156 216 249 317 201 290 247 76 70 241 57 87 85 92 352 250
242:0 213 59 280 347 104 138 89 263 126 53 148 264 218 258 237 63 58 231 113 182 94 240 156 216 249 317 219 201 290 247 289 76 70 241 87 85 92 352
243:0 347 15 91 104 263 148 218 237 63 231 182 240 115 156 216 46 249 201 290 70 241 87 85 92
244:0 347 15 91 104 263 126 53 148 218 237 63 231 315 182 240 115 156 216 46 249 201 290 76 70 241 92
245:0 59 347 15 91 104 263 218 258 237 63 58 231 182 240 115 156 216 46 249 201 290 241 57 92 352 127 250
246:0 213 280 91 104 89 263 218 237 63 182 240 156 216 249 201 290 241 269 259 92
247:0 213 280 91 104 89 263 218 237 63 182 240 156 216 249 201 290 241 269 259 92
248:0 332 213 59 280 15 91 104 337 89 263 126 53 264 218 237 63 58 231 182 240 156 216 46 249 317 201 290 70 241 57 269 87 85 259 92 352 250
249:0 332 59 347 104 138 89 263 19 218 202 258 237 63 58 231 113 182 94 240 115 156 216 46 249 219 201 290 247 211 70 241 57 87 85 92 352 127 250
250:0 332 347 104 138 89 263 126 53 148 19 218 202 237 63 113 315 182 94 240 115 156 216 46 249 219 201 290 247 76 211 70 241 87 85 92
251:0 332 347 15 104 138 263 148 218 202 237 63 113 182 94 240 115 156 216 219 201 290 247 76 241 92 352
252:0 332 213 280 331 15 91 104 263 148 264 218 202 237 231 182 156 216 249 317 219 290 76 70 241 92
253:0 332 213 280 331 15 91 104 263 148 264 218 202 237 231 182 156 216 249 317 219 290 76 70 241 92
254:0 332 213 280 331 15 91 104 337 89 263 148 264 218 202 237 63 231 182 156 216 46 249 317 219 290 76 70 241 92
255:0 332 213 15 91 104 263 126 53 218 237 315 182 156 216 249 317 290 70 241 92
256:0 332 213 280 339 15 91 104 263 126 53 264 218 237 315 182 156 216 249 317 290 70 241 92
257:0 332 213 280 339 15 91 104 89 263 126 53 264 218 237 63 315 182 156 216 46 249 317 290 70 241 92
258:0 213 59 91 104 263 218 258 237 58 231 182 240 156 216 249 317 290 70 57 92 352 127 250
259:0 213 59 91 104 89 263 218 258 237 58 231 182 240 156 216 249 317 290 70 57 92 352 127 250
260:0 213 59 280 91 104 89 263 264 218 258 237 63 58 231 182 240 156 216 46 249 317 290 70 57 92 352 127 250
261:0 213 91 104 263 218 237 231 182 240 156 216 46 249 290 247 289 241 269 168 259 92
262:0 213 91 104 263 218 237 63 231 182 240 156 216 46 249 290 247 289 70 241 269 168 259 92
263:0 213 59 15 91 104 263 218 237 58 231 182 240 156 216 249 290 247 241 57 168 87 85 92 352 250
264:0 213 59 15 91 104 263 218 237 63 58 231 182 240 156 216 46 249 290 247 70 241 57 168 87 85 92 352 250
267:0 332 213 104 263 148 218 202 237 63 182 94 156 216 219 290 247 76 241 168 92
269:0 332 213 104 263 148 218 202 237 63 113 182 94 156 216 290 247 188 76 241 168 92
270:0 213 59 331 104 263 148 218 202 258 237 58 182 240 156 216 290 76 241 57 168 92 352 250
271:0 213 59 280 331 104 263 148 218 202 258 237 58 182 240 156 216 249 290 76 70 241 57 168 92 352 127 250
272:0 213 59 280 331 104 263 148 264 218 202 258 237 63 58 182 240 156 216 249 290 76 70 241 57 168 92 352 127 250
273:0 213 331 91 104 263 148 218 202 237 182 156 216 249 290 247 76 241 92
274:0 213 280 331 15 91 104 263 148 218 202 237 63 182 156 216 249 317 290 247 76 70 241 168 259 92
275:0 332 213 280 331 15 91 104 263 148 218 202 237 63 182 156 216 249 317 290 247 76 70 241 168 259 92
276:0 332 213 104 263 19 218 237 182 240 156 216 290 211 241 168 92
277:0 332 213 104 263 19 218 237 63 182 240 156 216 290 211 241 168 92
278:0 332 213 59 104 263 19 218 258 237 58 182 240 156 216 290 211 168 92 352
279:0 332 213 59 104 263 19 218 258 237 63 58 182 240 156 216 290 211 57 168 92 352 250
280:0 213 347 104 138 263 148 218 237 113 182 94 240 115 156 216 219 290 247 289 241 269 168 85 259 92
281:0 213 347 104 138 263 148 218 237 113 182 94 240 115 156 216 219 290 247 289 241 269 168 85 259 92
282:0 213 347 104 138 263 148 218 237 63 113 182 94 240 115 156 216 219 290 247 289 241 269 168 85 259 92
283:0 213 59 104 263 148 218 202 237 58 182 240 156 216 290 247 76 241 168 92 352
284:0 332 213 59 104 263 148 218 202 237 63 58 182 240 156 216 290 247 76 241 168 92 352
285:0 213 331 104 263 148 218 202 237 182 156 216 219 290 188 289 76 241 92
286:0 213 280 339 331 15 104 263 148 264 218 202 237 63 231 182 156 216 249 219 290 188 289 76 70 241 92
287:0 332 213 59 280 339 15 104 263 126 53 264 218 237 58 182 240 156 216 249 290 247 76 70 241 87 85 92 352
288:0 332 213 59 280 339 15 104 89 263 126 53 264 218 237 58 182 240 156 216 46 249 290 247 76 70 241 269 87 85 92 352
289:0 332 213 59 280 339 15 104 89 263 126 53 264 218 237 63 58 182 240 156 216 46 249 290 247 76 70 241 269 87 85 92 352
290:0 332 15 91 104 263 148 218 202 237 182 156 216 201 290 247 76 241 92
291:0 332 213 15 91 104 263 148 218 202 237 63 182 156 216 201 290 247 76 241 168 92
292:0 332 15 91 104 138 263 148 218 202 237 63 182 156 216 201 290 247 76 241 168 92
293:0 213 59 104 263 126 53 218 237 58 182 240 156 216 46 290 247 76 241 92 352
294:0 213 59 280 104 89 263 126 53 218 237 58 315 182 240 156 216 46 249 290 247 76 70 241 269 259 92 352
295:0 213 59 280 104 89 263 126 53 218 237 63 58 315 182 240 156 216 46 249 290 247 76 70 241 269 259 92 352 250
296:0 213 280 339 91 104 89 263 264 218 237 182 240 156 216 249 317 290 70 241 57 92 250
297:0 213 280 339 91 104 89 263 264 218 237 63 182 240 156 216 249 317 290 70 241 57 92 250
298:0 213 59 104 263 218 258 237 58 231 182 240 156 216 290 57 92 352 127 250
299:0 213 104 89 263 218 237 182 156 216 249 317 201 290 70 241 269 87 85 259 92
300:0 213 59 347 91 104 138 263 148 218 237 58 231 182 240 156 216 219 290 247 76 241 87 85 92 352
301:0 213 59 347 91 104 138 263 148 218 237 63 58 231 182 240 156 216 249 219 290 247 76 70 241 87 85 92 352
302:0 332 213 280 347 15 91 104 138 263 148 264 218 237 182 94 240 156 216 249 317 290 247 289 241 269 168 259 92 352
303:0 213 280 104 263 126 53 264 218 237 63 58 182 240 156 216 249 317 201 290 188 76 70 241 269 259 92
304:0 332 213 15 91 104 89 263 218 237 231 182 240 156 216 46 249 317 201 290 70 241 92 352
305:0 332 213 15 91 104 89 263 218 237 231 182 240 156 216 46 249 317 201 290 70 241 92 352
306:0 332 213 59 280 15 91 104 337 89 263 126 53 264 218 237 63 58 231 182 240 156 216 46 249 317 201 290 76 70 241 57 269 87 85 92 352 250
307:0 213 280 339 347 104 138 263 148 264 218 237 113 182 94 240 115 156 216 249 317 290 247 70 241 92
308:0 213 280 339 347 104 138 263 148 264 218 237 63 113 182 94 240 115 156 216 249 317 290 247 70 241 92
309:0 213 104 263 148 218 237 231 182 240 156 216 46 290 70 168 87 85 92
310:0 213 104 263 148 218 237 63 231 182 240 156 216 46 290 70 168 87 85 92
311:0 213 104 263 148 218 237 231 113 182 240 156 216 290 87 85 92
312:0 213 104 263 148 218 237 231 113 182 240 156 216 290 87 85 92
313:0 332 213 280 104 263 148 264 218 202 237 113 182 240 156 216 290 247 76 241 168 87 85 92 352
314:0 332 213 280 104 263 148 264 218 202 237 113 182 240 156 216 290 247 76 241 168 87 85 92 352
315:0 213 331 15 104 263 148 218 202 237 182 156 216 290 247 188 76 241 92
316:0 213 331 104 138 263 218 202 237 58 182 240 156 216 249 290 247 188 289 76 70 241 92 352
317:0 213 331 104 138 263 218 202 237 63 58 182 240 156 216 249 290 247 188 289 76 70 241 92 352
318:0 213 59 104 263 218 258 237 58 182 240 156 216 290 57 269 168 259 92 352 127 250
319:0 213 59 104 89 263 218 258 237 63 58 182 240 156 216 46 249 317 290 70 57 269 168 259 92 352 127 250
320:0 213 59 104 89 263 218 258 237 58 182 240 156 216 46 249 317 290 70 57 92 352 127 250
321:0 213 59 104 89 263 218 258 237 63 58 182 240 156 216 46 249 317 290 70 57 92 352 127 250
322:0 213 91 104 89 263 126 53 218 237 315 182 156 216 249 317 201 290 70 241 92
323:0 213 91 104 89 263 126 53 218 237 63 315 182 156 216 46 249 317 201 290 70 241 92
324:0 213 104 263 126 53 218 237 231 315 182 156 216 249 290 188 70 241 92
325:0 213 347 104 138 263 148 218 237 231 113 182 94 240 115 156 216 290 247 289 241 269 168 259 92
326:0 213 347 104 138 263 148 264 218 237 63 231 113 182 94 240 115 156 216 290 247 289 241 269 168 259 92
327:0 213 280 347 91 104 138 263 148 264 218 237 182 94 240 156 216 249 317 219 290 247 289 70 241 168 92 352
328:0 213 91 104 89 263 218 202 237 63 182 156 216 249 317 201 290 76 70 241 92
329:0 213 91 104 89 263 19 218 202 237 63 182 156 216 249 317 201 290 76 211 70 241 92
330:0 213 91 104 337 89 263 126 53 19 218 202 237 63 231 182 156 216 249 317 201 290 76 211 70 241 92
331:0 213 331 15 104 263 148 264 218 202 237 182 156 216 201 290 76 241 92
332:0 213 331 15 104 263 148 264 218 202 237 63 182 156 216 201 290 76 70 241 92
333:0 332 213 104 138 263 19 218 237 58 182 240 156 216 219 290 76 211 241 168 92
334:0 332 213 104 337 138 89 263 126 53 19 218 237 63 58 231 182 240 156 216 46 249 219 290 76 211 241 168 92
335:0 332 213 59 280 91 104 263 126 53 264 218 202 237 58 231 182 240 156 216 46 249 290 247 76 70 241 269 168 87 85 92 352
336:0 213 91 104 89 263 53 218 202 237 231 182 240 156 216 249 290 188 289 70 241 269 168 92
337:0 347 104 138 89 263 148 218 237 63 58 113 182 94 240 115 156 216 317 219 201 290 247 92
338:0 347 104 138 89 263 126 53 148 218 237 63 113 315 182 94 115 156 216 317 219 201 290 247 76 241 92
339:0 213 59 104 89 263 218 258 237 58 182 240 156 216 317 201 290 57 92 352 127 250
340:0 213 59 104 89 263 218 258 237 63 58 182 240 156 216 249 317 201 290 70 57 92 352 127 250
341:0 332 213 59 280 15 91 104 263 218 258 237 58 182 240 156 216 249 317 290 188 70 57 269 92 352 127 250
342:0 332 213 59 280 15 91 104 263 218 258 237 63 58 182 240 156 216 249 317 290 188 70 57 269 92 352 127 250
343:0 91 104 138 89 263 148 218 237 58 113 182 94 240 115 156 216 317 201 290 247 76 241 92
344:0 91 104 138 89 263 148 218 237 63 58 113 182 94 240 115 156 216 249 317 201 290 247 76 70 241 92
345:0 213 331 104 263 218 202 237 182 156 216 201 290 188 76 241 92
346:0 213 331 104 89 263 218 202 237 63 182 156 216 249 317 201 290 188 76 70 241 92
347:0 332 213 280 15 91 104 263 218 237 182 156 216 249 317 201 290 241 92 352
348:0 332 213 280 15 91 104 89 263 218 237 63 231 182 156 216 249 317 201 290 70 241 92 352
349:0 213 59 104 263 218 258 237 58 182 240 156 216 290 57 92 352 127 250
350:0 213 59 104 263 218 258 237 63 58 231 182 240 156 216 219 290 57 92 352 127 250
351:0 213 59 104 263 126 53 148 218 258 237 58 182 240 156 216 201 290 247 76 241 168 87 85 92 352
352:0 332 213 59 280 15 91 104 263 126 53 148 264 218 237 58 231 182 240 156 216 249 317 290 247 289 76 70 241 168 87 85 92 352
353:0 213 347 104 138 263 148 218 237 182 94 240 156 216 290 247 289 241 269 168 87 85 259 92
354:0 213 347 104 138 263 148 218 237 63 182 94 240 156 216 290 247 289 241 269 168 87 85 259 92
355:0 213 59 347 104 138 263 148 218 237 58 182 94 240 156 216 290 247 289 241 269 168 259 92
356:0 213 59 347 104 138 89 263 148 264 218 237 63 58 182 94 240 156 216 249 317 290 247 289 70 241 269 168 259 92
357:0 332 213 331 15 104 89 263 148 19 218 202 237 63 182 156 216 46 249 219 290 76 211 70 241 92
358:0 213 347 104 138 263 148 218 237 113 182 94 240 115 156 216 219 290 247 289 241 269 259 92
359:0 332 213 59 347 15 104 138 263 126 53 148 218 258 237 63 58 231 182 240 156 216 249 201 290 247 289 70 241 269 168 87 85 259 92 352
361:0 213 59 104 263 148 218 258 237 58 113 182 240 156 216 219 290 247 92 352
362:0 213 59 104 89 263 148 218 258 237 63 58 113 182 240 156 216 219 290 247 269 259 92 352
363:0 213 59 104 89 263 218 258 237 58 231 182 240 156 216 249 317 290 70 57 92 352 127 250
364:0 213 59 104 89 263 218 258 237 58 231 182 240 156 216 46 249 317 290 70 57 92 352 127 250
365:0 213 59 104 89 263 218 258 237 63 58 231 182 240 156 216 46 249 317 290 70 57 92 352 127 250
366:0 213 59 104 263 218 258 237 58 182 240 156 216 290 57 92 352 127 250
367:0 213 59 104 263 218 258 237 63 58 182 240 156 216 317 290 289 57 92 352 127 250
368:0 213 59 104 263 218 258 237 63 58 182 94 240 156 216 219 290 247 57 92 352 127 250
369:0 213 59 347 104 89 263 218 258 237 63 58 182 240 156 216 249 317 219 201 290 57 92 352 127 250
370:0 213 59 104 263 218 258 237 58 182 240 156 216 219 290 57 92 352 127 250
371:0 332 213 280 15 104 337 263 126 53 218 237 182 240 156 216 46 249 317 290 70 241 92
372:0 332 213 280 15 104 337 263 126 53 218 237 182 240 156 216 46 249 317 290 70 241 92
373:0 332 213 280 15 104 337 89 263 126 53 19 218 237 63 231 182 240 156 216 46 249 317 290 211 70 241 92
375:0 332 280 15 104 89 263 148 218 237 63 113 182 94 240 115 156 216 249 317 201 290 247 188 70 241 92
376:0 332 280 15 104 89 263 148 218 237 63 113 182 94 240 115 156 216 249 317 201 290 247 188 70 241 92
377:0 280 91 104 89 263 264 218 237 63 182 156 216 249 317 219 201 290 70 241 87 85 92
378:0 59 280 104 89 263 264 218 258 237 63 58 182 240 156 216 249 219 290 70 87 85 92
379:0 332 280 104 89 263 264 218 237 63 182 240 156 216 249 317 219 201 290 70 241 87 85 92
380:0 332 213 347 15 104 337 138 89 263 148 19 218 237 63 58 113 182 94 240 115 156 216 46 219 201 290 247 76 211 241 57 87 85 92 352 127 250
381:0 332 213 347 15 104 337 138 89 263 148 19 218 237 63 58 113 182 94 240 115 156 216 46 219 201 290 247 76 211 241 57 87 85 92 352 127 250
382:0 59 280 347 104 89 263 218 258 237 63 58 182 240 156 216 46 249 317 219 290 70 57 87 85 92 352 127 250
383:0 332 280 339 15 91 104 337 89 263 126 53 218 237 63 231 315 182 156 216 46 249 317 219 201 290 76 70 241 87 85 92
384:0 332 59 280 339 104 337 89 263 126 53 19 218 237 63 58 231 315 182 240 156 216 46 249 201 290 76 70 241 57 87 85 92 352 127 250
385:0 332 347 104 138 263 148 218 237 63 113 182 94 240 115 156 216 219 201 290 247 241 87 85 92 352
386:0 332 280 347 15 104 138 263 148 264 218 237 63 58 113 182 94 240 115 156 216 249 317 219 290 247 289 76 70 241 269 87 85 259 92 352
386:1 332 280 347 15 104 138 263 148 264 218 237 63 58 113 182 94 240 115 156 216 249 317 219 290 247 289 76 70 241 269 87 85 259 92 352
386:2 332 280 347 15 104 138 263 148 264 218 237 63 58 113 182 94 240 115 156 216 249 317 219 290 247 289 76 70 241 269 87 85 259 92 352
386:3 332 280 347 15 104 138 263 148 264 218 237 63 58 113 182 94 240 115 156 216 249 317 219 290 247 289 76 70 241 269 87 85 259 92 352
407:0 213 331 15 104 263 148 218 202 237 63 182 240 156 216 290 247 188 76 241 92
424:0 332 213 280 15 91 104 138 263 264 218 237 63 231 182 240 156 216 249 290 247 289 76 70 241 269 168 87 85 92 352
429:0 332 213 347 104 138 263 148 218 237 63 182 94 240 156 216 290 247 289 241 269 168 87 85 259 92
430:0 332 213 347 104 138 263 19 218 237 63 182 94 240 156 216 290 247 289 211 241 269 168 259 92
461:0 332 213 59 280 347 15 91 104 138 263 264 218 258 237 63 58 231 182 240 156 216 249 290 247 289 70 241 57 269 168 259 92 250
462:0 104 263 148 218 237 63 113 182 240 115 156 216 290 241 87 85 92
463:0 213 59 280 15 91 104 138 89 263 126 53 264 218 237 63 58 231 182 240 156 216 249 317 201 290 247 76 70 241 57 168 87 85 92 352 250
464:0 213 59 280 15 91 104 89 263 126 53 264 218 237 63 58 231 182 240 156 216 46 249 317 201 290 70 241 57 168 87 85 92 250
465:0 332 213 280 331 15 104 89 263 148 218 202 237 63 182 115 156 216 249 317 290 188 76 70 241 168 92
466:0 213 280 91 104 89 263 53 148 264 218 237 63 231 113 182 94 240 156 216 249 317 290 70 269 168 87 85 259 92
467:0 213 280 104 89 263 126 53 264 218 237 63 231 315 182 94 156 216 249 317 290 76 70 241 269 168 85 259 92
468:0 332 213 280 104 138 263 126 53 148 19 264 218 237 63 113 182 94 240 115 156 216 249 219 290 247 76 211 241 92 352
469:0 332 213 104 138 263 148 218 202 237 63 182 94 156 216 290 247 76 211 241 168 92
470:0 332 213 331 91 104 263 148 218 202 237 63 231 182 240 156 216 46 249 290 247 76 70 241 92
471:0 213 59 91 104 263 218 258 237 63 58 231 182 240 156 216 46 249 290 247 70 241 92 352
472:0 332 213 280 15 91 104 89 263 218 237 63 231 182 240 156 216 249 317 201 290 188 211 70 241 269 168 259 92
473:0 213 59 91 104 89 263 218 258 237 63 58 113 182 240 115 156 216 46 249 317 201 290 70 92
474:0 332 59 104 138 263 148 218 237 63 58 231 182 94 240 156 216 290 247 76 241 168 87 85 92
475:0 332 213 280 339 347 15 104 138 89 263 148 264 218 237 63 113 182 94 240 115 156 216 249 317 219 290 247 289 70 241 269 168 85 259 92
476:0 213 104 89 263 218 237 63 182 156 216 249 317 201 290 70 241 269 87 85 259 92
477:0 213 59 280 347 104 138 89 263 148 264 218 237 63 58 182 94 240 156 216 249 317 290 247 289 70 241 269 168 259 92
478:0 213 59 104 138 263 148 218 258 237 63 58 113 182 94 240 156 216 219 290 247 289 269 87 85 259 92 352
