0:0 
1:0 10 57 78 160 202 214 219 228 265 280 294 335 360 368
2:0 10 57 78 160 202 214 219 228 265 280 294 335 360 368
3:0 10 57 78 160 202 214 219 228 265 280 294 335 360 368
4:0 11 28 29 32 70 75 100 103 137 242 273 325 410
5:0 11 28 29 32 70 75 100 103 137 242 273 325 410
6:0 11 28 29 32 70 75 100 103 137 242 273 325 410
7:0 12 13 124 134 148 173 251 254 260 262 315 451 465
8:0 12 13 124 134 148 173 251 254 260 262 315 451 465
9:0 12 13 124 134 148 173 251 254 260 262 315 451 465
10:0 
11:0 
12:0 
13:0 
14:0 
15:0 
16:0 8 9 42 123 148 305 388 441
17:0 8 9 42 123 148 305 388 441
18:0 8 9 42 123 148 305 388 441
19:0 32 70 135 153 211 233 319 341 404 441
20:0 32 70 135 153 211 233 319 341 404 441
21:0 19 123 126 127 306 339 361 433 441 455
22:0 19 123 126 127 306 339 361 433 441 455
23:0 28 88 283 287 305 339 364 384 409
24:0 28 88 283 287 305 339 364 384 409
25:0 30 55 97 114 124 134 295 319 426 428 458
26:0 30 55 97 114 124 134 295 319 426 428 458
27:0 70 76 134 242 259 268 309 325 335 410
28:0 70 76 134 242 259 268 309 325 335 410
29:0 28 57 70 88 144 305 360 402 416
30:0 28 57 70 88 144 305 360 402 416
31:0 28 57 70 88 144 305 360 402 416
32:0 10 28 63 70 88 174 398 402 416
33:0 10 28 63 70 88 174 398 402 416
34:0 10 28 63 70 88 174 398 402 416
35:0 10 16 29 71 125 245 247 295 385 397 458
36:0 10 16 29 71 125 245 247 295 385 397 458
37:0 88 117 120 123 134 137 181 187 193 292 298 384
38:0 88 117 120 123 134 137 181 187 193 292 298 384
39:0 71 123 125 161 211 279 295 458
40:0 71 123 125 161 211 279 295 458
41:0 42 78 123 168 193 263 305 306 455 467
42:0 42 78 123 168 193 263 305 306 455 467
43:0 57 134 202 310 410 411 418 428
44:0 57 134 202 310 410 411 418 428
45:0 57 134 202 310 410 411 418 428
46:0 7 47 70 74 126 134 219 242 297 305 341 407
47:0 7 47 70 74 126 134 219 242 297 305 341 407
48:0 7 27 47 156 257 341 355 431
49:0 7 27 47 156 257 341 355 431
50:0 11 19 28 123 258 305 319 325 341 441
51:0 11 19 28 123 258 305 319 325 341 441
52:0 10 17 57 134 193 211 271 298 304 384 414
53:0 10 17 57 134 193 211 271 298 304 384 414
54:0 62 73 114 148 154 193 219 258 297 299 315 465
55:0 62 73 114 148 154 193 219 258 297 299 315 465
56:0 28 60 70 114 148 235 318 319 325 370
57:0 28 60 70 114 148 235 318 319 325 370
58:0 37 75 96 132 137 181 187 257 335 421
59:0 37 75 96 132 137 181 187 257 335 421
60:0 46 114 115 173 194 248 254 259 315 385 450
61:0 46 114 115 173 194 248 254 259 315 385 450
62:0 46 114 115 173 194 248 254 259 315 385 450
63:0 26 114 131 165 197 210 293 426
64:0 26 114 131 165 197 210 293 426
65:0 26 114 131 165 197 210 293 426
66:0 50 60 70 114 131 197 219 235 293 325 331 370 426
67:0 50 60 70 114 131 197 219 235 293 325 331 370 426
68:0 50 60 70 114 131 197 219 235 293 325 331 370 426
69:0 114 202 215 228 314 410 411 428 453 461
70:0 114 202 215 228 314 410 411 428 453 461
71:0 114 202 215 228 314 410 411 428 453 461
72:0 4 23 62 173 210 251 262 309 335
73:0 4 23 62 173 210 251 262 309 335
74:0 36 78 134 171 238 325
75:0 36 78 134 171 238 325
76:0 36 78 134 171 238 325
77:0 57 94 96 135 186 193 257 421
78:0 57 94 96 135 186 193 257 421
79:0 29 36 154 233 260 335 367 374 390 467
80:0 29 36 154 233 260 335 367 374 390 467
81:0 
82:0 
83:0 71 78 127 134 148 168 213 252 261 268 306 388
84:0 42 115 123 134 173 252 306 402
85:0 42 115 123 134 173 252 306 402
86:0 88 114 124 186 199 218 279 355 364 383 389 405
87:0 88 114 124 186 199 218 279 355 364 383 389 405
88:0 78 119 173 201 218 234 350 351 383 389 405
89:0 78 119 173 201 218 234 350 351 383 389 405
90:0 26 46 199 259 309 322 341 416
91:0 26 46 199 259 309 322 341 416
92:0 19 88 119 131 164 173 197 279 303 426 456
93:0 19 88 119 131 164 173 197 279 303 426 456
94:0 19 88 119 131 164 173 197 279 303 426 456
95:0 36 82 119 134 322 325 332
96:0 17 26 131 140 165 197 263 301 330 426
97:0 17 26 131 140 165 197 263 301 330 426
98:0 7 10 11 87 134 173 210 364 410 428
99:0 7 10 11 87 134 173 210 364 410 428
100:0 
101:0 
102:0 11 78 202 214 223 256 265 292 298 314 411
103:0 11 78 202 214 223 256 265 292 298 314 411
104:0 11 29 86 94 204 279 325 341 360 410
105:0 11 29 86 94 204 279 325 341 360 410
106:0 50 70 182 183 226 248 309 442
107:0 50 70 182 183 226 248 309 442
108:0 10 29 37 78 171 232 262 367 370 374 397
109:0 78 85 164 275 297 303 341 384 456
110:0 78 85 164 275 297 303 341 384 456
111:0 70 75 76 78 103 130 196 232 319 325 360 410 423
112:0 70 75 76 78 103 130 196 232 319 325 360 410 423
113:0 16 70 161 176 182 245 258 295 397
114:0 10 63 115 134 214 216 236 265 292 314
115:0 70 76 88 96 115 144 148 171 335 390 397
116:0 23 88 102 104 134 262 270 311 355 385
117:0 23 88 102 104 134 262 270 311 355 385
118:0 14 37 173 189 260 261 297 367
119:0 14 37 173 189 260 261 297 367
120:0 
121:0 
122:0 62 124 154 193 247 263 298 418 434 447
123:0 27 48 70 116 219 268 311 319 335 356
124:0 124 197 235 250 263 298 458
125:0 26 73 108 128 131 197 208 235 331
126:0 26 29 73 108 137 208 226 238 341 426
127:0 60 123 126 128 134 151 306
128:0 
129:0 
130:0 
131:0 11 78 100 133 148 186 315 367 397 428 454
132:0 
133:0 57 71 78 86 116 125 134 428 458 465
134:0 57 71 78 86 116 125 134 428 458 465
135:0 57 71 78 86 116 125 134 428 458 465
136:0 57 71 78 86 116 125 134 428 458 465
137:0 
138:0 23 46 173 210 262 325 364 382 402 431 463
139:0 23 46 173 210 262 325 364 382 402 431 463
140:0 23 46 62 87 134 200 210 259 309 341
141:0 23 46 62 87 134 200 210 259 309 341
142:0 18 78 104 148 305 388 455
143:0 57 70 78 96 133 218 305 397 455
144:0 
145:0 
146:0 
147:0 100 103 104 121 173 219 254 402
148:0 100 103 104 121 173 219 254 402
149:0 100 103 104 121 173 219 254 402
150:0 
151:0 
152:0 11 16 37 70 134 160 202 214 216 265 444 463
153:0 11 16 37 70 134 160 202 214 216 265 444 463
154:0 11 16 37 70 134 160 202 214 216 265 444 463
155:0 71 76 94 96 120 137 148 153 187 306 319 421
156:0 71 76 94 96 120 137 148 153 187 306 319 421
157:0 71 76 94 96 120 137 148 153 187 306 319 421
158:0 11 12 75 99 100 189 197 242 260 325 421 450
159:0 11 12 75 99 100 189 197 242 260 325 421 450
160:0 11 12 75 99 100 189 197 242 260 325 421 450
161:0 17 57 71 96 144 211 305 319 365 397 434
162:0 17 57 71 96 144 211 305 319 365 397 434
163:0 7 123 127 252 267 361 402 455 457
164:0 7 123 127 252 267 361 402 455 457
165:0 30 47 48 114 210 297 341 356
166:0 30 47 48 114 210 297 341 356
167:0 27 88 285 297 305 355 377 431
168:0 27 88 285 297 305 355 377 431
169:0 42 78 123 168 193 263 305 306 455 467
170:0 7 10 134 254 297 341 454
171:0 7 10 134 254 297 341 454
172:0 30 55 97 114 124 134 295 319 426 428 446 458
173:0 10 16 29 71 125 245 247 295 385 397 458
174:0 71 123 125 161 211 279 295 458
175:0 120 148 154 223 252 263 278 295 298 302 397
176:0 120 148 154 223 252 263 278 295 298 302 397
177:0 107 123 127 173 298 306 315 388 398 467
178:0 107 123 127 173 298 306 315 388 398 467
179:0 37 55 140 271 314 335 337 341 416
180:0 37 55 140 271 314 335 337 341 416
181:0 37 55 140 271 314 335 337 341 416
182:0 57 134 202 310 410 411 418 428
183:0 10 12 29 37 154 219 279 295 315 397 401 402
184:0 10 12 29 37 154 219 279 295 315 397 401 402
185:0 82 172 175 332 336 346
186:0 46 114 115 173 194 248 254 259 315 385 450
187:0 10 16 63 96 114 182 298 314 461
188:0 10 16 63 96 114 182 298 314 461
189:0 10 16 63 96 114 182 298 314 461
190:0 7 28 41 70 71 97 124 305 341 364 384
191:0 78 114 160 182 202 216 265 407
192:0 78 114 160 182 202 216 265 407
193:0 123 128 215 305 319 355 356 455
194:0 11 37 70 78 94 114 260 312 335 383 389 405
195:0 11 37 70 78 94 114 260 312 335 383 389 405
196:0 57 71 78 86 116 125 134 428 458 465
197:0 57 71 78 86 116 125 134 428 458 465
198:0 42 62 107 123 127 252 279 302 341 361 455 457
199:0 29 36 154 233 260 335 367 374 390 467
200:0 78 85 201 240 263 272 298 341 351 384 398
201:0 
202:0 
203:0 10 28 94 148 154 227 251 298 311 416 458
204:0 70 96 134 281 293 314 318 336 408 431
205:0 70 96 134 281 293 314 318 336 408 431
206:0 7 11 19 30 32 78 175 227 325 374 437
207:0 7 27 70 74 96 128 242 268 293 311 336 457
208:0 36 82 119 134 322 325 332
209:0 60 75 123 130 176 196 245 295 314 370 374 423
210:0 60 75 123 130 176 196 245 295 314 370 374 423
211:0 12 19 46 134 173 285 355 402
212:0 27 48 70 116 219 268 311 319 335 356
213:0 4 182 210 261 336 407
214:0 30 96 126 134 172 305 318
215:0 17 32 70 76 93 124 148 197 198 304 305 314 384
216:0 29 60 70 73 75 96 125 242 268 345 367 416 465
217:0 29 60 70 73 75 96 125 242 268 345 367 416 465
218:0 3 78 181 240 372 383 389 405
219:0 3 78 181 240 372 383 389 405
220:0 11 32 37 78 96 133 199 259 325 416
221:0 11 32 37 78 96 133 199 259 325 416
222:0 10 13 26 62 78 199 202 254 265 325 341
223:0 23 134 173 270 322 341 374 402 424 451
224:0 23 134 173 270 322 341 374 402 424 451
225:0 23 124 154 194 197 198 306 309 385
226:0 173 189 251 260 325 364 385 439 450
227:0 18 42 78 107 165 305 361 455
228:0 28 70 128 130 132 263 304 305 307 319 384 423 456
229:0 28 70 128 130 132 263 304 305 307 319 384 423 456
230:0 23 88 102 104 134 262 270 311 355 385
231:0 11 37 70 115 133 144 174 198 374
232:0 11 37 70 115 133 144 174 198 374
233:0 
234:0 32 88 94 120 239 298 384 404 421 467
235:0 
236:0 50 70 182 183 226 248 309 442
237:0 50 70 182 183 226 248 309 442
238:0 124 197 235 250 263 298 458
239:0 26 73 108 128 131 197 208 235 331
240:0 26 29 73 108 137 208 226 238 341 426
241:0 78 91 96 116 171 182 295 298 304 319 345 367
242:0 16 70 161 176 182 245 258 295 397
243:0 
244:0 
245:0 
246:0 11 18 78 100 144 203 204 273 305 390
247:0 11 18 78 100 144 203 204 273 305 390
248:0 11 18 78 100 144 203 204 273 305 390
249:0 
250:0 
251:0 
252:0 75 76 94 104 115 160 214 216 228 260 311 411 461
253:0 75 76 94 104 115 160 214 216 228 260 311 411 461
254:0 75 76 94 104 115 160 214 216 228 260 311 411 461
255:0 7 27 70 76 116 127 128 211 268 319 325 370 404
256:0 7 27 70 76 116 127 128 211 268 319 325 370 404
257:0 7 27 70 76 116 127 128 211 268 319 325 370 404
258:0 11 32 70 78 96 194 251 258 315 368 390 441 454 465
259:0 11 32 70 78 96 194 251 258 315 368 390 441 454 465
260:0 11 32 70 78 96 194 251 258 315 368 390 441 454 465
261:0 19 71 130 196 217 233 283 398 423 465
262:0 19 71 130 196 217 233 283 398 423 465
263:0 57 182 261 305 397 428 434
264:0 57 182 261 305 397 428 434
265:0 
266:0 
267:0 
268:0 
269:0 
270:0 70 134 216 310 407 411 428 448
271:0 70 134 216 310 407 411 428 448
272:0 70 134 216 310 407 411 428 448
273:0 10 126 216 263 292 306 311 416 461
274:0 10 126 216 263 292 306 311 416 461
275:0 10 126 216 263 292 306 311 416 461
276:0 42 252 305 307 315 361 402 455
277:0 42 252 305 307 315 361 402 455
278:0 7 13 168 210 254 439 450
279:0 7 13 168 210 254 439 450
280:0 62 85 88 114 164 234 240 351 456
281:0 62 85 88 114 164 234 240 351 456
282:0 62 85 88 114 164 234 240 351 456
283:0 47 148 189 248 259 297 355
284:0 47 148 189 248 259 297 355
285:0 57 125 126 182 343 404 447 461
286:0 57 125 126 182 343 404 447 461
287:0 37 76 78 171 268 305 365 367 374
288:0 37 76 78 171 268 305 365 367 374
289:0 37 76 78 171 268 305 365 367 374
290:0 47 48 116 123 168 268 356
291:0 47 48 116 123 168 268 356
292:0 47 48 116 123 168 268 356
293:0 115 120 171 370 372 374 404 416
294:0 115 120 171 370 372 374 404 416
295:0 115 120 171 370 372 374 404 416
296:0 50 70 73 86 108 123 128 148 182 318 447
297:0 50 70 73 86 108 123 128 148 182 318 447
298:0 37 114 125 315 357 364 428
299:0 36 96 119 174 232 332
300:0 27 124 125 182 211 258 298 397 398 428 441 458 467
301:0 27 124 125 182 211 258 298 397 398 428 441 458 467
302:0 128 140 256 263 298 312
303:0 11 126 130 165 196 283 298 304 398 410 423 428
304:0 37 78 103 115 174 204 341 370 390
305:0 37 78 103 115 174 204 341 370 390
306:0 37 78 103 115 174 204 341 370 390
307:0 27 50 108 124 131 148 165 197 292 301 426
308:0 27 50 108 124 131 148 165 197 292 301 426
309:0 75 78 89 130 175 196 408 409 423 441
310:0 75 78 89 130 175 196 408 409 423 441
311:0 89 357 397 406 458
312:0 89 357 397 406 458
313:0 27 48 114 356 434
314:0 27 48 114 163 356
315:0 69 214 248 281 310 366 382 411
316:0 3 78 85 106 275 371
317:0 3 78 85 106 275 371
318:0 11 96 189 421
319:0 11 96 189 421
320:0 13 37 78 82 96 133 367 374 404 421 428
321:0 13 37 78 82 96 133 367 374 404 421 428
322:0 11 37 82 181 187 258 332 339 383 389 390 405 465
323:0 11 37 82 181 187 258 332 339 383 389 390 405 465
324:0 110 116 118 133 360 367 465
325:0 10 120 154 251 397 434 467
326:0 10 120 154 251 397 434 467
327:0 17 27 88 114 124 301 325 330 370 434 458
328:0 134 144 152 168 259 306
329:0 134 144 152 168 259 306
330:0 134 144 152 168 259 306
331:0 2 70 108 160 222 228 263 343 370 418
332:0 2 70 108 160 222 228 263 343 370 418
333:0 7 103 127 173 292 305 307
334:0 7 103 127 173 292 305 307
335:0 70 78 88 93 94 134 153 242 268 311 320
336:0 18 37 268 339 383 389 405 409
337:0 
338:0 
339:0 100 134 189 379 416 421 454
340:0 100 134 189 379 416 421 454
341:0 11 37 100 115 210 242 260 401
342:0 11 37 100 115 210 242 260 401
343:0 
344:0 
345:0 26 78 251 312 325 428 463
346:0 26 78 251 312 325 428 463
347:0 74 78 210 309 325 337 341 410
348:0 74 78 210 309 325 337 341 410
349:0 62 104 173 193 219 251 254 260 428
350:0 62 104 173 193 219 251 254 260 428
351:0 10 88 154 223 272 298
352:0 88 91 124 227 263 312 434
353:0 19 62 85 88 148 201 277 305 351
354:0 19 62 85 88 148 201 277 305 351
355:0 85 123 164 201 240 272 275
356:0 85 123 164 201 240 272 275
357:0 78 100 175 213 214 216 265 311 364 411
358:0 78 88 106 154 193 458
359:0 18 27 78 96 123 227 233 234 239 304 397 398 467
360:0 
361:0 30 36 88 332 382 453
362:0 30 36 88 332 382 453
363:0 13 78 133 325 355 383 389 405 450 465
364:0 13 78 133 325 355 383 389 405 450 465
365:0 13 78 133 325 355 383 389 405 450 465
366:0 13 26 37 62 260 262 315 402
367:0 13 26 37 62 260 262 315 402
368:0 13 26 37 62 260 262 315 402
369:0 10 14 232 261 262 325 360 367 374 450
370:0 12 13 54 260 385 402 450
371:0 100 102 103 130 189 348 421 439
372:0 100 102 103 130 189 348 421 439
373:0 100 102 103 130 189 348 421 439
374:0 
375:0 
376:0 
377:0 
378:0 
379:0 
380:0 
381:0 
382:0 
383:0 
384:0 
385:0 
386:0 
387:0 10 37 96 163 336 343 383 389 401 405 421 428 461
388:0 10 37 96 163 336 343 383 389 401 405 421 428 461
389:0 10 37 96 163 336 343 383 389 401 405 421 428 461
390:0 17 34 70 94 114 124 131 144 181 182 426
391:0 17 34 70 94 114 124 131 144 181 182 426
392:0 17 34 70 94 114 124 131 144 181 182 426
393:0 7 13 93 127 134 189 260 261 374 402 465
394:0 7 13 93 127 134 189 260 261 374 402 465
395:0 7 13 93 127 134 189 260 261 374 402 465
396:0 19 96 127 148 151 305 337
397:0 19 96 127 148 151 305 337
398:0 19 96 127 148 151 305 337
399:0 14 82 96 153 271 306 332 450
400:0 14 82 96 153 271 306 332 450
401:0 
402:0 
403:0 130 187 196 268 306 416 423
404:0 130 187 196 268 306 416 423
405:0 130 187 196 268 306 416 423
406:0 69 120 214 248 281 310 366 382 411
407:0 69 214 248 281 310 366 382 411
408:0 75 78 96 171 217 364 390 421 455
409:0 75 78 96 171 217 364 390 421 455
410:0 37 70 78 96 133 144 175 322 339 341
411:0 37 70 78 96 133 144 175 322 339 341
412:0 
413:0 
414:0 
415:0 
416:0 
417:0 32 71 82 125 134 140 332
418:0 27 97 152 153 175 261 271 365
419:0 27 97 152 153 175 261 271 365
420:0 16 160 265 310 407 428 453
421:0 16 160 265 310 407 428 453
422:0 10 70 78 133 240 251 368 383 389 405 437 465
423:0 10 70 78 133 240 251 368 383 389 405 437 465
424:0 7 28 41 70 71 97 124 305 341 364 384
425:0 37 85 88 173 193 240 453
426:0 37 85 88 173 193 240 453
427:0 21 93 114 124 125 131 134 197 222 362 406 409 426
428:0 21 93 114 124 125 131 134 197 222 362 406 409 426
429:0 78 85 201 240 263 272 298 341 351 384 398
430:0 42 62 107 123 127 252 279 302 341 361 455 457
431:0 18 32 125 134 306 337 414
432:0 18 32 125 134 306 337 414
433:0 78 88 106 154 193 312 458
434:0 19 75 96 173 217 304 305 339 371
435:0 19 75 96 173 217 304 305 339 371
436:0 
437:0 
438:0 82 172 175 332 336 346
439:0 57 62 124 154 179 193 247 263 298 418 434 447
440:0 16 70 161 176 182 211 245 258 295 397
441:0 7 114 263 267 402
442:0 85 164 201 275 351 372
443:0 37 96 104 204 242 259 273 336 339 421 439
444:0 37 96 104 204 242 259 273 336 339 421 439
445:0 37 96 104 204 242 259 273 336 339 421 439
446:0 57 70 78 96 218 305 397 455 467
447:0 7 32 34 50 73 75 86 146 183 203 222 248 362 442
448:0 7 32 34 50 73 75 86 146 183 203 222 248 362 442
449:0 37 78 318 336 363 383 389 405
450:0 37 78 318 336 363 383 389 405
451:0 7 62 123 268 305 337 341 365 455
452:0 7 62 123 268 305 337 341 365 455
453:0 50 70 73 108 124 128 175 233 235 370 442 447
454:0 50 70 73 108 124 128 175 233 235 370 442 447
455:0 216 228 310 364 366 395 411 461
456:0 7 14 57 134 297 385 406 428
457:0 7 14 57 134 297 385 406 428
458:0 173 189 251 260 325 355 364 385 439 450
459:0 96 163 216 228 254 343 360 390
460:0 96 163 216 228 254 343 360 390
461:0 17 32 70 76 93 124 148 197 198 304 305 314 384
462:0 
463:0 10 29 37 78 171 232 262 367 370 374 397
464:0 70 75 76 78 103 130 196 232 319 325 360 410 423
465:0 10 63 115 134 214 216 236 265 292 314
466:0 26 73 108 128 131 197 208 235 331
467:0 26 29 73 108 137 208 226 238 341 426
468:0 120 148 154 223 252 263 278 295 298 302 397
469:0 123 128 215 305 319 355 356 455
470:0 57 71 78 86 116 125 134 428 458 465
471:0 57 71 78 86 116 125 134 428 458 465
472:0 7 27 70 74 96 128 242 268 293 311 336 457
473:0 11 32 37 78 96 133 199 259 325 416
474:0 
475:0 62 85 88 114 164 234 240 351 456
476:0 36 96 119 174 232 332
477:0 85 123 164 201 240 272 275
478:0 30 36 88 332 382 453
479:0 
480:0 
481:0 
482:0 
483:0 
484:0 
485:0 
486:0 
487:0 
488:0 
489:0 
490:0 
491:0 
492:0 
493:0 
479:1 
479:2 
479:3 
479:4 
479:5 
386:1 
386:2 
386:3 
413:1 
413:2 
487:1 
492:1 
3875592:479 