1:0 38 45 74 73 77 75 402 79 230 235 33 36 22 388
2:0 38 45 74 73 77 75 79 76 230 235 33 36 22 388
3:0 38 45 74 73 80 77 75 79 76 230 235 33 36 22 388
4:0 82 52 424 83 53 45 184 10 163 108
5:0 82 52 424 83 53 45 184 10 163 108
6:0 403 337 82 52 424 83 53 394 45 257 184 10 421 163 108 17
7:0 401 44 145 56 334 182 240 229 130 33 39 55 352 110
8:0 401 44 145 56 334 182 240 229 130 33 39 55 352 110
9:0 401 44 145 430 56 334 182 240 229 130 33 39 55 352 110
10:0 450 81 33
11:0 106
12:0 405 445 93 16 77 60 219 318 79 78 48 366 18
13:0 450 40 81
14:0 106
15:0 97 372 283 116 31 42 398 228 99 390 41
16:0 97 403 297 16 119 98 355 28 33 366 239 18 17
17:0 97 403 297 16 119 98 355 28 33 366 239 18 17
18:0 97 403 297 16 119 98 355 28 33 366 239 18 17
19:0 372 44 242 38 283 116 158 228 98 389 162 33 39
20:0 372 44 242 38 283 116 158 228 98 184 389 162 14 33 39
21:0 332 97 372 65 31 45 43 119 64 228 355
22:0 332 97 372 65 31 45 43 119 64 365 228 355
23:0 51 44 380 137 441 114 43 426 40 103 255 254 256 35
24:0 51 44 242 424 380 137 441 114 423 43 426 40 103 255 254 256 422 35
25:0 97 435 104 364 45 113 98 21 39 87 86 85 84
26:0 98 39 85 84
27:0 111 210 154 360 40 229 205 328 28 201 10 163 129
28:0 306 111 210 154 360 40 229 205 328 28 201 10 163 129
29:0 44 445 242 24 260 154 45 270 305 40 10 39 390
30:0 44 445 242 24 260 154 45 270 305 40 10 39 390
31:0 34 24 414 40 10 276 39
32:0 445 24 260 116 31 270 30 32 43 64 398 40 390
33:0 445 24 260 116 31 270 30 32 43 64 398 40 390
34:0 24 414 116 224 64 40 37
35:0 322 111 3 227 266 356 45 361 113 381 309 118 107 236 1 47 358
36:0 3 118 107 47
37:0 445 109 52 326 126 83 53 288 286 371 98 46 219 39 261
38:0 109 52 417 98 219
39:0 34 111 50 38 3 360 304 102 1 156 205 47 358
40:0 111 50 3 47
41:0 314 403 310 44 109 114 141 212 305 48 17
42:0 314 403 310 44 109 114 141 212 305 103 48 17
43:0 71 51 202 381 72 236 363 80 77 79 78 230
44:0 71 51 202 381 72 236 363 80 77 79 78 230
45:0 312 72 80 77 76 78
46:0 312 202 74 141 77 10 163 147 78 404
47:0 312 440 202 74 141 77 10 163 147 78 404
48:0 93 50 193 141 305 77 60 94 324 79 78 48 33 428
49:0 405 93 50 193 16 141 305 77 60 94 324 318 79 78 48 33 428
50:0 310 91 414 89 90 45 222 426 189 28 10 163 389
51:0 310 91 414 89 90 45 222 426 189 400 328 28 10 163 389 161
52:0 372 44 445 185 252 364 154 45 417 400 6 10 103 163 269
53:0 372 44 445 185 252 364 154 45 417 400 408 10 103 163 415 269
54:0 133 93 50 154 56 244 10 103 39 55 352 346 428
55:0 133 453 93 50 154 56 244 10 103 39 55 352 346 428
56:0 372 370 343 238 116 154 2 43 67 386 10 103 69 207 37
57:0 372 370 238 374 116 154 2 43 67 386 99 10 103 69 207 37
58:0 97 44 242 52 424 172 53 394 257 270 43 316 179 46 36
59:0 44 245 424 316 46 422
60:0 187 34 145 61 3 56 95 426 341 240 358 55 346
61:0 187 34 145 61 3 56 95 426 341 240 358 55 346
62:0 61 3 223 95 170 66
63:0 100
64:0 93 50 248 134 357 60 94 427 105 115 272 100 271
65:0 347 93 50 248 134 357 60 94 427 105 115 100 271
66:0 238 223 116 193 2 43 67 279 184 69 66 233 358
67:0 238 223 116 193 2 43 67 279 184 69 66 233 358
68:0 238 223 116 193 2 43 67 279 184 69 66 233 358
69:0 51 380 74 282 77 75 21 79 78 230 22 35 378
70:0 51 380 74 282 77 75 21 79 78 230 22 35 378
71:0 348 437 75 79 255 254 256 230 22
72:0 51 112 61 132 56 398 40 103 48 390 352 35 378
73:0 51 112 61 132 56 398 40 103 48 390 352 35 378
74:0 111 38 89 153 222 300 350 397 88 205 120 444 33
75:0 111 38 89 153 222 300 350 397 88 205 120 444 33
76:0 111 38 89 153 222 300 350 397 88 205 120 444 33
77:0 97 340 52 126 83 172 394 45 23 33 39 36
78:0 97 340 52 126 83 172 394 31 45 224 398 98 23 39 36
79:0 133 93 174 50 45 29 244 94 240 303 33 55 352 281 428
80:0 133 93 174 50 45 29 244 94 240 303 33 55 352 110 281 428
81:0 435 360 199 443 393 319 429 103 49 209 48 33 86 84 192
82:0 435 360 199 443 393 319 429 103 49 209 48 33 86 84 161 192
83:0 332 97 314 403 206 364 31 210 282 43 400 64 398 28 163 14
84:0 367 97 458 65 283 31 45 64 228 98 99 253
85:0 367 97 65 283 31 45 64 365 228 98 99 161 253
86:0 453 392 401 62 362 291 227 45 29 58 420 196 156 219 36 346
87:0 453 392 401 62 362 291 227 45 29 58 420 196 156 219 329 324 36
88:0 151 50 374 441 106 262 107 426 189 139 1 103 124 188
89:0 151 50 374 441 106 262 107 426 189 139 1 103 124 188
90:0 62 362 128 58 420 333 334 43 182 48 33 250 110
91:0 62 182 131 191 48 390 110
92:0 109 174 399 194 138 95 122 212 101 171 371 247 180 389
93:0 109 174 399 194 138 95 122 212 101 171 371 247 325 180 389
94:0 109 174 399 194 138 95 122 212 101 171 371 247 325 180 389
95:0 20 174 38 225 106 231 300 99 397 88 317 328 201 103 21 444 33
96:0 93 50 248 29 95 96 417 139 1 60 244 94 207 428
97:0 93 50 248 29 95 96 417 171 139 1 60 244 94 207 415 428
98:0 362 145 61 152 175 12 106 43 232 341 300 182 21 23 11
99:0 362 145 61 152 175 12 106 43 232 341 300 182 21 23 11
100:0 268 451 153 360 113 393 243 205 103 120 49 209 129 33
101:0 268 451 153 360 113 393 243 205 103 120 49 209 129 33
102:0 140 331 93 95 73 363 77 94 115 79 76 78 253 388
103:0 140 93 121 95 437 402 23 452
104:0 125 198 155 38 283 206 374 116 45 29 43 99 39 37
105:0 125 198 155 38 283 206 374 116 45 29 43 99 39 37
106:0 299 280 370 24 203 364 116 193 136 26 96 25 170 279 179 27
107:0 97 418 370 4 68 197 364 7 8 183 5 228 279 327 9 410
108:0 111 50 282 122 382 438 287 205 103 21 23 48 35 378
109:0 372 194 153 360 114 262 139 120 124 188 123 108 33
110:0 372 194 458 153 114 262 139 120 124 188 123 108 33
111:0 89 31 30 32 224 350 184 23 444 39 36
112:0 89 31 359 30 32 224 350 184 23 444 39 36
113:0 111 38 3 121 374 45 361 113 107 1 287 47 135 39
114:0 71 246 20 132 74 275 282 72 363 77 438 21 79 78 321 22 378
115:0 44 4 242 146 458 203 252 43 5 200 99 179 389 39
116:0 97 362 145 61 349 406 116 56 43 108 239 55
117:0 97 362 145 61 349 406 116 56 43 108 239 55
118:0 97 392 175 31 30 32 224 64 48 39 352 346 127
119:0 97 392 175 31 30 32 224 64 398 48 39 352 346 127
120:0 61 293 322 360 106 56 113 107 408 229 105 129 33 55
121:0 109 229 105 129 55
122:0 112 226 93 383 3 227 385 113 345 96 102 384 60 94 278 115 272 219 164 271
123:0 97 403 458 104 206 364 116 210 43 400 228 98 13 163 14 410 17 404
124:0 419 59 34 3 313 8 122 142 212 195 1 181 358 378
125:0 435 43 113 67 98 103 351 129 87 85 9 84
126:0 109 52 185 126 7 83 53 436 43 123 108 241
127:0 20 280 116 12 106 279 69 66 276 14 37 11 233 404
128:0 416 30 371 228 99 156 184 207 33 39 36 37 428
129:0 175 150 33
130:0 401 44 349 82 56 63 423 43 240 37 239
131:0 34 362 109 45 56 58 420 54 195 240 219 329 47 55 352
132:0 144
133:0 226 44 45 270 387 98 28 33 39 36 376
134:0 151 392 62 44 114 270 56 387 330 98 28 33 39 55
135:0 97 435 24 270 387 42 98 28 33 39 87 422 86 84
136:0 44 52 126 424 83 270 387 436 98 28 184 123 33 39
137:0 97 160 176 435 199 277 393 60 105 278 159 324 33 161 192
138:0 246 44 362 132 56 43 341 182 350 205 321 55 110
139:0 246 44 362 132 56 43 341 182 350 205 131 321 55 110
140:0 71 246 453 203 106 43 72 319 341 28 10 378
141:0 71 246 453 203 364 106 43 72 319 341 400 28 10 163 378
142:0 97 246 44 242 424 416 63 423 442 46 157 184 48 36 422 17
143:0 133 187 335 34 242 111 416 122 156 205 214 173 33 281
144:0 97 246 59 16 258 58 420 170 54 181 115 355 329 366
145:0 97 246 268 197 435 65 113 64 365 240 355 87 86 84
146:0 97 403 246 52 203 83 53 257 355 219 143 76 241 17
147:0 97 401 349 82 407 63 43 200 219 21 86 239 35
148:0 97 401 349 82 407 63 43 200 219 21 86 239 35
149:0 97 401 349 82 407 7 63 43 200 355 219 21 86 9 239 17 35
150:0 133 396 112 93 50 248 385 382 357 54 384 244 94 427 105 219 129
151:0 133 246 396 112 226 382 5 118 417 1 94 144
152:0 312 34 45 113 345 363 77 75 115 219 76 230 235 33
153:0 312 34 45 113 345 363 77 75 115 219 76 230 235 33
154:0 312 34 45 113 345 363 80 77 75 115 219 76 230 235 33
155:0 111 38 52 284 172 53 436 43 98 205 108 129 33
156:0 111 38 52 284 172 53 436 43 98 205 108 129 33
157:0 111 38 52 284 172 53 360 436 43 98 205 108 129 33
158:0 401 44 242 175 56 423 43 99 184 10 103 163 276 37 55
159:0 401 44 242 175 56 423 43 99 184 10 103 163 276 37 55
160:0 97 401 44 242 175 56 423 43 99 184 10 103 163 276 37 55
161:0 133 226 111 266 193 154 270 304 382 98 156 10 21 389
162:0 133 226 111 266 193 154 270 304 382 98 156 10 21 389
163:0 403 93 138 326 193 45 95 64 375 115 355 33 36 253 428
164:0 403 93 138 326 193 45 95 64 375 115 355 143 33 36 253 428
165:0 97 226 405 4 38 113 183 115 219 318 48 129 33
166:0 97 226 405 4 38 113 183 115 219 318 48 129 33
167:0 97 132 154 141 101 42 398 40 94 184 425 169 81 389
168:0 97 450 132 154 141 101 42 398 40 94 184 425 169 81 389
169:0 314 403 310 44 109 440 114 141 212 305 103 48 17
170:0 392 145 61 268 109 435 175 56 324 209 48 36 86 55
171:0 392 145 61 268 109 435 175 56 324 209 255 254 48 256 36 86 55
172:0 204 417 186 39 86 84
173:0 204 383 227 345 1 47 186
174:0 204 383 111 1 47 186
175:0 246 226 204 38 227 266 45 387 118 219 186 273 281
176:0 246 226 204 38 227 266 45 387 345 118 219 186 273 281
177:0 109 248 385 43 381 382 357 101 466 64 384 94 375 100 273
178:0 109 248 385 43 381 382 357 101 466 64 384 94 375 366 100 273
179:0 268 178 435 45 113 408 324 33 87 86 84
180:0 268 178 435 45 113 408 324 33 87 86 84
181:0 268 178 435 7 45 113 408 324 33 87 86 9 84
182:0 348 437 345 72 78 241 230
183:0 392 401 61 111 38 56 240 205 33 39 55
184:0 392 401 61 111 38 56 240 205 33 39 55
185:0 335 383 38 185 175 359 67 102 157 88 317 21 389 452
186:0 340 61 3 304 95 195 207
187:0 340 331 178 202 73 72 262 77 79 150 78 235 33 39 369 388
188:0 340 331 178 202 73 72 262 77 79 150 78 235 33 39 369 388
189:0 340 331 178 202 73 72 262 77 79 150 78 235 33 39 369 388
190:0 97 310 226 458 374 154 387 417 28 10 103 129 39 321
191:0 71 283 202 320 74 275 73 72 75 402 241 235 388
192:0 71 331 320 74 275 437 73 72 80 1 75 76 241 388
193:0 403 246 405 197 104 193 95 228 98 103 49 48 33 369 253 17
194:0 133 89 114 54 426 341 300 330 240 21 39 55 281
195:0 133 89 114 54 426 341 300 330 240 21 39 55 281
196:0 93 248 270 387 234 384 60 244 94 98 28 129 33 39
197:0 372 109 185 385 270 387 212 236 228 98 28 103 33 39
198:0 372 310 185 114 212 101 64 228 389 269 17
199:0 93 174 50 45 29 237 417 408 244 94 207 33 376 55 352 281 428
200:0 310 109 45 288 212 220 371 195 408 60 149 247 180
201:0 237
202:0 68 194 243 219
203:0 97 372 310 226 93 242 458 45 385 316 384 60 94 23 33 428
204:0 117 450 38 153 360 334 363 371 182 229 120 191 33 36
205:0 117 450 38 153 360 334 393 429 363 371 182 229 120 191 33 36 390 192
206:0 246 111 91 283 175 137 228 99 205 355 103 180 36 281
207:0 185 210 12 106 282 40 98 28 103 163 14 369 404
208:0 20 242 174 38 225 424 106 423 231 300 99 397 88 317 201 103 21 444 33 422
209:0 44 204 242 424 29 423 122 371 99 46 184 33 39 36 422
210:0 44 204 242 424 29 423 122 371 99 46 184 33 39 36 422
211:0 401 362 194 106 56 107 42 398 40 279 205 191 255 254 33 36 390 55
212:0 97 418 458 206 364 116 210 334 442 43 232 400 228 98 13 163 14 404
213:0 117 450 132 227 380 379 156 219 110 35
214:0 332 280 370 68 203 364 31 30 43 224 400 179 33 36
215:0 97 251 185 154 420 196 43 232 98 10 103 163 269
216:0 204 343 185 313 374 154 43 122 156 10 163 173 230 37
217:0 343 185 313 154 359 43 122 156 184 10 163 173 230 37
218:0 133 246 34 414 52 53 106 436 105 157 88 123 281
219:0 133 246 34 414 52 53 106 436 105 157 88 123 281
220:0 133 59 89 203 420 196 54 426 300 189 316 181 33 36
221:0 133 246 59 89 203 31 423 196 54 426 300 189 316 64 181 36
222:0 246 392 145 61 414 106 381 243 408 105 287 350 131 33
223:0 62 61 331 116 63 58 199 60 324 55 352
224:0 62 61 331 132 116 441 63 58 190 60 350 324 55 378
225:0 217
226:0 97 392 340 145 61 331 109 29 56 60 324 48 33 36 352 17
227:0 97 314 403 364 31 43 319 400 64 28 163 191 211 129
228:0 251 44 242 373 52 185 424 53 336 43 417 316 46 123
229:0 251 44 242 373 52 185 424 53 336 43 417 316 46 123 422
230:0 97 362 145 61 349 406 116 56 43 108 239 55 281
231:0 204 111 38 203 175 45 387 363 316 205 21 33 36
232:0 372 111 89 424 175 31 416 45 30 282 222 229 205 184 21 422
233:0 97 160 176 111 435 63 199 277 393 60 105 278 324 33 161 192
234:0 310 347 445 109 95 286 43 382 272 28 23 33 36 428
235:0 71 51 151 367 332 177 97 314 403 133 246 453 392 401 292 312 274 372 310 454 213 396 62 419 140 112 226 251 187 117 20 44 307 299 59 335 34 125 198 155 340 413 280 362 145 61 450 405 339 418 331 347 293 445 268 451 204 128 370 4 109 93 132 160 176 383 322 178 68 343 152 238 440 242 306 462 174 15 399 464 111 455 432 194 197 91 50 435 291 146 353 458 24 104 38 3 434 337 349 406 82 407 225 409 138 65 223 414 89 121 373 52 227 283 203 412 284 153 326 245 263 185 252 313 206 297 364 126 424 7 83 90 175 172 53 394 148 430 260 374 19 411 116 264 266 395 193 338 218 31 210 154 248 380 202 416 137 447 320 356 45 74 288 385 12 441 16 360 258 359 106 114 457 29 215 377 456 361 391 257 270 136 237 30 32 336 308 56 63 158 304 95 301 58 423 8 420 333 196 286 275 334 442 231 449 26 2 134 282 387 436 348 437 141 73 43 122 113 199 142 67 381 461 295 183 277 345 463 443 393 222 382 212 96 72 25 5 224 262 368 232 319 309 118 208 102 170 107 357 243 119 429 54 296 236 234 426 341 300 189 330 417 363 267 302 101 400 171 190 316 466 200 315 220 6 371 64 195 80 42 365 305 139 398 40 342 77 1 181 408 384 379 438 217 182 60 244 94 354 427 375 149 386 228 98 99 240 229 75 13 105 278 115 287 156 216 279 179 46 459 350 431 397 157 249 88 317 439 272 27 205 355 221 219 328 28 201 184 10 103 290 402 465 69 120 247 421 467 325 425 159 329 351 324 318 47 166 285 130 143 327 303 21 163 79 214 124 188 265 123 108 289 173 135 76 49 460 209 169 131 191 255 180 150 147 446 211 254 23 444 70 81 78 66 164 389 241 162 276 48 57 207 256 186 230 129 415 14 235 33 294 39 366 36 269 298 100 168 37 87 422 86 85 9 84 321 259 92 390 144 161 271 433 167 376 41 239 369 253 410 11 22 233 344 358 55 352 346 323 127 311 250 18 261 17 273 110 452 388 35 378 404 281 192 428
236:0 252 193 270 33
237:0 97 370 68 197 283 364 116 360 228 98 229 279 27 167
238:0 419 59 93 383 313 122 381 212 195 1 181 94 47 186
239:0 435 43 113 67 98 103 351 129 87 85 9 84
240:0 109 52 185 126 7 83 53 436 43 123 108 241
241:0 117 34 445 111 45 360 215 208 205 23 33 358 428
242:0 111 38 3 121 374 45 361 113 107 1 287 47 135 39
243:0 44 347 242 435 326 43 98 240 115 46 209 87 422 84
244:0 44 347 52 284 326 126 424 83 53 436 43 46 23 207
245:0 62 44 59 61 347 326 16 56 423 43 243 54 240 366
246:0 44 242 399 89 63 43 371 157 201 184 103 444 37
247:0 44 242 399 89 63 43 371 157 201 184 103 444 37
248:0 44 242 399 89 424 63 423 43 371 157 201 184 103 444 37 422
249:0 177 246 347 407 326 248 16 56 363 386 240 105 219 143 129 311 18
250:0 246 413 347 326 126 248 16 363 386 105 221 219 143 241 129 311 18
251:0 246 226 93 248 215 377 361 437 73 345 363 195 105 219
252:0 71 97 197 412 202 43 72 1 228 98 103 21
253:0 71 97 197 206 210 348 437 43 1 228 98 103 21
254:0 71 97 197 206 348 437 43 400 1 228 98 103 21 404
255:0 52 83 53 116 45 119 64 98 28 10 163
256:0 339 24 52 394 116 45 119 64 98 28 10 327 163
257:0 299 413 339 24 52 7 394 116 45 64 98 28 10 327 163
258:0 117 283 193 45 56 300 189 182 33 36 55 250
259:0 117 89 283 193 45 426 341 189 330 182 33 36 55
260:0 117 89 283 193 45 359 426 341 189 330 182 33 36 55
261:0 372 44 242 373 336 316 46 28 184 389 207 33 36 269
262:0 372 44 373 336 316 46 28 184 389 207 33 36 269 168
263:0 187 343 175 374 45 29 300 316 42 156 28 33 39
264:0 187 343 374 154 45 29 300 316 156 28 163 415 33 39
265:0 450 40 81 33
266:0 106
267:0 71 213 405 202 16 72 234 318 78 18
268:0 106
269:0 405 93 16 113 236 182 60 318 92 18
270:0 71 310 61 412 45 72 54 363 267 240 428
271:0 71 310 61 252 154 45 56 267 253 346 428
272:0 310 45 72 267
273:0 117 153 74 106 267 241 235
274:0 326 185 252 74 106 267 1 75 13 207 259
275:0 185 437 417 75 18
276:0 332 97 403 104 283 116 45 64 98 17
277:0 332 97 403 104 283 116 45 64 365 98 17
278:0 332 97 403 45 54 228 98 355 48 55 352 17
279:0 374 45 56 54 371 182 355 255 254 48 256 366 55 352 346 17
280:0 347 204 93 104 138 248 45 95 286 381 345 94 100
281:0 347 204 93 104 138 248 45 95 286 381 345 94 100
282:0 347 445 93 104 138 248 45 361 95 286 345 94 100 273
283:0 97 226 145 61 114 54 98 230 346
284:0 403 145 405 16 466 98 184 318 78 230 346 18
285:0 71 202 74 29 73 72 77 402 147 78 33 388
286:0 71 68 223 395 29 73 183 72 170 402 327 78 33
287:0 133 68 343 227 185 175 10 303 281
288:0 68 227 203 116 264 154 179 10 163 253
289:0 133 68 343 227 185 175 374 359 386 10 303 207 281
290:0 91 206 154 106 141 232 170 189 28 10
291:0 97 226 450 104 210 154 106 141 170 28 10 103 163 14 404
292:0 109 154 288 106 377 141 170 28 10 247 425 180
293:0 310 336 304 1 156 46 103 214 23 48 253
294:0 310 44 336 304 1 156 46 103 214 23 48 253
295:0 310 44 242 424 336 63 304 423 1 156 46 103 214 23 48 422 253
296:0 292 187 370 203 252 116 395 282 179 28 69 265 33 233 358 18
297:0 292 187 362 370 203 252 116 395 282 179 28 69 265 33 233 358 18
298:0 145 204 21 150 39 55
299:0 335 435 414 106 199 408 156 157 88 201 444 33 86 192
300:0 274 213 445 204 383 343 38 3 185 252 193 45 215 47 33 39 358
301:0 213 3 252 47
302:0 310 109 197 185 252 193 154 282 43 212 101 408 386 10 247 421 425 428
303:0 310 226 44 242 185 313 334 442 255 254 389 256 230 11
304:0 38 106 29 334 442 231 368 232 319 189 182 46 33 36
305:0 38 106 29 334 442 231 368 232 319 189 182 46 33 36
306:0 38 106 29 334 442 231 368 232 319 189 182 46 33 36
307:0 117 347 93 197 364 395 136 237 96 170 379 244 105 179
308:0 117 347 93 197 364 7 395 136 237 8 96 170 379 244 105 179 9
309:0 44 268 435 336 43 316 98 46 209 33 87 422 86
310:0 44 268 435 424 336 43 316 98 46 209 33 87 422 86
311:0 97 226 268 383 227 313 45 270 387 417 98 209 129 87 86
312:0 97 226 268 204 383 227 313 45 270 417 98 209 129 87 86 376
313:0 405 109 104 38 148 270 236 182 98 324 33 294 428
314:0 405 204 343 227 260 270 236 98 230 33 273 428
315:0 71 312 202 320 74 275 73 345 72 80 40 78 230 235 92 390
316:0 133 227 380 441 139 1 124 188 255 254 256 92 378 281
317:0 133 34 227 380 441 139 1 124 188 255 254 256 92 378 281
318:0 97 453 372 44 242 116 423 43 99 184 103 207 36
319:0 97 453 372 44 242 364 116 423 43 400 99 184 103 130 163 207 269
320:0 133 310 340 362 291 45 56 54 156 205 150 55 352 323 250
321:0 133 310 340 362 291 45 56 54 156 205 150 55 352 323 250
322:0 133 38 414 89 52 53 116 45 436 222 33 36
323:0 133 414 89 52 284 90 116 45 436 222 157 33 36
324:0 133 34 174 52 83 175 53 257 334 436 182 229 123 108 110
325:0 340 109 277 316 371 408 60 244 94 149 156 173 150 428
326:0 340 109 277 316 371 408 60 244 94 149 156 173 150 428
327:0 383 146 38 185 175 95 60 244 389 33 298 37 253
328:0 44 242 91 414 89 185 364 90 63 328 28 201
329:0 225 185 63 328 28 201 103 49 48
330:0 337 225 185 63 328 28 201 103 49 48
331:0 71 178 194 185 74 275 73 43 302 371 42 40 28 201 191 389
332:0 71 178 194 185 74 275 73 43 302 371 42 40 279 28 201 191 389
333:0 310 406 31 45 119 54 363 64 195 287 219 47 36
334:0 310 349 406 225 31 45 54 363 64 195 365 287 219 47 143 36
335:0 370 306 197 373 206 210 43 228 98 10 163 14 269 404
336:0 44 242 137 114 122 400 305 398 342 103 207 35 378
337:0 93 322 373 153 248 106 377 95 94 149 397 88 33
338:0 93 322 373 153 83 106 377 149 397 157 88 76 33
339:0 133 401 89 90 248 222 426 300 189 156 173 55 352 346
340:0 133 401 89 90 248 222 426 300 189 156 173 321 55 352 346 428
341:0 145 61 152 242 12 106 282 43 400 182 14 269 11
342:0 145 61 152 242 12 106 282 43 400 182 129 14 269 11
343:0 246 93 322 414 153 106 377 189 379 60 229 317 201 120
344:0 246 93 322 414 153 106 377 63 189 379 60 229 317 201 120 100
345:0 51 133 246 310 109 132 412 380 275 255 254 256 378
346:0 51 133 246 310 109 132 412 380 275 255 254 256 378
347:0 246 306 210 106 232 300 182 350 10 163 55 404
348:0 246 306 210 106 232 300 182 350 10 163 55 404
349:0 175 150 33
350:0 392 401 213 445 56 240 105 287 219 239 55 352 346 35
351:0 52 258 181 240 241 33 55 311
352:0 246 310 20 185 364 154 122 60 10 103 421 425 163 164 389 39 168
353:0 174 373 185 288 282 101 103 247 425 289 180 389 271 261
354:0 174 373 185 288 282 101 103 247 425 289 180 389 271 261
355:0 310 109 174 50 193 248 43 212 101 371 228 425 261
356:0 310 20 109 174 50 7 193 248 356 8 43 212 101 371 228 325 425 9 261
357:0 403 34 74 16 437 43 345 363 75 76 23 230 235 18
358:0 310 93 38 326 45 215 361 149 219 36 253 35 281
359:0 44 197 104 364 248 43 382 400 195 427 228 98 13 10 163 389 14 269
360:0 204 68 194 227 243 219 150
361:0 44 59 242 104 258 29 423 420 196 43 181 182
362:0 44 59 242 104 258 29 58 423 196 43 181 182 329
363:0 62 59 34 111 227 45 258 301 181 156 329 173 55
364:0 62 59 34 227 45 258 301 181 156 329 173 207 55
365:0 62 59 34 242 227 45 258 301 423 181 156 329 173 207 55
366:0 128 334 55 250
367:0 401 226 44 362 242 291 56 423 184 103 352 250
368:0 97 133 392 401 226 445 93 291 56 94 352 250
369:0 246 291 38 106 457 56 300 156 317 33 36 55 281
370:0 97 392 213 445 204 175 381 219 186 33 36 55 352
371:0 44 242 38 337 225 52 116 29 43 99 184 428
372:0 44 242 38 337 225 52 116 29 43 182 99 184 428
373:0 44 242 38 337 225 52 424 19 116 29 43 182 99 184 422 428
374:0 36
375:0 97 418 93 63 334 393 232 309 94 228 184 36 428
376:0 97 418 93 359 63 334 393 232 309 94 228 184 36 428
377:0 246 451 174 153 359 63 334 199 88 23 444 276 192
378:0 133 246 451 174 153 359 63 58 196 199 23 276 192
379:0 133 246 451 174 153 430 359 63 334 442 199 232 23 276 192
380:0 204 406 225 361 270 296 94 375 149 105 287 219 346 273 428
381:0 349 406 225 377 270 295 262 182 94 375 149 105 287 219 428
382:0 246 392 401 34 347 38 56 58 330 156 184 329 352 323
383:0 246 339 414 89 284 126 90 359 436 341 156 184 163 76
384:0 403 246 242 337 349 406 245 19 63 304 200 156 184 239
385:0 93 322 353 38 248 356 361 270 387 94 287 156 129 273 428
386:0 97 133 322 68 104 245 63 334 282 43 243 101 94 354 375 228 105 289 191 276 129 269 100 35 192 428
386:1 97 133 322 68 104 245 63 334 282 43 243 101 94 354 375 228 105 289 191 276 129 269 100 35 192 428
386:2 97 133 322 68 104 245 63 334 282 43 243 101 94 354 375 228 105 289 191 276 129 269 100 35 192 428
386:3 97 133 322 68 104 245 63 334 282 43 243 101 94 354 375 228 105 289 191 276 129 269 100 35 192 428
387:0 71 44 242 174 202 437 73 72 75 235 33 110
388:0 71 44 242 174 202 437 73 72 75 235 33 110
389:0 71 44 242 174 89 202 437 73 72 75 235 33 110 452
390:0 52 263 83 172 53 154 43 417 10 303 269 259
391:0 370 52 364 83 172 394 154 43 183 10 303 269 259
392:0 347 370 52 364 83 172 394 154 43 183 386 10 269
393:0 117 362 145 61 65 31 45 56 54 64 1 346 250
394:0 117 362 145 61 65 31 45 56 232 54 64 33 346 250
395:0 453 362 145 61 65 31 45 56 232 54 64 207 14 33 250
396:0 332 97 413 104 283 45 98 33 36 18 17
397:0 332 97 413 104 283 45 98 33 36 18 17
398:0 332 97 413 370 104 283 45 98 33 36 18 17
399:0 133 174 111 45 29 158 205 162 276 33 36 281
400:0 133 174 111 45 29 158 205 162 276 33 36 55 281
401:0 117 450 45
402:0 117 405 116 210 45 141 400 195 103 47 163 269 404
403:0 44 268 242 435 43 46 184 209 207 33 422
404:0 44 268 242 435 43 46 184 209 207 33 422
405:0 44 268 242 435 43 46 184 209 207 33 422
406:0 71 74 72 78 346 388
407:0 345 72 40 230 311
408:0 246 372 116 457 29 43 228 184 103 36 428
409:0 246 372 283 116 457 29 43 228 184 103 36 428
410:0 246 203 334 442 368 319 182 207 33 36 269
411:0 246 335 203 334 442 368 319 182 207 33 36 269
412:0 450 237 182 33
413:0 213 450 445 93 175 74 237 437 182 60 94 75 33
413:1 213 450 445 93 90 175 106 237 182 60 94 350 33
413:2 213 450 445 93 175 237 442 319 429 182 60 94 33
414:0 403 450 405 293 93 16 237 77 182 60 94 318 33
415:0 450 16 230
416:0 454 445 109 455 194 210 154 16 456 40 408 228 163 207 230 92
417:0 117 204 435 203 45 387 98 209 162 186 129
418:0 97 453 45 228 98 13 49 129 55 346 250
419:0 97 453 242 45 423 228 98 13 49 129 55 346 250
420:0 74 270 73 381 345 76 241 33 36 388
421:0 74 270 73 381 345 80 76 241 33 36 388
422:0 34 106 237 426 300 189 330 240 105 352
423:0 34 106 237 426 300 189 330 240 105 352
424:0 97 310 226 458 374 154 387 417 28 10 103 129 39 321
425:0 310 226 132 153 116 16 107 466 371 247 255 254 256
426:0 310 226 132 153 116 16 107 466 371 247 255 254 256
427:0 97 226 340 204 111 146 203 193 218 361 26 1 98 150
428:0 97 226 340 204 111 146 203 193 361 26 277 243 1 98 216 150
429:0 310 45 381 345 149 180
430:0 310 399 114 417 400 228 207 17
431:0 274 213 445 204 185 252 154 45 95 10 163 389
432:0 274 213 34 445 204 185 252 154 45 95 10 163 207
433:0 310 93 45 387 253 35
434:0 153 364 116 154 262 400 139 10 103 163 108 92
435:0 153 364 53 116 154 262 400 139 10 103 163 108 92
436:0 109 93 326 185 248 360 377 95 286 334 371 219 33
437:0 335 109 93 326 185 248 360 377 95 286 334 371 240 219 241 33
438:0 335 383 38 185 313 175 67 102 157 88 317 21 389
439:0 112 226 93 383 3 227 113 96 102 60 94 278 115 272 219 164 321 271
440:0 204 383 1 287 186
441:0 448 297 31 45 304 102 119 64 355 47 269 253
442:0 109 174 399 138 185 95 262 417 466 228 425 180 389
443:0 91 337 82 407 328 28 201 163 33 36
444:0 91 337 82 407 328 28 201 163 33 36
445:0 242 91 337 82 407 424 328 28 201 163 33 36
446:0 133 34 111 374 387 122 118 363 316 278 205 103 254 256 33
447:0 383 68 203 364 395 193 98 179 103
448:0 396 198 370 68 399 197 406 245 364 395 193 382 232 319 98 14
449:0 44 242 91 38 89 90 328 28 33 36 281
450:0 44 242 91 38 89 424 90 423 328 28 33 36 422 281
451:0 367 44 450 440 242 282 43 42 305 40 184 390
452:0 367 44 450 440 242 424 423 282 43 42 305 40 184 422 390
453:0 310 185 260 426 189 417 398 40 228 279 188 389 207 269
454:0 310 185 260 426 189 417 398 40 228 279 188 389 207 269
455:0 20 44 242 185 74 275 438 255 254 256 230 22 378
456:0 392 213 340 445 16 1 240 219 318 369 55 352 250
457:0 392 213 340 445 16 1 240 219 318 369 55 352 250
458:0 97 392 340 145 61 109 29 56 48 33 36 352 17
459:0 59 320 420 196 275 43 54 181 75 329 207 452
460:0 59 320 8 420 196 275 43 54 181 75 329 207 452
461:0 372 399 373 185 374 154 196 43 232 417 400 98 279 10 103 269
462:0 112 435 360 199 443 393 319 243 429 103 49 209 48 33 86 84 192
463:0 111 50 360 282 122 382 438 287 205 103 21 23 48 35 378
464:0 89 31 359 30 32 224 398 350 439 184 23 444 39 36
465:0 71 246 20 335 132 74 275 282 72 363 77 438 21 79 78 321 22 378
466:0 435 7 416 43 113 67 98 103 351 129 87 85 9 84
467:0 109 52 185 126 7 83 53 63 436 43 123 108 241 9
468:0 403 396 245 143
469:0 403 246 450 405 197 104 364 193 400 228 98 103 163 49 48 33 369 253
470:0 202 320 270 387 348 345 98 75 28 241 14 235 33 39
471:0 112 44 59 258 270 423 420 196 387 243 98 28 33 39
472:0 185 424 210 12 106 423 282 400 398 98 28 103 14 422 369 404
473:0 246 59 458 89 203 258 423 54 426 300 189 316 64 181 184 36
474:0 97 160 176 435 373 63 199 277 393 417 60 105 324 33 161 433 192
475:0 370 93 104 206 364 210 270 348 43 400 182 427 163 14 100
476:0 335 435 414 356 334 199 443 393 408 156 157 201 444 33 86 192
477:0 310 20 109 174 50 7 193 248 356 8 43 212 101 371 228 325 425 9 261
478:0 310 59 445 109 194 104 258 420 196 43 466 181 358
479:0 310 268 109 435 104 466 351 164 86 84 271 253
479:1 310 268 109 435 104 466 351 164 86 84 271 253
479:2 310 268 109 435 104 466 351 164 86 84 271 253
479:3 310 268 109 435 104 466 351 164 86 84 271 253
479:4 310 268 109 435 104 466 351 164 86 84 271 253
479:5 310 268 109 435 104 466 351 164 86 84 271 253
480:0 133 93 203 326 175 248 286 262 363 156 129 281
481:0 204 93 383 326 248 361 286 381 363 182 156 129
482:0 93 197 153 326 248 286 387 417 363 156 129 253
483:0 246 396 337 225 414 430 377 368 232 408 459 184 163
484:0 246 401 396 337 225 414 377 56 408 184 163 460 352
485:0 246 242 414 424 83 257 442 436 43 463 319 184 444
486:0 109 462 146 7 193 416 8 282 5 279 23 276 9 428
487:0 246 396 194 337 225 414 377 466 184 421 467 425 163
487:1 246 396 194 337 225 414 377 466 184 421 467 425 163
488:0 62 93 104 248 461 54 236 94 427 375 219 163
489:0 151 392 145 61 204 291 240 48 352 346 250
490:0 151 392 145 61 204 291 391 240 48 294 352 346 250
491:0 399 464 50 104 138 373 185 114 95 417 101 171 466 228 98
492:0 403 312 111 412 320 74 361 437 73 381 345 363 98 465 186 230 235 388
492:1 403 312 111 412 320 74 361 437 73 381 345 363 98 465 186 230 235 388
493:0 322 414 245 248 356 63 304 449 363 195 386 105 287 69
