2:0 402
3:0 402
11:0 33 81 173 450
12:0 33 81 106 334 450
14:0 40 81 450
15:0 40 81 106 334 450
25:0 186 204 253 417
26:0 21 45 97 186 204 253 364 417 435
31:0 44 45 154 242 260 270 305 390
34:0 30 31 32 43 260 270 390
35:0 186 204 253 345 383
36:0 1 45 111 186 204 227 236 253 266 309 322 345 356 358 361 381 383
38:0 39 83 286 288 326
39:0 186 204 253 383
40:0 1 34 38 102 186 204 205 253 304 358 383
45:0 51 71 79 230 236 381
53:0 6
57:0 343
59:0 36 43 52 97 172 179 242 257 270 394
62:0 34 55 56 145 187 341 346 358 426
65:0 272
71:0 21 35 51 74 77 78 282 378 380
78:0 33
85:0 458
87:0 346
91:0 33 43 128 333 334 420
103:0 73 77 78 79 253 388
106:0 33 252 253 270
107:0 33 193 252 253 270
110:0 205
113:0 186 204 253 383 387
121:0 33 56 61 106 107 293 322 408
122:0 204 253 321 361
124:0 47 93 186 253 381 383
125:0 253
126:0 253
130:0 33 150 175
134:0 36 45 226 376
135:0 36 44 45 226 376
136:0 36 45 226 376
139:0 205
143:0 103 118 253 254 256 316 387 428
166:0 205
176:0 253
182:0 51 71 77 79 80 236 381
183:0 21 47 145 150 204 227 253 313 321
184:0 21 47 145 150 204 227 253 313 321
185:0 253 313
186:0 8 34 55 56 145 187 341 346 358 426
192:0 235 283 402
196:0 36 44 45 226 376
197:0 36 44 45 226 376
199:0 133 303
202:0 150 204 227
208:0 328
212:0 17 403 410
217:0 204
221:0 33 420
224:0 199
226:0 324
232:0 33 36 38 204 316 387
233:0 159
237:0 33 193 252 253 270
242:0 186 204 253 383 387
248:0 334
253:0 72
254:0 72 210
256:0 83
257:0 83 119
259:0 56 300
260:0 56 300
262:0 242
264:0 42 175
266:0 33 40 81 173 450
267:0 33 40 81 106 334 450
268:0 33 40 81 173 450
269:0 33 40 81 106 334 450
271:0 54 72
272:0 54 56 61 71 154 252 253 346 428
274:0 117 235
275:0 1 13 74 106 117 235 252 267 326
279:0 97 98 228 403
282:0 204 381
284:0 54 61 97 114 226
286:0 74 77 147 388
288:0 133 173 175 185 281 303 343
289:0 116 154 163 179 253
291:0 189 232
292:0 189 232
301:0 33 38 39 45 185 193 204 215 274 343 358 383
315:0 253 326 346 388
319:0 36
323:0 38
329:0 44 90 242 364 414
330:0 44 90 242 364 414
334:0 119
350:0 33 150 175
358:0 105 129 387
362:0 420
364:0 111
365:0 111
367:0 55 128 334
368:0 55 128 334
373:0 334
391:0 253 417
392:0 253 303 417
394:0 1
395:0 1 117 346
402:0 450
407:0 71 73 74 78 80 235 275 312 320 326 346 388 390
416:0 450
429:0 60 109 195 212 220 288 408
430:0 64 101 185 196 212 372 389
432:0 389
448:0 103 179 383
461:0 97 163 251 282 420
462:0 161
466:0 253
467:0 253
468:0 38 45 118 186 204 226 227 246 253 266 273 281 345 387
469:0 17 95
470:0 36 44 45 226 376
471:0 36 45 226 376
472:0 40 163
473:0 31 33 133 196 420
474:0 111 159
475:0 45 95 196 204 248 286 345 381
476:0 88 106
478:0 29 44 242 423
