



187 306
187 306
187 306


















115 142 403 446 465
142 403 446 465




























































































































193 411 419




















115 116 275 446






































































22 121 453 466
76 121 137 187
9 13 121 353





263








































7 27 95 152 341 365 410 464




























































































98
86 244



























































346
22





































118
200 204



180
321 378

321 349 378
214
274
35
189
9
86 244
86 244
86 244




