1:0 213 331 445 15 104 203 412 263 148 218 202 447 237 363 182 156 216 249 290 214 188 76 70 164 241 207 14 92
2:0 213 331 445 15 104 203 412 263 148 218 202 447 237 363 182 156 216 249 290 214 188 76 70 164 241 207 14 92
3:0 213 331 445 15 104 89 203 412 263 148 218 202 416 447 237 63 363 182 156 216 46 431 249 290 214 188 76 70 164 241 207 14 92
4:0 332 213 280 445 15 91 104 337 203 263 126 53 374 264 218 237 231 363 315 182 156 216 157 249 317 290 421 214 70 164 241 207 14 92 261
5:0 332 213 280 445 15 91 104 337 203 263 126 53 374 264 218 237 231 363 315 182 156 216 157 249 317 290 421 214 70 164 241 207 14 92 261
6:0 332 213 280 445 15 432 91 104 337 406 89 203 263 126 53 374 19 411 264 218 416 237 63 231 363 315 182 156 216 46 157 249 317 355 290 421 214 76 211 70 164 241 207 14 92 261
7:0 213 59 280 362 445 91 104 203 263 374 264 218 360 258 237 58 231 363 182 240 156 216 249 317 290 214 70 164 57 207 92 352 127 250
8:0 213 59 280 362 445 91 104 203 263 374 264 218 360 258 237 58 231 363 182 240 156 216 249 317 290 214 70 164 57 207 92 352 127 250
9:0 213 419 59 280 362 445 91 104 89 203 263 430 374 411 264 218 416 360 258 237 63 58 231 363 182 240 156 216 46 431 157 249 317 290 214 70 164 57 207 92 352 127 250
12:0 332 213 445 432 104 138 203 412 263 148 218 202 416 237 63 363 182 244 94 240 156 216 355 219 290 247 318 285 214 76 164 241 207 168 92 369
15:0 332 213 280 445 15 432 104 203 263 206 148 218 202 416 237 63 363 371 398 182 156 216 249 355 290 318 214 188 76 164 241 207 14 168 92 369 404
16:0 332 213 445 432 104 203 263 19 218 237 363 365 182 240 156 216 355 290 214 211 164 241 207 168 92 369
17:0 332 213 445 432 104 203 263 19 218 237 363 365 182 240 156 216 355 290 214 211 164 241 207 168 92 369
18:0 332 213 445 432 104 203 263 19 218 416 237 63 363 365 182 240 156 216 355 290 214 211 164 241 207 168 92 369
19:0 213 59 445 451 15 91 104 203 263 218 447 237 58 231 363 365 182 240 156 216 249 290 247 351 214 164 241 207 269 168 87 86 85 92 369
20:0 213 59 445 451 15 91 104 203 263 218 416 447 237 63 58 231 363 365 182 240 156 216 46 249 290 247 351 214 70 164 241 207 14 269 168 87 86 85 92 369
21:0 332 213 445 432 104 203 263 19 218 237 363 365 182 240 156 216 355 290 214 211 164 241 207 168 92 369
22:0 332 213 445 432 104 203 263 19 218 416 237 63 363 365 182 240 156 216 355 290 214 211 164 241 207 168 92 369
23:0 213 445 399 91 104 89 203 263 218 202 237 231 363 371 398 182 240 156 216 157 317 290 214 188 289 70 164 241 207 168 259 92
24:0 213 445 399 91 104 89 203 263 218 202 416 237 63 231 363 371 398 182 240 156 216 157 317 290 214 188 289 70 164 241 207 168 259 92
25:0 213 280 445 451 91 104 203 263 148 374 264 218 447 237 231 113 363 182 240 156 216 249 290 351 214 70 164 207 87 86 85 92
26:0 213 280 445 451 91 104 203 263 148 374 411 264 218 416 447 237 63 231 113 363 182 240 156 216 249 290 351 214 70 164 207 168 87 86 85 92
27:0 332 213 280 445 15 91 104 89 203 263 374 264 218 360 237 231 363 398 182 156 216 431 157 249 317 201 290 421 214 446 70 164 241 207 14 168 92 404
28:0 332 213 280 445 15 91 104 89 203 263 374 411 264 218 416 360 237 63 231 363 398 182 156 216 431 157 249 317 201 290 421 214 446 444 70 164 241 207 14 168 92 404
29:0 332 213 59 445 15 91 104 203 263 218 237 58 231 363 398 182 240 156 216 249 290 421 351 214 188 70 164 241 207 168 87 85 92 352
30:0 332 213 59 445 15 91 104 203 263 218 237 58 231 363 398 182 240 156 216 249 290 421 351 214 188 70 164 241 207 168 87 85 92 352
31:0 332 213 419 59 280 445 15 91 104 406 89 203 263 126 53 374 411 264 218 416 237 63 58 231 363 398 182 240 156 216 46 431 157 249 317 201 290 247 421 351 214 188 446 444 70 164 241 57 207 269 168 87 85 259 92 352 250
32:0 213 59 445 15 91 104 203 263 218 237 58 231 363 398 182 240 156 216 249 290 421 351 214 188 70 164 241 207 168 87 85 92 352
33:0 213 59 445 15 91 104 203 263 218 237 58 231 363 398 182 240 156 216 249 290 421 351 214 188 70 164 241 207 168 87 85 92 352
34:0 213 419 59 280 445 15 91 104 406 89 203 263 126 53 374 411 264 218 416 237 63 58 231 363 398 182 240 156 216 46 431 157 249 317 201 290 247 421 351 214 188 446 444 70 164 241 57 207 269 168 87 85 259 92 352 250
35:0 213 59 280 347 445 451 91 104 409 138 203 263 126 53 148 374 264 218 447 237 58 231 113 363 182 244 94 240 278 115 156 216 249 219 290 247 351 214 289 76 446 70 164 241 207 87 86 85 92 352
36:0 213 59 280 347 445 451 91 104 409 138 203 263 126 53 148 374 411 264 218 416 447 237 63 58 231 113 363 182 244 94 240 278 115 156 216 249 219 290 247 351 214 289 76 446 70 164 241 207 87 86 85 92 352
37:0 213 445 399 91 104 203 263 126 53 218 237 231 363 315 371 182 244 156 216 46 219 290 214 164 241 207 92 261
38:0 213 347 445 399 91 104 138 203 263 126 53 218 416 237 63 231 363 315 371 182 244 156 216 46 219 290 214 76 164 241 207 92 261
39:0 213 59 280 445 451 91 104 409 138 203 263 126 53 148 374 264 218 447 360 237 58 113 363 182 244 94 240 278 115 156 216 219 290 247 351 214 289 76 446 70 164 241 207 87 86 85 92 352
40:0 213 59 280 445 451 91 104 409 138 203 263 126 53 148 374 411 264 218 416 447 360 237 63 58 113 363 182 244 94 240 278 115 156 216 219 290 247 351 214 289 76 446 70 164 241 207 87 86 85 92 352
41:0 332 213 445 432 104 203 263 19 218 202 237 363 371 365 182 240 156 216 355 290 247 214 188 289 211 164 241 207 269 168 259 92 369
42:0 332 213 445 432 104 203 263 19 218 202 416 237 63 363 371 365 182 240 156 216 355 290 247 214 188 289 211 164 241 207 269 168 259 92 369
43:0 213 331 445 15 104 203 412 263 148 218 202 447 237 363 182 156 216 290 214 188 76 164 241 207 14 92
44:0 213 331 445 15 104 409 203 412 263 148 374 218 202 447 237 363 182 156 216 290 214 188 76 164 241 207 14 92
45:0 213 331 445 15 104 409 203 412 263 148 374 218 202 416 447 237 63 363 182 156 216 290 214 188 76 164 241 207 14 92
46:0 332 213 280 331 445 15 91 104 203 412 263 206 148 218 202 447 237 363 182 156 216 249 290 214 188 76 164 241 207 14 168 92 404
47:0 332 213 280 331 445 15 91 104 203 412 263 206 148 218 202 416 447 237 63 363 182 156 216 249 290 214 188 76 164 241 207 14 168 92 404
48:0 213 445 104 203 263 148 218 202 237 363 182 94 156 216 290 285 214 188 76 164 241 207 168 92
49:0 332 213 445 432 104 203 412 263 148 218 202 416 237 63 363 182 94 156 216 355 290 318 285 214 188 76 164 241 207 168 92 369
50:0 332 213 445 15 91 104 89 203 263 218 237 363 182 156 216 157 249 317 201 290 421 214 188 446 164 241 207 168 92
51:0 332 213 445 15 91 104 89 203 263 218 416 237 63 363 182 156 216 157 249 317 201 290 421 214 188 446 444 164 241 207 168 92
52:0 332 213 445 15 399 91 104 138 203 263 148 218 237 231 363 371 182 244 240 156 216 290 247 421 351 214 289 164 241 207 269 168 87 85 259 92 369 352
53:0 332 213 445 15 399 91 104 138 373 203 263 148 218 416 237 63 231 363 371 182 244 240 156 216 46 290 247 421 351 214 289 164 241 207 269 168 87 85 259 92 369 352
54:0 332 213 59 280 362 347 445 91 104 203 263 148 374 264 218 258 237 58 231 363 182 244 94 240 156 216 249 290 421 214 70 164 57 207 92 352 127 250
55:0 332 213 59 280 362 347 445 91 104 203 263 148 374 411 264 218 416 258 237 63 58 231 363 182 244 94 240 156 216 431 249 290 421 214 70 164 57 207 92 352 127 250
56:0 332 213 280 339 445 91 104 89 203 263 374 411 264 218 237 231 363 315 371 398 182 240 156 216 431 157 249 317 290 214 70 164 241 207 269 168 87 85 92 369
57:0 332 213 280 339 445 91 104 89 203 263 374 411 264 218 416 237 63 231 363 315 371 398 182 240 156 216 431 157 249 317 290 214 444 70 164 241 207 269 168 87 85 92 369
58:0 332 213 445 91 104 203 263 126 53 218 237 231 363 315 182 156 216 46 249 290 214 70 164 241 207 168 92 261
59:0 332 213 445 91 104 406 203 263 126 53 218 416 237 63 231 363 315 182 156 216 46 431 249 290 214 76 70 164 241 207 168 92 261
60:0 213 59 445 91 104 203 263 218 258 237 58 363 182 94 240 156 216 290 214 164 57 207 168 92 352 127 250
61:0 213 59 280 445 91 104 89 203 263 374 264 218 258 237 58 363 182 94 240 156 216 249 290 214 70 164 57 207 168 92 352 127 250
62:0 213 59 280 339 445 91 104 89 203 263 374 411 264 218 416 258 237 63 58 363 371 398 182 94 240 156 216 431 157 249 317 290 214 70 164 57 207 168 92 352 127 250
63:0 213 347 445 451 104 409 138 373 203 412 263 148 374 264 218 447 237 231 113 363 182 244 94 240 278 115 156 216 219 290 247 351 285 214 289 164 241 207 269 168 86 259 92 433
64:0 213 347 445 451 104 409 138 373 203 412 263 148 374 264 218 447 237 231 113 363 182 244 94 240 278 115 156 216 219 290 247 351 285 214 289 164 241 207 269 168 86 259 92 433
65:0 213 347 445 451 104 409 138 373 203 412 263 148 374 411 264 218 416 447 237 63 231 113 363 182 244 94 240 278 115 156 216 219 290 247 351 285 214 289 164 241 207 269 168 86 259 92 433
66:0 213 280 339 445 91 104 89 203 263 126 53 374 411 264 218 237 363 371 398 182 240 156 216 431 157 249 317 290 214 70 164 241 207 168 92
67:0 213 280 339 445 91 104 89 203 263 126 53 374 411 264 218 237 363 371 398 182 240 156 216 431 157 249 317 290 214 70 164 241 207 168 92
68:0 213 280 339 445 91 104 89 203 263 126 53 374 411 264 218 416 237 63 363 371 398 182 240 156 216 431 157 249 317 290 214 444 70 164 241 207 168 92
69:0 213 331 445 15 104 203 412 263 148 218 202 447 237 363 182 156 216 290 214 188 76 164 241 207 14 168 92
70:0 213 331 445 15 104 203 412 263 148 218 202 447 237 363 182 156 216 290 214 188 76 164 241 207 14 168 92
71:0 213 331 445 15 104 203 412 263 148 218 202 416 447 237 63 363 182 156 216 290 214 188 76 164 241 207 14 168 92
72:0 213 59 362 445 15 104 203 263 218 202 258 237 58 363 371 398 182 240 156 216 290 214 188 164 57 207 14 168 92 352 127 250
73:0 213 59 362 445 15 104 203 263 218 202 416 258 237 63 58 363 371 398 182 240 156 216 290 214 188 164 57 207 14 168 92 352 127 250
74:0 213 280 445 91 104 89 203 153 263 126 53 374 264 218 360 237 363 182 156 216 431 397 157 249 317 201 290 214 446 444 70 164 241 207 92
75:0 213 280 445 91 104 89 203 153 263 126 53 374 264 218 360 237 363 182 156 216 431 397 157 249 317 201 290 214 446 444 70 164 241 207 92
76:0 213 280 445 91 104 89 203 153 263 126 53 374 411 264 218 416 360 237 63 363 182 156 216 46 431 397 157 249 317 201 290 214 446 444 70 164 241 207 92
77:0 213 445 104 203 263 126 53 218 237 231 363 315 182 156 216 290 214 76 70 164 241 207 92 261
78:0 213 445 104 203 263 126 53 218 416 237 63 231 363 315 398 182 156 216 290 214 76 70 164 241 207 92 261
79:0 213 59 362 347 445 91 104 138 89 203 263 126 53 148 218 447 258 237 58 231 113 363 182 244 94 240 278 156 216 219 290 247 285 214 70 164 241 57 207 86 92 433 352 250
80:0 213 419 59 280 362 347 445 91 104 409 138 89 203 263 126 53 148 374 411 264 218 416 447 258 237 63 58 231 113 363 182 244 94 240 278 156 216 249 219 290 247 285 214 70 164 241 57 207 86 92 433 352 250
81:0 451 104 203 153 263 148 430 218 360 237 113 363 182 244 240 278 115 156 216 290 351 214 164 241 207 87 86 85 92
82:0 451 104 203 153 263 148 430 218 416 360 237 63 113 363 182 244 240 278 115 156 216 290 351 214 164 241 207 87 86 85 92
83:0 332 213 445 15 432 104 203 263 206 19 218 237 231 363 365 398 182 244 156 216 355 290 214 211 164 241 207 14 168 92 369
84:0 332 213 445 104 203 263 19 218 237 363 365 182 156 216 355 290 214 211 164 241 207 168 92
85:0 332 213 445 104 203 263 19 218 416 237 63 363 371 365 182 156 216 355 290 214 211 164 241 207 269 168 259 92
86:0 213 59 362 445 104 203 263 374 218 258 237 58 363 182 240 156 216 219 290 214 164 57 207 168 92 352 127 250
87:0 213 419 59 362 445 104 203 263 374 218 416 258 237 63 58 363 182 240 156 216 219 290 214 164 57 207 168 92 352 127 250
88:0 213 445 91 104 203 153 263 126 53 374 218 202 237 363 371 398 182 240 156 216 157 317 290 247 351 214 188 70 164 241 207 269 168 87 85 259 92
89:0 213 280 445 399 91 104 203 153 263 126 53 374 411 264 218 202 416 237 63 363 371 398 182 240 156 216 157 249 317 290 247 351 214 188 70 164 241 207 269 168 87 85 259 92
90:0 213 59 362 445 104 203 153 263 218 258 237 58 363 371 182 240 156 216 290 214 164 57 207 92 352 250
91:0 213 419 59 362 445 104 203 153 263 218 416 258 237 63 58 363 371 398 182 240 156 216 290 214 164 57 207 259 92 352 250
92:0 213 445 399 104 138 373 203 412 153 263 218 202 237 363 371 182 244 94 240 156 216 290 247 285 214 188 289 164 241 207 269 168 85 259 92 433 261
93:0 213 445 399 104 138 373 203 412 153 263 374 218 202 237 363 371 398 182 244 94 240 156 216 290 247 421 285 214 188 289 164 241 207 269 168 85 259 92 433 261
94:0 213 280 445 399 104 409 138 373 203 412 153 263 374 411 264 218 202 416 237 63 363 371 398 182 244 94 240 156 216 249 290 247 421 285 214 188 289 70 164 241 207 269 168 87 85 259 92 433 261
95:0 213 445 91 104 406 89 203 153 263 430 218 360 237 231 363 371 182 244 156 216 46 431 397 157 249 317 201 290 214 446 444 70 164 241 207 269 259 92
96:0 213 280 347 445 104 409 138 203 263 148 374 264 218 447 237 113 363 182 244 94 240 278 115 156 216 219 290 247 285 214 289 164 241 207 269 168 86 259 92 433
97:0 213 280 347 445 104 409 138 203 263 148 374 411 264 218 416 447 237 63 113 363 182 244 94 240 278 115 156 216 219 290 247 285 214 289 164 241 207 269 168 86 259 92 433
98:0 213 59 280 362 445 15 91 104 203 263 206 374 218 258 237 58 363 182 240 156 216 157 249 317 290 214 70 164 57 207 14 168 92 352 250 404
99:0 213 59 280 362 445 15 91 104 203 263 206 374 218 416 258 237 63 58 363 182 240 156 216 157 249 317 290 214 70 164 57 207 14 168 92 352 250 404
100:0 451 104 203 153 263 148 218 360 237 113 363 182 240 156 216 290 351 214 164 207 269 168 87 86 85 259 92
101:0 451 104 203 153 263 148 218 416 360 237 63 113 363 182 240 156 216 290 351 214 164 207 269 168 87 86 85 259 92
102:0 213 331 445 104 138 203 412 153 263 148 218 202 447 237 113 363 182 244 94 115 156 216 290 285 214 188 76 70 164 241 207 14 168 92 433
103:0 213 331 445 104 138 203 412 153 263 148 218 202 416 447 237 63 113 363 182 244 94 115 156 216 290 285 214 188 76 70 164 241 207 14 168 92 433
104:0 332 213 59 280 445 91 104 89 203 263 206 126 53 374 264 218 237 58 231 363 182 156 216 431 157 249 317 201 290 214 446 70 164 241 207 14 168 92
105:0 332 213 59 280 445 91 104 89 203 263 206 126 53 374 411 264 218 416 237 63 58 231 363 182 156 216 431 157 249 317 201 290 214 446 444 70 164 241 207 14 168 92
106:0 213 280 339 445 104 89 203 263 374 411 264 218 237 363 398 182 240 156 216 431 157 249 317 290 214 444 70 164 241 207 168 92
107:0 213 280 339 445 104 409 89 203 263 374 411 264 218 237 363 182 240 156 216 431 157 249 317 290 214 444 70 164 241 207 168 92
108:0 213 59 280 445 15 91 104 138 89 203 263 126 53 374 264 218 416 237 63 58 231 363 182 244 240 156 216 431 157 249 317 201 290 247 351 214 76 70 164 241 57 207 14 168 87 85 92 352 250
109:0 213 445 399 104 203 153 263 126 53 148 218 360 237 363 371 182 240 156 216 290 247 351 214 188 164 241 207 269 168 87 85 259 92 261
110:0 213 445 399 104 203 153 263 126 53 148 218 416 360 237 63 363 371 182 240 156 216 290 247 351 214 188 164 241 207 269 168 87 85 259 92 261
111:0 213 59 445 91 104 406 89 203 263 126 53 218 237 58 231 363 371 398 182 240 156 216 46 431 397 157 249 317 201 290 351 214 446 444 70 164 241 207 14 168 87 85 92
112:0 213 419 59 280 445 15 91 104 406 89 203 263 126 53 374 411 264 218 416 237 63 58 231 363 371 398 182 240 156 216 46 431 397 157 249 317 201 290 421 351 214 446 444 70 164 241 57 207 14 168 87 85 92 250
113:0 213 59 280 347 445 451 104 409 138 89 203 263 126 53 148 374 264 218 416 447 258 237 63 58 231 113 363 182 244 94 240 278 156 216 431 157 249 317 219 201 290 247 351 285 214 289 76 446 70 164 241 207 87 86 85 92 352
114:0 213 331 445 15 104 203 412 263 148 218 202 416 447 237 63 363 182 244 115 156 216 249 290 351 214 188 76 164 241 207 14 168 92
115:0 332 213 419 59 280 445 15 91 104 409 89 203 263 126 53 374 411 264 218 416 258 237 63 58 231 363 182 240 156 216 46 431 157 249 317 201 290 247 421 351 214 76 70 164 241 57 207 168 87 85 92 352 250
116:0 213 59 362 445 104 406 203 263 430 218 258 237 58 363 182 240 156 216 290 214 164 57 207 92 352 127 250
117:0 213 59 362 445 104 406 203 263 430 218 416 258 237 63 58 363 182 240 156 216 290 214 164 57 207 92 352 127 250
118:0 213 59 445 104 203 263 218 258 237 58 363 398 182 240 156 216 290 214 164 57 207 92 352 127 250
119:0 213 59 445 104 203 263 218 416 258 237 63 58 363 398 182 240 156 216 290 214 164 57 207 92 352 127 250
120:0 59 362 104 203 263 148 430 218 360 258 237 58 113 363 182 244 94 240 278 115 156 216 290 214 164 57 207 87 86 85 92 352 127 250
121:0 419 59 362 104 138 203 263 148 430 218 416 447 360 258 237 63 58 113 363 182 244 94 240 278 115 156 216 290 285 214 164 57 207 87 86 85 92 433 352 127 250
122:0 332 213 280 347 445 451 104 409 138 203 412 263 148 374 411 264 218 416 447 237 63 113 363 371 182 244 94 240 278 115 156 216 219 290 247 351 285 214 289 76 164 241 207 269 168 87 86 85 259 92 433
123:0 332 213 280 445 15 432 104 203 263 206 218 416 237 63 363 182 240 156 216 249 355 290 318 214 211 164 241 207 14 168 92 369 404
124:0 213 419 59 280 347 445 104 409 138 203 412 263 148 374 411 264 218 416 447 258 237 63 58 113 363 371 182 244 94 240 278 115 156 216 290 247 285 214 164 207 269 168 259 92 433 352
125:0 213 280 445 451 104 203 263 148 374 411 264 218 416 237 63 231 113 363 182 94 240 156 216 431 249 290 351 214 70 164 207 168 87 86 85 92
126:0 213 280 445 104 203 263 126 53 374 411 264 218 416 237 63 231 363 315 182 94 156 216 431 249 290 214 70 164 241 207 168 92 261
127:0 213 280 339 445 15 91 104 89 203 263 206 374 411 264 218 416 237 63 363 182 240 156 216 431 157 249 317 290 214 446 444 70 164 241 207 14 168 92 404
128:0 213 59 445 104 89 203 263 126 53 218 416 237 63 58 231 363 371 182 240 156 216 431 157 249 317 201 290 351 214 76 444 70 164 241 57 207 87 85 92 352 250
130:0 213 419 59 362 445 399 104 406 89 203 263 126 53 218 416 258 237 63 58 363 371 182 240 156 216 46 249 201 290 214 444 70 164 57 207 269 87 86 85 259 92 352 127 250
131:0 213 419 59 362 445 104 406 138 203 263 218 416 258 237 63 58 231 363 182 94 240 156 216 46 249 219 290 351 214 70 164 57 207 87 85 92 352 127 250
133:0 213 445 91 104 203 263 218 237 231 363 182 240 156 216 290 247 214 164 241 207 92
134:0 213 59 362 445 91 104 203 263 218 416 258 237 63 58 231 363 182 240 156 216 46 249 290 247 214 70 164 241 57 207 92 352 127 250
135:0 213 445 451 91 104 203 263 148 218 416 237 63 231 113 363 182 240 156 216 46 249 290 247 351 214 70 164 241 207 87 86 85 92
136:0 213 445 91 104 203 263 126 53 218 416 237 63 231 363 315 182 240 156 216 46 249 290 247 214 70 164 241 207 92 261
137:0 332 59 451 104 138 203 263 148 218 416 237 63 58 231 363 182 244 94 240 278 156 216 290 247 351 214 76 164 241 207 168 87 86 85 92 433
138:0 213 59 362 445 104 203 263 218 360 258 237 58 363 182 240 156 216 397 157 249 317 201 290 214 446 164 57 207 168 92 352 127 250
139:0 213 59 362 445 104 203 263 218 416 360 258 237 63 58 363 182 240 156 216 431 397 157 249 317 201 290 214 446 444 164 57 207 168 92 352 127 250
140:0 213 59 362 445 91 104 203 263 218 202 258 237 58 363 182 240 156 216 397 157 249 317 201 290 214 446 164 57 207 168 92 352 127 250
141:0 332 213 59 280 362 445 15 91 104 203 263 218 202 416 258 237 63 58 363 182 240 156 216 431 397 157 249 317 201 290 214 446 444 164 57 207 14 168 92 352 127 250 404
142:0 332 213 445 432 104 337 406 89 203 263 126 53 19 218 416 237 63 231 363 371 182 240 156 216 46 397 157 249 317 355 201 290 214 446 211 444 70 164 241 207 269 168 259 92
143:0 213 59 280 445 104 89 203 263 126 53 374 411 264 218 416 237 63 58 363 182 94 240 278 156 216 431 157 249 317 201 290 247 351 214 76 70 164 241 57 207 87 85 92 352 250
144:0 332 419 59 432 104 203 263 19 218 416 258 237 63 58 363 365 182 240 115 156 216 46 249 355 201 290 214 211 164 241 207 92 369 352
145:0 332 451 432 104 203 263 148 19 218 416 237 63 113 363 365 182 240 156 216 46 249 355 201 290 351 214 211 164 241 207 87 86 85 92 369
146:0 332 432 104 203 263 126 53 19 218 416 237 63 363 315 365 182 240 156 216 46 249 355 219 201 290 214 76 211 164 241 207 92 369 261
147:0 213 59 445 104 406 203 263 126 53 218 258 237 63 58 231 363 182 240 156 216 219 290 351 214 164 241 57 207 87 86 85 92 352 127 250
148:0 213 59 445 104 406 203 263 126 53 218 258 237 63 58 231 363 182 240 156 216 219 290 351 214 164 241 57 207 87 86 85 92 352 127 250
149:0 332 213 59 280 445 15 432 104 337 406 89 203 263 126 53 374 19 411 264 218 416 258 237 63 58 231 363 182 240 156 216 46 157 249 317 355 219 201 290 351 214 211 444 70 164 241 57 207 87 86 85 92 352 127 250
150:0 332 419 59 280 339 347 451 104 409 138 89 373 203 412 263 126 53 148 374 411 264 218 416 447 258 237 63 58 231 113 363 398 182 244 94 240 278 115 156 216 431 157 249 317 219 201 290 247 351 285 214 289 76 444 70 164 241 207 269 87 86 85 259 92 433 352 261
151:0 332 213 419 59 280 362 339 331 347 445 451 15 399 432 91 104 337 406 409 138 89 373 203 412 153 263 206 126 53 148 430 374 19 411 264 218 202 416 447 360 258 237 63 58 231 113 363 315 371 365 398 182 244 94 240 278 115 156 216 46 431 397 157 249 317 355 219 201 290 247 421 351 318 285 214 188 289 76 446 211 444 70 164 241 57 207 14 269 168 87 86 85 259 92 433 369 352 127 250 261 404
152:0 213 331 445 15 104 203 412 263 148 218 202 447 237 231 113 363 182 115 156 216 219 290 214 76 164 241 207 14 92
153:0 213 331 445 15 104 203 412 263 148 218 202 447 237 231 113 363 182 115 156 216 249 219 290 214 76 70 164 241 207 14 92
154:0 213 331 445 15 104 89 203 412 263 148 218 202 416 447 237 63 231 113 363 182 115 156 216 431 249 219 290 214 76 70 164 241 207 14 92
155:0 332 213 445 15 91 104 203 263 126 53 218 237 363 315 182 156 216 290 214 164 241 207 92 261
156:0 332 213 280 445 15 91 104 203 263 126 53 264 218 237 363 315 182 156 216 46 249 290 214 70 164 241 207 92 261
157:0 332 213 280 445 15 91 104 89 203 263 126 53 374 411 264 218 416 360 237 63 363 315 182 156 216 46 431 157 249 317 290 421 214 76 70 164 241 207 92 261
158:0 332 213 59 280 445 15 91 104 203 263 374 264 218 258 237 58 231 363 182 240 156 216 157 317 290 421 214 164 57 207 14 92 352 127 250
159:0 332 213 59 280 445 15 91 104 203 263 374 264 218 258 237 58 231 363 182 240 156 216 46 157 249 317 290 421 214 70 164 57 207 14 92 352 127 250
160:0 332 213 419 59 280 445 15 91 104 337 406 89 203 263 374 411 264 218 416 258 237 63 58 231 363 182 240 156 216 46 431 157 249 317 290 421 214 70 164 57 207 14 92 352 127 250
161:0 213 280 445 451 15 91 104 203 263 53 374 264 218 447 237 58 231 363 182 240 156 216 290 247 421 351 214 76 164 241 57 207 168 85 92 369 352 250
162:0 213 59 280 445 451 15 91 104 203 263 53 374 411 264 218 416 447 237 63 58 231 363 182 240 156 216 249 290 247 421 351 214 76 70 164 241 57 207 168 87 85 92 369 352 250
163:0 332 213 445 432 104 138 203 263 19 218 237 363 365 182 244 94 240 278 115 156 216 355 290 247 318 214 211 164 241 207 168 92
164:0 332 213 445 432 104 138 203 263 19 218 416 237 63 363 365 182 244 94 240 278 115 156 216 355 290 247 318 214 211 164 241 207 168 92
165:0 332 213 280 445 91 104 409 203 263 148 374 264 218 202 237 113 363 182 115 156 216 355 219 290 318 214 76 164 241 207 14 168 92 369
166:0 332 213 280 445 91 104 409 203 263 148 374 411 264 218 202 416 237 63 113 363 182 115 156 216 249 355 219 290 318 214 76 70 164 241 207 14 168 92 369
167:0 213 445 91 104 203 263 148 218 202 237 363 398 182 94 156 216 290 214 188 76 164 241 207 168 92
168:0 213 445 91 104 203 263 148 218 202 416 237 63 363 398 182 94 156 216 290 214 188 76 164 241 207 168 92
169:0 332 213 445 399 432 104 203 263 19 218 202 416 237 63 363 371 365 182 240 156 216 355 290 247 214 188 289 211 164 241 207 269 168 259 92 369 404
170:0 213 59 362 445 451 104 203 263 148 218 258 237 58 363 182 240 156 216 290 351 214 164 57 207 87 86 85 92 352 127 250
171:0 213 59 362 445 451 104 203 263 148 218 416 258 237 63 58 363 182 240 156 216 290 351 214 164 57 207 87 86 85 92 352 127 250
172:0 213 445 451 104 203 263 148 374 218 447 237 231 113 363 182 240 156 216 290 351 214 164 207 87 86 85 92
173:0 213 445 91 104 138 203 263 126 53 148 374 218 447 237 231 113 363 182 244 94 240 278 115 156 216 219 290 247 351 214 76 164 241 207 86 92 352
174:0 213 445 91 104 138 203 263 126 53 148 374 218 447 237 113 363 182 244 94 240 278 115 156 216 219 290 247 351 214 76 164 241 207 86 92 352
175:0 213 445 104 138 203 263 126 53 148 374 218 447 237 113 363 182 244 94 240 115 156 216 249 219 290 247 351 214 76 164 241 207 86 92 352
176:0 332 213 280 445 432 104 409 138 203 263 126 53 148 374 19 264 218 416 447 237 63 113 363 182 244 94 240 115 156 216 249 355 219 290 247 351 318 214 76 211 164 241 207 86 92 352
177:0 332 213 347 445 104 138 203 263 148 218 202 447 237 113 363 365 182 244 94 240 115 156 216 355 290 247 318 285 214 76 211 164 241 207 168 86 92 433 369
178:0 332 213 347 445 432 104 138 203 263 148 19 218 202 416 447 237 63 113 363 365 182 244 94 240 115 156 216 355 290 247 318 285 214 76 211 164 241 207 168 86 92 433 369
179:0 213 445 451 104 203 263 148 218 237 231 113 363 182 240 156 216 290 351 214 164 207 87 86 85 92
180:0 213 280 445 451 104 203 263 148 374 264 218 237 231 113 363 182 240 156 216 249 290 351 214 70 164 207 87 86 85 92
181:0 213 280 445 451 104 203 263 148 374 411 264 218 416 237 63 231 113 363 182 240 156 216 431 249 290 351 214 70 164 207 87 86 85 92
182:0 213 331 445 15 104 409 203 412 263 148 374 218 202 416 447 237 63 363 182 156 216 219 290 214 188 76 164 241 207 14 92
183:0 213 59 280 445 91 104 203 263 374 264 218 447 258 237 58 231 363 182 240 156 216 249 290 214 70 164 57 207 92 352 127 250
184:0 213 59 280 445 91 104 203 263 374 411 264 218 416 447 258 237 63 58 231 363 182 240 156 216 249 290 214 70 164 57 207 92 352 127 250
185:0 213 280 347 445 91 104 89 203 153 263 374 264 218 237 363 182 244 156 216 397 157 249 317 201 290 214 446 444 70 164 241 207 269 168 259 92
186:0 213 59 280 445 91 104 89 203 263 374 411 264 218 416 258 237 63 58 363 371 182 94 240 156 216 249 290 214 70 164 57 207 168 92 352 127 250
187:0 332 213 331 445 104 203 412 263 148 218 202 447 237 363 182 156 216 290 318 214 76 164 241 207 14 92 369
188:0 332 213 331 445 104 203 412 263 148 218 202 447 237 363 182 156 216 290 318 214 76 164 241 207 14 92 369
189:0 332 213 331 445 104 203 412 263 148 218 202 416 447 237 63 363 182 156 216 290 318 214 76 164 241 207 14 92 369
190:0 332 213 280 445 15 91 104 138 203 263 374 264 218 447 237 231 363 371 182 240 156 216 249 290 247 421 351 214 289 76 70 164 241 207 269 168 87 86 85 92 369 352
191:0 213 331 445 15 104 203 412 263 148 218 202 447 237 113 363 182 156 216 219 290 214 188 76 164 241 207 14 92
192:0 213 331 445 15 104 203 412 263 148 218 202 416 447 237 63 113 363 182 156 216 219 290 214 188 76 164 241 207 14 92
193:0 332 213 445 432 104 138 203 263 148 218 202 237 363 182 94 156 216 355 290 247 318 214 76 211 164 241 207 168 92 369
194:0 213 59 445 91 104 89 203 263 148 218 258 237 58 231 363 182 240 156 216 249 201 290 214 188 164 57 207 92 352 127 250
195:0 213 59 280 445 91 104 89 203 263 148 374 411 264 218 416 258 237 63 58 231 363 182 240 156 216 157 249 317 201 290 214 188 444 70 164 57 207 92 352 127 250
196:0 213 347 445 15 91 104 138 203 263 148 218 416 447 237 63 231 113 363 182 244 94 240 115 156 216 290 247 285 214 164 241 207 92 433
197:0 213 445 15 399 91 104 138 203 263 148 218 416 237 63 231 363 371 182 244 94 240 156 216 290 247 214 289 164 241 207 269 259 92
198:0 332 213 347 445 399 432 104 138 373 203 263 19 218 237 363 371 365 182 244 94 240 156 216 355 290 247 214 289 211 164 241 207 269 168 86 259 92
199:0 213 419 59 280 362 347 445 91 104 409 138 89 203 263 126 53 148 374 411 264 218 416 447 258 237 63 58 231 113 363 182 244 94 240 278 156 216 249 219 290 247 285 214 70 164 241 57 207 86 92 433 352 250
200:0 332 213 347 445 451 399 104 138 373 203 263 148 218 237 363 371 182 244 94 240 156 216 290 247 351 285 214 289 164 241 207 269 168 87 86 85 259 92 433 261
203:0 213 347 445 451 104 138 89 203 412 263 148 218 447 237 231 113 363 182 244 94 240 278 115 156 216 249 290 247 351 285 214 70 164 241 207 168 87 86 85 92 433
204:0 213 445 91 104 89 203 153 263 218 202 360 237 113 363 371 182 115 156 216 157 249 317 201 290 214 76 446 70 164 241 207 92
205:0 213 445 91 104 89 203 153 263 430 218 202 416 360 237 63 113 363 371 182 115 156 216 397 157 249 317 201 290 214 76 446 70 164 241 207 92
206:0 213 59 347 445 451 91 104 138 89 203 263 126 53 218 360 237 58 231 363 398 182 244 240 156 216 157 249 317 355 290 247 351 214 76 446 70 164 241 207 168 87 86 85 92 352
207:0 332 213 280 445 15 399 432 91 104 89 203 263 206 374 218 237 231 363 371 398 182 240 156 216 397 157 249 317 355 201 290 214 188 446 211 444 70 164 241 207 14 269 168 259 92 369 404
208:0 213 445 15 399 91 104 406 89 203 153 263 430 218 416 360 237 63 231 363 371 182 244 156 216 46 431 397 157 249 317 201 290 214 446 444 70 164 241 207 269 259 92
209:0 213 280 339 445 91 104 89 203 263 126 53 374 264 218 237 363 315 371 182 240 156 216 46 249 290 247 351 214 188 76 70 164 241 207 269 168 87 86 85 259 92 352
210:0 213 280 339 445 91 104 89 203 263 126 53 374 411 264 218 416 237 63 231 363 315 371 182 240 156 216 46 431 157 249 317 290 247 351 214 188 76 444 70 164 241 207 269 168 87 86 85 259 92 352
211:0 213 59 362 445 104 203 153 263 218 360 258 237 58 363 371 398 182 240 156 216 290 247 351 214 188 164 57 207 269 86 92 352 127 250
212:0 332 213 280 445 15 432 104 203 263 206 430 374 218 416 237 63 363 182 240 156 216 249 355 201 290 318 214 211 70 164 241 207 14 168 92 369 404
213:0 213 445 91 104 89 203 263 148 218 360 237 363 182 156 216 397 157 249 317 219 201 290 214 188 446 444 70 164 241 207 92
214:0 332 213 280 339 445 15 91 104 89 203 263 374 411 264 218 416 237 63 363 182 240 156 216 157 249 317 290 421 214 444 70 164 241 207 14 168 92
215:0 332 213 419 59 280 347 445 15 399 91 104 138 373 203 263 206 374 264 218 258 237 58 231 363 371 398 182 244 240 156 216 249 290 247 421 214 289 70 164 241 57 207 14 269 168 259 92 250 404
216:0 332 213 280 339 445 15 91 104 89 203 263 374 264 218 237 363 371 182 240 156 216 46 157 249 317 290 421 214 70 164 241 207 14 269 168 259 92
217:0 332 213 419 280 339 445 15 91 104 89 203 263 374 411 264 218 416 237 63 363 371 182 240 156 216 46 431 157 249 317 290 421 214 444 70 164 241 207 14 269 168 259 92
218:0 213 445 104 203 263 126 53 218 237 113 363 315 182 115 156 216 157 249 317 290 214 164 241 207 92 261
219:0 213 445 104 89 203 153 263 126 53 218 416 360 237 63 113 363 315 182 115 156 216 397 157 249 317 201 290 214 76 446 444 70 164 241 207 92 261
220:0 213 59 445 91 104 89 203 263 218 258 237 58 113 363 182 240 115 156 216 46 157 249 317 201 290 214 446 70 164 207 92
221:0 213 419 59 445 91 104 89 203 263 218 416 258 237 63 58 113 363 182 240 115 156 216 46 157 249 317 201 290 214 446 444 70 164 207 92
222:0 213 59 362 347 445 91 104 89 203 153 263 218 258 237 58 113 363 182 94 240 115 156 216 397 157 249 317 219 201 290 247 214 446 444 70 164 241 57 207 92 352 250
223:0 213 59 362 331 445 451 104 203 263 126 53 218 237 63 58 363 182 94 240 156 216 290 214 164 241 57 207 168 86 92 352 127 250
224:0 213 59 362 331 445 451 104 203 412 263 126 53 430 218 416 237 63 58 363 371 182 94 240 156 216 290 214 188 164 241 57 207 168 86 92 352 127 250
225:0 332 213 419 59 280 445 432 104 203 263 374 19 264 218 258 237 58 363 365 182 240 278 156 216 290 214 164 207 168 92 352
226:0 332 213 59 362 331 445 432 104 89 203 263 218 416 258 237 63 58 363 182 240 156 216 157 317 290 214 164 57 207 92 352 127 250
227:0 332 213 445 15 399 432 104 203 263 148 430 19 218 237 363 371 365 182 156 216 46 157 249 317 355 201 290 214 446 211 164 241 207 14 269 168 259 92 404
228:0 213 445 399 104 138 373 203 263 126 53 218 237 231 363 315 371 182 156 216 46 249 290 247 214 188 289 76 164 241 207 269 168 259 92 261
229:0 213 445 399 104 138 373 203 263 126 53 218 416 237 63 231 363 315 371 182 156 216 46 249 290 247 214 188 289 76 70 164 241 207 269 168 259 92 261
230:0 213 59 362 445 104 406 203 263 430 218 416 258 237 63 58 363 182 240 156 216 290 214 164 57 207 92 352 127 250
231:0 213 445 104 89 203 263 218 237 231 363 182 156 216 46 157 249 317 201 290 214 446 70 164 241 207 92
232:0 213 445 104 89 203 263 218 416 360 237 63 231 363 398 182 156 216 46 397 157 249 317 201 290 214 446 444 70 164 241 207 92
233:0 332 59 451 104 138 203 263 148 218 416 237 63 58 231 363 182 244 94 240 278 156 216 290 247 351 214 76 164 241 207 168 87 86 85 92 433
234:0 213 347 445 451 104 138 89 203 412 263 148 218 416 237 231 113 363 182 244 94 240 115 156 216 46 290 247 351 285 214 76 164 241 207 168 87 86 85 92 433
236:0 213 280 339 445 104 89 203 263 218 237 363 182 240 156 216 157 249 290 214 70 164 241 207 168 92
237:0 332 213 280 339 445 91 104 89 203 263 218 360 237 363 182 240 156 216 157 249 201 290 214 444 70 164 241 207 168 92
238:0 213 419 59 347 445 104 138 203 263 148 374 218 447 258 237 58 113 363 371 182 244 94 240 278 115 156 216 290 247 285 214 164 207 168 92 433 352
239:0 213 280 445 451 104 203 263 148 374 264 218 237 113 363 182 94 240 156 216 249 290 351 214 164 207 168 87 86 85 92
240:0 213 280 445 104 203 263 126 53 374 264 218 237 231 363 315 182 94 156 216 249 290 214 164 241 207 168 92 261
241:0 213 59 280 445 104 89 203 263 374 411 264 218 416 360 237 63 58 231 363 182 244 240 156 216 157 249 317 201 290 247 351 214 76 446 70 164 241 57 207 87 86 85 92 352 250
242:0 213 419 59 280 347 445 451 104 409 138 89 203 263 126 53 148 374 411 264 218 416 447 258 237 63 58 231 113 363 182 244 94 240 278 156 216 431 157 249 317 219 201 290 247 351 285 214 289 76 446 70 164 241 207 87 86 85 92 352
243:0 347 451 15 91 104 203 263 148 218 416 237 63 231 113 363 182 244 240 115 156 216 46 431 249 201 290 247 351 214 70 164 241 207 87 86 85 92
244:0 347 15 91 104 203 263 126 53 148 218 416 237 63 231 363 315 182 244 240 115 156 216 46 431 249 201 290 247 214 76 444 70 164 241 207 92 261
245:0 419 59 362 347 15 91 104 203 263 218 416 258 237 63 58 231 363 182 244 240 115 156 216 46 431 249 201 290 247 214 164 241 57 207 92 352 127 250
246:0 213 280 445 399 91 104 89 203 263 218 237 63 363 371 182 240 156 216 397 157 249 317 201 290 214 446 444 164 241 207 269 259 92
247:0 213 280 445 399 91 104 89 203 263 218 237 63 363 371 182 240 156 216 397 157 249 317 201 290 214 446 444 164 241 207 269 259 92
248:0 332 213 419 59 280 445 15 399 91 104 337 406 89 203 263 126 53 374 411 264 218 416 237 63 58 231 363 371 182 240 156 216 46 431 397 157 249 317 201 290 421 351 214 446 444 70 164 241 57 207 269 87 86 85 259 92 352 250
249:0 332 419 59 362 347 451 432 104 406 138 89 203 263 148 19 218 202 416 258 237 63 58 231 113 363 182 244 94 240 115 156 216 46 249 355 219 201 290 247 351 285 214 211 70 164 241 57 207 87 86 85 92 352 127 250
250:0 332 347 451 432 104 138 89 203 263 126 53 148 19 218 202 416 237 63 113 363 315 365 182 244 94 240 115 156 216 46 249 355 219 201 290 247 351 214 76 211 70 164 241 207 87 86 85 92 261
251:0 332 347 451 15 104 138 203 412 263 148 374 218 202 416 447 237 63 113 363 182 244 94 240 115 156 216 219 201 290 247 351 318 285 214 76 446 164 241 207 14 86 92 433 369 352
252:0 332 213 280 331 445 15 91 104 409 203 412 263 148 374 264 218 202 447 237 231 363 182 156 216 157 249 317 219 290 214 76 70 164 241 207 14 92
253:0 332 213 280 331 445 15 91 104 409 203 412 263 206 148 374 264 218 202 447 237 231 363 182 156 216 157 249 317 219 290 214 76 70 164 241 207 14 92 404
254:0 332 213 280 331 445 15 91 104 337 406 409 89 203 412 263 206 148 374 411 264 218 202 416 447 237 63 231 363 182 156 216 46 431 157 249 317 219 290 214 76 70 164 241 207 14 92 404
255:0 332 213 445 15 91 104 203 263 126 53 218 237 363 315 182 156 216 157 249 317 290 421 214 70 164 241 207 14 92 261
256:0 332 213 280 339 445 15 91 104 203 263 126 53 374 411 264 218 237 363 315 398 182 156 216 157 249 317 290 421 214 70 164 241 207 14 92 261
257:0 332 213 280 339 445 15 91 104 89 203 263 126 53 374 411 264 218 416 237 63 363 315 398 182 156 216 46 431 157 249 317 290 421 214 76 444 70 164 241 207 14 92 261
258:0 213 59 445 91 104 203 263 218 258 237 58 231 363 182 240 156 216 157 249 317 290 214 70 164 57 207 92 352 127 250
259:0 213 59 280 445 91 104 89 203 263 374 218 258 237 58 231 363 182 240 156 216 157 249 317 290 214 446 70 164 57 207 92 352 127 250
260:0 213 419 59 280 445 91 104 89 203 263 374 411 264 218 416 258 237 63 58 231 363 182 240 156 216 46 431 157 249 317 290 214 446 444 70 164 57 207 92 352 127 250
261:0 213 445 399 91 104 373 203 263 218 237 231 363 371 182 240 156 216 46 249 290 247 214 289 164 241 207 269 168 259 92
262:0 213 445 399 91 104 373 203 263 218 416 237 63 231 363 371 182 240 156 216 46 249 290 247 214 289 70 164 241 207 269 168 259 92
263:0 213 59 445 451 15 91 104 203 263 374 218 447 237 58 231 363 182 240 156 216 249 290 247 351 214 164 241 57 207 168 87 86 85 92 352 250
264:0 213 59 445 451 15 91 104 203 263 374 218 416 447 237 63 58 231 363 182 240 156 216 46 249 290 247 421 351 214 70 164 241 57 207 168 87 86 85 92 352 250
267:0 332 213 445 432 104 203 412 263 148 218 202 416 237 63 363 182 94 156 216 355 219 290 247 318 214 76 164 241 207 168 92 369
269:0 332 213 445 432 104 203 412 263 148 218 202 416 237 63 113 363 182 94 156 216 355 290 247 318 214 188 76 164 241 207 168 92 369
270:0 213 59 331 445 104 203 412 263 148 218 202 447 258 237 58 363 182 240 156 216 290 214 76 164 241 57 207 14 168 92 352 250
271:0 213 59 280 331 445 104 409 203 412 263 148 374 218 202 447 258 237 58 363 182 240 156 216 249 290 214 76 70 164 241 57 207 14 168 92 352 127 250
272:0 213 59 280 331 445 104 409 203 412 263 148 374 411 264 218 202 416 447 258 237 63 58 363 182 240 156 216 431 249 290 214 76 70 164 241 57 207 14 168 92 352 127 250
273:0 213 331 445 91 104 203 412 153 263 148 218 202 447 237 363 182 156 216 249 290 247 214 76 164 241 207 14 92
274:0 213 280 331 445 15 399 91 104 373 203 412 153 263 148 374 218 202 447 237 63 363 371 182 244 156 216 157 249 317 290 247 214 76 70 164 241 207 14 168 259 92
275:0 332 213 280 331 445 15 399 432 91 104 373 203 412 153 263 148 374 411 218 202 416 447 237 63 363 371 182 244 156 216 157 249 317 290 247 318 214 76 70 164 241 207 14 168 259 92 404
276:0 332 213 445 432 104 203 263 19 218 237 363 365 182 240 156 216 355 290 214 211 164 241 207 168 92 369
277:0 332 213 445 432 104 203 263 19 218 416 237 63 363 365 182 240 156 216 355 290 214 211 164 241 207 168 92 369
278:0 332 213 59 362 445 432 104 203 263 19 218 258 237 58 363 365 182 240 156 216 355 290 351 214 211 164 207 168 92 369 352
279:0 332 213 59 362 445 432 104 203 263 374 19 218 416 258 237 63 58 363 371 365 182 240 156 216 355 290 351 214 211 164 57 207 168 92 369 352 250
280:0 213 347 445 451 104 138 203 263 148 374 218 447 237 113 363 182 244 94 240 278 115 156 216 219 290 247 351 285 214 289 164 241 207 269 168 86 85 259 92 433
281:0 213 347 445 451 104 138 203 263 148 374 218 447 237 113 363 182 244 94 240 278 115 156 216 219 290 247 351 285 214 289 164 241 207 269 168 86 85 259 92 433
282:0 213 347 445 451 104 138 203 412 263 148 374 411 218 416 447 237 63 113 363 182 244 94 240 278 115 156 216 219 290 247 351 285 214 289 164 241 207 269 168 86 85 259 92 433
283:0 213 59 445 104 203 263 148 218 202 237 58 363 182 244 240 156 216 290 247 214 76 164 241 207 168 92 352
284:0 332 213 59 445 432 104 203 412 263 148 218 202 416 237 63 58 363 182 244 240 156 216 355 290 247 318 214 76 164 241 207 168 92 369 352
285:0 213 331 445 104 203 412 263 148 218 202 447 237 363 182 156 216 219 290 214 188 289 76 164 241 207 14 92
286:0 213 280 339 331 445 15 104 409 203 412 263 148 374 411 264 218 202 416 447 237 63 231 363 182 156 216 157 249 317 219 290 214 188 289 76 444 70 164 241 207 14 92
287:0 332 213 59 280 339 445 15 104 203 263 126 53 374 264 218 237 58 363 182 240 156 216 157 249 317 290 247 421 351 214 76 70 164 241 207 87 85 92 352
288:0 332 213 59 280 339 445 15 104 89 203 263 126 53 374 411 264 218 237 58 363 182 240 156 216 46 431 157 249 317 290 247 421 351 214 76 70 164 241 207 269 87 85 92 352
289:0 332 213 59 280 339 445 15 104 89 203 263 126 53 374 411 264 218 416 237 63 58 363 182 240 156 216 46 431 157 249 317 290 247 421 351 214 76 70 164 241 207 269 87 85 92 352
290:0 332 15 91 104 203 263 206 148 218 202 237 363 182 156 216 201 290 247 214 76 164 241 207 92 404
291:0 332 213 445 15 432 91 104 203 263 206 148 218 202 416 237 63 363 182 156 216 355 201 290 247 318 214 76 164 241 207 14 168 92 369 404
292:0 332 15 91 104 138 203 263 206 148 218 202 416 237 63 363 182 156 216 201 290 247 421 214 76 164 241 207 168 92 261 404
293:0 213 59 445 104 203 263 126 53 374 218 237 58 363 182 240 156 216 46 290 247 351 214 76 164 241 207 92 352
294:0 213 59 280 445 104 89 203 263 126 53 374 218 237 58 363 315 182 240 156 216 46 157 249 317 290 247 351 214 76 70 164 241 207 269 259 92 352
295:0 213 419 59 280 445 104 89 203 263 126 53 374 411 218 416 237 63 58 363 315 182 240 156 216 46 431 157 249 317 290 247 351 214 76 70 164 241 57 207 269 259 92 352 250
296:0 213 280 339 445 91 104 89 203 263 374 411 264 218 237 363 398 182 240 156 216 431 157 249 317 290 214 70 164 241 57 207 92 250
297:0 213 280 362 339 445 91 104 89 203 263 374 411 264 218 416 237 63 363 371 398 182 240 156 216 431 157 249 317 290 214 444 70 164 241 57 207 92 250
298:0 213 59 445 104 203 263 218 258 237 58 231 363 182 240 156 216 290 214 164 57 207 92 352 127 250
299:0 213 445 104 89 203 153 263 218 237 363 182 156 216 397 157 249 317 201 290 351 214 446 444 70 164 241 207 269 87 86 85 259 92
300:0 213 59 347 445 451 91 104 138 203 263 148 218 447 237 58 231 363 371 182 244 240 156 216 219 290 247 351 214 76 164 241 207 87 86 85 92 352
301:0 213 59 347 445 451 91 104 138 203 263 148 218 416 447 237 63 58 231 363 371 182 244 240 156 216 249 219 290 247 351 214 76 70 164 241 207 87 86 85 92 352
302:0 332 213 280 347 445 15 399 91 104 138 373 203 263 148 374 264 218 237 363 371 398 182 244 94 240 156 216 249 317 290 247 421 351 214 289 164 241 207 269 168 259 92 352 261
303:0 213 280 445 451 399 104 373 203 263 126 53 430 374 411 264 218 416 447 237 63 58 363 371 182 240 156 216 157 249 317 201 290 247 214 188 76 70 164 241 207 14 269 259 92
304:0 332 213 445 15 91 104 89 203 263 218 237 231 363 182 240 156 216 46 397 157 249 317 201 290 421 351 214 446 70 164 241 207 92 352
305:0 332 213 445 15 91 104 89 203 263 218 237 231 363 182 240 156 216 46 397 157 249 317 201 290 421 351 214 446 444 70 164 241 207 92 352
306:0 332 213 419 59 280 445 15 399 91 104 337 406 89 203 263 126 53 430 374 411 264 218 416 237 63 58 231 363 371 182 240 156 216 46 431 397 157 249 317 201 290 421 351 214 76 446 444 70 164 241 57 207 269 87 86 85 92 352 250
307:0 213 280 339 347 445 104 409 138 203 263 148 374 411 264 218 447 237 113 363 398 182 244 94 240 278 115 156 216 157 249 317 290 247 214 70 164 241 207 92
308:0 213 280 339 347 445 104 409 138 203 412 263 148 374 411 264 218 416 447 237 63 113 363 398 182 244 94 240 278 115 156 216 157 249 317 290 247 214 70 164 241 207 92
309:0 213 445 451 104 203 263 53 148 218 237 231 113 363 182 240 156 216 46 290 351 214 70 164 207 168 87 86 85 92
310:0 213 445 451 104 203 263 53 148 218 416 237 63 231 113 363 315 182 240 156 216 46 290 351 214 70 164 207 168 87 86 85 92
311:0 213 445 451 104 203 263 148 374 218 447 237 231 113 363 182 240 156 216 290 351 214 164 207 87 86 85 92
312:0 213 445 451 104 203 263 148 374 218 447 237 231 113 363 182 240 156 216 290 351 214 164 207 87 86 85 92
313:0 332 213 280 445 451 104 203 263 148 374 264 218 202 237 113 363 182 244 240 156 216 355 290 247 351 318 214 76 164 241 207 168 87 86 85 92 369 352
314:0 332 213 280 445 451 104 203 263 148 374 264 218 202 237 113 363 182 244 240 156 216 355 290 247 351 318 214 76 164 241 207 168 87 86 85 92 369 352
315:0 213 331 445 15 104 203 412 263 148 218 202 447 237 363 398 182 244 240 156 216 290 247 214 188 76 164 241 207 14 92
316:0 213 331 445 104 138 203 153 263 218 202 237 58 363 182 240 156 216 249 290 247 351 214 188 289 76 70 164 241 207 92 352
317:0 213 331 445 104 138 89 203 153 263 218 202 416 237 63 58 363 182 240 156 216 249 290 247 351 214 188 289 76 70 164 241 207 92 352
318:0 213 59 362 445 399 104 203 263 218 258 237 58 363 371 182 240 156 216 290 214 164 57 207 269 168 259 92 352 127 250
319:0 213 419 59 362 445 399 104 89 203 263 218 416 258 237 63 58 363 371 398 182 240 156 216 46 249 317 290 214 70 164 57 207 269 168 259 92 352 127 250
320:0 213 419 59 362 445 104 89 203 263 218 258 237 58 363 182 240 156 216 46 249 317 290 214 70 164 57 207 92 352 127 250
321:0 213 419 59 362 445 104 89 203 263 218 416 258 237 63 58 363 182 240 156 216 46 249 317 290 214 70 164 57 207 92 352 127 250
322:0 213 445 91 104 89 203 263 126 53 218 237 363 315 182 156 216 157 249 317 201 290 214 446 70 164 241 207 92 261
323:0 213 445 91 104 89 203 153 263 126 53 430 218 416 237 63 363 315 182 156 216 46 397 157 249 317 201 290 214 76 446 444 70 164 241 207 92 261
324:0 213 445 104 89 203 153 263 126 53 218 416 360 237 63 231 363 315 182 156 216 157 249 317 290 214 188 76 446 444 70 164 241 207 92 261
325:0 213 347 445 451 104 138 203 263 148 218 447 237 231 113 363 371 182 244 94 240 278 115 156 216 290 247 351 285 214 289 164 241 207 269 168 86 259 92 433
326:0 213 280 347 445 451 104 409 138 203 412 263 148 374 411 264 218 416 447 237 63 231 113 363 371 182 244 94 240 278 115 156 216 290 247 351 285 214 289 164 241 207 269 168 86 259 92 433
327:0 213 280 347 445 91 104 409 138 203 263 148 374 264 218 237 363 182 244 94 240 278 156 216 157 249 317 219 290 247 351 285 214 289 70 164 241 207 168 92 433 352
328:0 213 445 91 104 89 203 263 218 202 237 63 363 182 156 216 157 249 317 201 290 214 76 70 164 241 207 92
329:0 213 445 432 91 104 406 89 203 263 19 218 202 237 63 363 182 156 216 157 249 317 355 201 290 318 214 76 211 70 164 241 207 92 369
330:0 332 213 445 432 91 104 337 406 89 203 263 126 53 19 218 202 416 237 63 231 363 182 156 216 157 249 317 355 201 290 318 214 76 211 444 70 164 241 207 92 369
331:0 213 280 331 445 15 399 104 409 203 412 263 148 374 264 218 202 447 237 363 371 398 182 156 216 201 290 214 76 164 241 207 14 92
332:0 213 280 331 445 15 399 104 409 373 203 412 263 148 374 411 264 218 202 416 447 237 63 363 371 398 182 156 216 201 290 214 76 70 164 241 207 14 92
333:0 332 213 445 104 406 138 203 263 19 218 237 58 363 365 182 244 240 156 216 355 219 290 214 76 211 164 241 207 168 92
334:0 332 213 445 104 337 406 138 89 203 263 126 53 19 218 416 237 63 58 231 363 365 182 244 240 156 216 46 249 355 219 290 214 76 211 164 241 207 168 92
335:0 332 213 59 280 445 91 104 373 203 263 206 126 53 374 411 264 218 202 237 58 231 363 371 398 182 240 156 216 46 431 157 249 317 290 247 421 351 214 76 70 164 241 207 14 269 168 87 85 92 352 404
336:0 213 445 399 91 104 89 203 263 53 218 202 237 231 363 371 398 182 240 156 216 249 290 214 188 289 70 164 241 207 269 168 92 404
337:0 59 347 451 104 138 89 373 203 153 263 148 218 416 447 360 237 63 58 113 363 182 244 94 240 278 115 156 216 397 157 317 219 201 290 247 285 214 446 444 164 207 92 433
338:0 347 451 104 138 89 373 203 153 263 126 53 148 218 416 447 360 237 63 113 363 315 182 244 94 278 115 156 216 397 157 317 219 201 290 247 285 214 76 446 444 164 241 207 92 433 261
339:0 213 59 445 104 89 203 263 218 258 237 58 363 182 240 156 216 317 201 290 214 164 57 207 92 352 127 250
340:0 213 59 445 104 89 203 263 218 416 258 237 63 58 363 182 240 156 216 157 249 317 201 290 214 444 70 164 57 207 92 352 127 250
341:0 332 213 59 280 445 15 91 104 203 263 206 374 218 258 237 58 363 371 182 240 156 216 157 249 317 290 214 188 70 164 57 207 14 269 92 352 127 250 404
342:0 332 213 419 59 280 445 15 399 91 104 203 263 206 374 218 416 258 237 63 58 363 371 182 240 156 216 157 249 317 290 214 188 70 164 57 207 14 269 92 352 127 250 404
343:0 347 451 91 104 138 89 203 153 263 148 218 447 360 237 58 113 363 182 244 94 240 278 115 156 216 397 157 317 219 201 290 247 285 214 76 446 164 241 207 92 433
344:0 347 451 91 104 138 89 203 153 263 148 218 416 447 360 237 63 58 113 363 182 244 94 240 278 115 156 216 397 157 249 317 219 201 290 247 285 214 76 446 444 70 164 241 207 92 433
345:0 213 331 445 104 203 412 263 148 218 202 447 237 363 182 156 216 397 157 317 201 290 214 188 76 446 164 241 207 14 92
346:0 213 331 445 104 89 203 412 263 148 218 202 416 447 237 63 363 182 156 216 397 157 249 317 201 290 214 188 76 446 444 70 164 241 207 14 92
347:0 332 213 280 445 15 91 104 203 263 206 218 237 363 182 156 216 397 157 249 317 201 290 214 446 164 241 207 14 92 352 404
348:0 332 213 280 445 15 91 104 89 203 263 206 430 218 416 237 63 231 363 182 156 216 397 157 249 317 201 290 214 446 444 70 164 241 207 14 92 352 404
349:0 213 59 445 104 203 263 218 258 237 58 363 182 240 156 216 290 214 164 57 207 92 352 127 250
350:0 213 419 59 445 104 406 203 263 218 416 258 237 63 58 231 363 182 244 240 156 216 219 290 214 164 57 207 92 352 127 250
351:0 213 419 59 445 104 203 412 263 126 53 148 218 258 237 58 363 182 244 240 156 216 201 290 247 351 214 76 164 241 207 168 87 86 85 92 352
352:0 332 213 59 280 445 451 15 91 104 409 203 263 126 53 148 374 264 218 447 237 58 231 363 182 244 240 278 156 216 157 249 317 290 247 421 351 285 214 289 76 446 70 164 241 207 168 87 86 85 92 433 352
353:0 213 347 445 451 399 104 138 373 203 263 148 218 237 363 371 182 244 94 240 156 216 290 247 351 285 214 289 164 241 207 269 168 87 86 85 259 92 433 261
354:0 213 347 445 451 399 104 138 373 203 263 148 374 218 416 237 63 363 371 182 244 94 240 156 216 290 247 421 351 285 214 289 164 241 207 269 168 87 86 85 259 92 433 261
355:0 213 59 347 445 451 399 104 138 373 203 263 148 374 218 237 58 363 371 182 244 94 240 156 216 290 247 285 214 289 164 241 207 269 168 259 92 433 261
356:0 213 59 280 347 445 451 399 104 138 89 373 203 263 148 374 264 218 416 237 63 58 363 371 182 244 94 240 156 216 157 249 317 290 247 285 214 289 70 164 241 207 269 168 259 92 433 261
357:0 332 213 331 445 15 432 104 89 203 412 263 148 19 218 202 416 447 237 63 363 182 156 216 46 249 355 219 290 318 214 76 211 70 164 241 207 14 92
358:0 213 347 445 451 104 138 203 412 263 148 218 447 237 113 363 182 244 94 240 278 115 156 216 219 290 247 351 285 214 289 164 241 207 269 86 259 92 433
359:0 332 213 59 347 445 451 15 399 104 138 203 263 206 126 53 148 218 416 258 237 63 58 231 363 371 182 244 240 156 216 157 249 317 201 290 247 421 351 214 289 444 70 164 241 207 14 269 168 87 86 85 259 92 352 261 404
361:0 213 419 59 445 104 203 263 148 218 258 237 58 113 363 182 240 156 216 219 290 247 214 164 207 92 352
362:0 213 419 59 445 399 104 89 203 153 263 148 218 416 360 258 237 63 58 113 363 371 182 240 156 216 219 290 247 214 164 207 269 259 92 352
363:0 213 59 362 445 104 89 203 263 218 258 237 58 231 363 182 240 156 216 157 249 317 290 214 70 164 57 207 92 352 127 250
364:0 213 59 362 445 104 89 203 263 218 258 237 58 231 363 182 240 156 216 46 157 249 317 290 214 70 164 57 207 92 352 127 250
365:0 213 419 59 362 445 104 89 203 263 218 416 258 237 63 58 231 363 182 240 156 216 46 157 249 317 290 214 70 164 57 207 92 352 127 250
366:0 213 59 362 445 104 203 263 218 258 237 58 363 182 240 156 216 290 214 164 57 207 92 352 127 250
367:0 213 59 362 445 104 203 263 218 416 258 237 63 58 363 182 240 156 216 317 290 214 289 164 57 207 92 352 127 250
368:0 213 59 362 445 104 203 263 218 416 258 237 63 58 363 182 244 94 240 156 216 219 290 247 214 164 57 207 92 352 127 250
369:0 213 59 362 347 445 104 89 203 263 218 416 258 237 63 58 363 182 244 240 156 216 397 157 249 317 219 201 290 214 446 444 164 57 207 92 352 127 250
370:0 213 59 362 445 104 203 263 218 258 237 58 363 182 244 240 156 216 219 290 214 164 57 207 92 352 127 250
371:0 332 213 280 445 15 104 337 406 203 263 126 53 218 237 363 182 240 156 216 46 157 249 317 290 421 214 70 164 241 207 92
372:0 332 213 280 445 15 104 337 406 203 263 126 53 218 237 363 182 240 156 216 46 157 249 317 290 421 214 70 164 241 207 92
373:0 332 213 280 445 15 432 104 337 406 89 203 263 126 53 19 218 416 237 63 231 363 182 240 156 216 46 157 249 317 355 290 421 214 211 444 70 164 241 207 92
375:0 332 280 15 104 89 203 153 263 148 430 218 447 360 237 63 113 363 182 244 94 240 115 156 216 397 157 249 317 201 290 247 214 188 446 70 164 241 207 92
376:0 332 280 15 104 89 203 153 263 148 430 218 416 447 360 237 63 113 363 182 244 94 240 115 156 216 397 157 249 317 201 290 247 214 188 446 70 164 241 207 92
377:0 280 451 91 104 409 89 203 153 263 374 411 264 218 416 237 63 363 182 244 156 216 431 397 157 249 317 219 201 290 351 214 446 444 70 164 241 207 87 86 85 92
378:0 419 59 280 451 104 89 203 153 263 430 374 411 264 218 416 258 237 63 58 363 182 244 240 156 216 431 397 157 249 317 219 290 351 214 70 164 207 87 86 85 92
379:0 332 280 451 104 89 203 153 263 430 374 411 264 218 416 237 63 363 182 244 240 156 216 431 397 157 249 317 219 201 290 421 351 214 446 70 164 241 207 87 86 85 92
380:0 332 213 347 445 451 15 432 104 337 406 138 89 203 412 263 148 19 218 416 447 237 63 58 113 363 182 244 94 240 115 156 216 46 355 219 201 290 247 421 351 214 76 211 164 241 57 207 87 86 85 92 352 127 250
381:0 332 213 347 445 451 15 432 104 337 406 138 89 203 412 263 148 19 218 416 447 237 63 58 113 363 182 244 94 240 115 156 216 46 355 219 201 290 247 421 351 214 76 211 164 241 57 207 87 86 85 92 352 127 250
382:0 419 59 280 362 347 104 89 203 263 218 416 258 237 63 58 363 182 244 240 156 216 46 157 249 317 219 290 351 214 70 164 57 207 87 86 85 92 352 127 250
383:0 332 280 339 15 91 104 337 406 89 203 263 126 53 374 411 218 416 237 63 231 363 315 182 244 156 216 46 431 397 157 249 317 219 201 290 421 351 214 76 446 444 70 164 241 207 14 87 86 85 92
384:0 332 419 59 280 339 104 337 406 89 203 412 263 126 53 374 19 411 218 416 360 237 63 58 231 363 315 182 244 240 156 216 46 157 249 317 201 290 421 351 214 76 444 70 164 241 57 207 14 87 86 85 92 352 127 250
385:0 332 347 451 104 409 138 203 412 263 148 430 374 218 416 447 237 63 113 363 182 244 94 240 278 115 156 216 219 201 290 247 351 285 214 446 164 241 207 87 86 85 92 433 369 352
386:0 332 419 280 347 451 15 104 409 138 203 412 263 148 430 374 411 264 218 416 447 237 63 58 113 363 398 182 244 94 240 278 115 156 216 157 249 317 219 290 247 351 285 214 289 76 446 70 164 241 207 269 87 86 85 259 92 433 352
386:1 332 419 280 347 451 15 104 409 138 203 412 263 148 430 374 411 264 218 416 447 237 63 58 113 363 398 182 244 94 240 278 115 156 216 157 249 317 219 290 247 351 285 214 289 76 446 70 164 241 207 269 87 86 85 259 92 433 352
386:2 332 419 280 347 451 15 104 409 138 203 412 263 148 430 374 411 264 218 416 447 237 63 58 113 363 398 182 244 94 240 278 115 156 216 157 249 317 219 290 247 351 285 214 289 76 446 70 164 241 207 269 87 86 85 259 92 433 352
386:3 332 419 280 347 451 15 104 409 138 203 412 263 148 430 374 411 264 218 416 447 237 63 58 113 363 398 182 244 94 240 278 115 156 216 157 249 317 219 290 247 351 285 214 289 76 446 70 164 241 207 269 87 86 85 259 92 433 352
387:0 213 331 445 15 104 203 412 263 148 218 202 447 237 231 113 363 182 115 156 216 431 249 219 290 214 76 446 70 164 241 207 14 92
388:0 213 331 445 15 104 203 412 263 148 218 202 447 237 231 113 363 182 115 156 216 431 249 219 290 214 76 446 70 164 241 207 14 92
389:0 213 331 445 15 104 89 203 412 263 148 218 202 416 447 237 63 231 113 363 182 115 156 216 46 431 397 157 249 317 219 201 290 214 76 446 444 70 164 241 207 14 92
390:0 332 213 280 339 445 15 91 104 203 263 126 53 374 264 218 447 237 231 363 315 182 156 216 431 249 290 421 214 446 70 164 241 207 14 269 259 92 369 261
391:0 332 213 280 339 445 15 91 104 203 263 126 53 374 411 264 218 447 237 231 363 315 398 182 156 216 431 157 249 317 290 421 214 446 70 164 241 207 14 269 259 92 369 261
392:0 332 213 280 339 347 445 15 91 104 89 203 263 126 53 374 411 264 218 416 447 237 63 231 363 315 398 182 156 216 46 431 157 249 317 290 421 214 76 446 444 70 164 241 207 14 269 259 92 369 261
393:0 332 213 59 280 362 445 15 432 91 104 203 263 374 218 447 258 237 58 363 365 182 240 156 216 317 290 214 446 164 57 207 92 352 127 250
394:0 332 213 59 280 362 445 15 432 91 104 203 263 374 218 447 258 237 58 363 365 182 240 156 216 249 317 290 421 214 446 70 164 57 207 92 352 127 250
395:0 332 213 419 59 280 362 445 15 432 91 104 89 203 263 430 374 218 416 447 258 237 63 58 363 365 182 240 156 216 46 431 157 249 317 290 421 214 446 211 70 164 57 207 14 92 352 127 250
396:0 332 213 445 432 104 203 263 19 218 237 363 365 182 240 156 216 355 290 214 211 164 241 207 168 92 369
397:0 332 213 445 432 104 203 263 19 218 237 363 365 182 240 156 216 355 290 214 211 164 241 207 168 92 369
398:0 332 213 445 432 104 203 263 19 218 416 237 63 363 365 182 240 156 216 355 290 214 211 164 241 207 168 92 369
399:0 213 59 445 451 15 91 104 203 263 218 447 237 58 231 363 365 182 240 156 216 249 290 247 351 214 446 164 241 207 269 168 87 86 85 92
400:0 213 59 445 451 15 91 104 203 263 374 264 218 416 447 237 63 58 231 363 365 182 240 156 216 431 249 290 247 351 214 446 70 164 241 57 207 269 168 87 86 85 92 352 127 250
402:0 332 213 280 445 15 104 203 263 206 148 218 416 237 63 363 182 240 156 216 249 290 318 214 70 164 241 207 14 92 404
403:0 213 445 451 104 203 263 148 218 237 231 113 363 182 240 156 216 46 290 351 214 70 164 207 168 87 86 85 92
404:0 213 445 451 104 203 263 148 218 237 231 113 363 182 240 156 216 46 290 351 214 70 164 207 168 87 86 85 92
405:0 213 445 451 104 203 263 148 218 416 237 63 231 113 363 182 240 156 216 46 290 351 214 70 164 207 168 87 86 85 92
406:0 213 331 445 15 104 203 412 263 148 218 202 447 237 363 182 244 240 156 216 290 247 214 188 76 164 241 207 14 92
407:0 213 331 445 15 104 203 412 263 148 218 202 416 447 237 63 363 398 182 244 240 156 216 290 247 214 188 76 164 241 207 14 92
408:0 213 59 445 91 104 406 89 203 263 126 53 374 218 237 58 231 363 371 182 240 156 216 46 431 397 157 249 317 201 290 351 214 446 444 70 164 241 207 14 168 87 85 92
409:0 213 419 59 280 445 15 91 104 406 89 203 263 126 53 374 411 264 218 416 237 63 58 231 363 371 182 240 156 216 46 431 397 157 249 317 201 290 351 214 446 444 70 164 241 57 207 14 168 87 85 92 250
410:0 213 59 445 91 104 89 203 263 126 53 430 218 237 58 231 363 182 240 156 216 46 397 157 249 317 201 290 351 214 446 444 70 164 241 207 269 87 85 259 92
411:0 213 419 59 445 91 104 89 203 263 126 53 430 218 416 237 63 58 231 363 182 240 156 216 46 397 157 249 317 201 290 351 214 446 444 70 164 241 207 269 87 85 259 92
413:0 213 331 445 104 138 203 412 263 148 218 202 416 447 237 63 363 182 244 94 240 156 216 219 290 247 285 214 76 164 241 207 168 92
413:1 213 445 91 104 138 89 203 263 148 218 416 237 63 363 182 244 94 240 156 216 317 219 201 290 247 285 214 164 241 207 168 92
413:2 213 445 104 138 203 263 148 430 218 416 360 237 63 363 182 244 94 240 156 216 219 290 247 285 214 446 164 241 207 168 92
414:0 332 213 445 432 104 138 203 412 263 148 218 202 416 237 63 363 182 244 94 240 156 216 355 219 290 247 318 285 214 76 164 241 207 168 92 369
416:0 332 213 445 15 432 104 203 263 148 374 218 416 237 63 363 182 240 156 216 355 290 318 214 188 164 241 207 168 92 369 404
417:0 213 445 451 15 91 104 203 263 148 374 218 447 237 231 113 363 182 240 156 216 290 351 214 164 207 87 86 85 92 369
418:0 213 59 280 362 339 445 91 104 203 263 264 218 258 237 58 231 363 182 240 156 216 249 317 290 214 70 164 57 207 92 352 127 250
419:0 213 59 280 362 339 445 91 104 203 263 411 264 218 416 258 237 63 58 231 363 371 182 240 156 216 46 249 317 290 214 70 164 57 207 269 259 92 352 127 250
420:0 213 331 445 104 203 412 263 148 218 202 447 237 363 182 156 216 219 290 214 76 164 241 207 14 92
421:0 213 331 445 104 203 412 263 148 218 202 416 447 237 63 363 182 156 216 219 290 214 76 164 241 207 14 92
422:0 213 59 362 445 104 203 263 218 258 237 58 363 182 240 156 216 290 214 164 57 207 92 352 250
423:0 213 59 362 445 91 104 89 203 263 148 218 416 258 237 63 58 363 182 240 156 216 157 249 317 201 290 214 188 444 70 164 57 207 92 352 127 250
424:0 332 213 280 445 15 91 104 138 203 263 374 264 218 416 447 237 63 231 363 371 182 240 156 216 249 290 247 421 351 214 289 76 70 164 241 207 269 168 87 86 85 92 369 352
425:0 213 347 445 451 15 432 104 138 373 203 153 263 148 218 360 237 363 371 182 244 94 240 278 156 216 290 247 351 318 285 214 164 241 207 168 87 86 85 92 261
426:0 213 347 445 451 15 432 104 138 373 203 153 263 148 19 218 416 360 237 63 363 371 182 244 94 240 278 156 216 290 247 351 318 285 214 164 241 207 168 87 86 85 92 261
427:0 213 445 451 15 91 104 409 203 263 374 264 218 447 237 58 231 363 182 240 156 216 249 290 247 351 214 76 164 241 207 86 85 92 352
428:0 213 59 445 451 15 91 104 409 203 263 374 411 264 218 416 447 237 63 58 231 363 182 240 156 216 249 290 247 351 214 76 70 164 241 207 87 86 85 92 352
429:0 332 213 347 445 451 399 104 138 373 203 412 263 148 218 416 237 63 363 371 182 244 94 240 156 216 290 247 351 285 214 289 164 241 207 269 168 87 86 85 259 92 433 261
430:0 332 213 347 445 399 432 104 138 373 203 263 19 218 416 237 63 363 371 365 182 244 94 240 156 216 355 290 247 214 289 211 164 241 207 269 168 86 259 92
431:0 332 213 445 15 91 104 138 203 263 148 218 237 231 363 371 182 244 240 156 216 290 247 421 351 214 289 164 241 207 269 168 87 85 259 92 369 352
432:0 332 213 445 15 91 104 138 203 263 148 218 416 237 63 231 363 371 182 244 240 156 216 46 290 247 421 351 214 289 164 241 207 269 168 87 85 259 92 369 352
433:0 213 347 445 451 104 138 203 263 148 218 447 237 113 363 182 244 94 240 278 115 156 216 219 290 247 351 285 214 289 164 241 207 269 86 259 92 433
434:0 213 445 15 399 432 91 104 203 153 263 126 53 218 237 231 363 371 182 240 156 216 46 249 290 247 421 214 188 289 164 241 207 269 168 259 92
435:0 213 445 15 399 432 91 104 203 153 263 126 53 218 416 237 63 231 363 371 398 182 240 156 216 46 249 290 247 421 214 188 289 70 164 241 207 269 168 259 92
436:0 347 451 104 138 89 203 263 148 430 218 447 360 237 113 363 371 182 244 94 240 278 115 156 216 397 157 317 219 201 290 247 285 214 76 446 164 241 207 92 433
437:0 347 451 104 138 89 203 153 263 148 430 218 416 447 360 237 63 113 363 371 182 244 94 240 278 115 156 216 397 157 249 317 219 201 290 247 285 214 76 446 70 164 241 207 92 433
438:0 213 280 347 445 91 104 203 153 263 218 237 363 182 244 156 216 397 157 317 201 290 214 446 164 241 207 168 92
439:0 213 280 347 445 451 104 409 138 203 263 148 374 264 218 447 237 113 363 182 244 94 240 278 115 156 216 219 290 247 351 285 214 289 76 164 241 207 269 168 87 86 85 259 92 433
440:0 213 445 104 409 138 203 263 126 53 148 374 218 447 258 237 113 363 182 244 94 240 278 156 216 219 290 247 351 214 76 164 241 207 86 92 352
441:0 332 213 445 432 104 203 263 19 218 237 363 365 182 240 156 216 355 290 214 211 164 241 207 269 168 259 92 369
442:0 213 347 445 399 104 138 373 203 263 148 218 416 237 63 363 182 244 94 240 156 216 317 290 247 351 318 214 289 164 241 207 269 168 259 92 352 261
443:0 332 213 445 15 91 104 337 406 89 203 263 126 53 218 237 363 182 240 156 216 46 431 157 249 317 201 290 421 214 446 444 70 164 241 207 92
444:0 332 213 445 15 91 104 337 406 89 203 263 126 53 218 237 231 363 182 240 156 216 46 431 157 249 317 201 290 421 214 446 444 70 164 241 207 92
445:0 332 213 280 445 15 91 104 337 406 89 203 263 206 126 53 374 218 416 237 63 231 363 398 182 240 156 216 46 431 157 249 317 201 290 421 214 446 444 70 164 241 57 207 14 92 250
446:0 213 59 280 445 104 89 203 263 126 53 374 264 218 237 58 363 182 94 240 278 156 216 431 157 249 317 201 290 247 351 214 76 70 164 241 57 207 87 85 92 352 250
447:0 213 280 339 445 91 104 409 89 203 263 374 411 264 218 237 231 363 371 398 182 240 156 216 46 157 249 317 290 421 214 70 164 241 207 14 92
448:0 213 280 339 347 445 399 91 104 406 409 89 203 263 430 374 411 264 218 416 237 63 231 363 371 398 182 94 240 156 216 46 431 157 249 317 290 247 421 214 444 70 164 241 207 14 92 352
449:0 213 445 104 89 203 263 218 237 231 363 182 156 216 46 157 249 317 201 290 214 446 70 164 241 207 92 352
450:0 213 445 104 89 203 263 218 416 237 63 231 363 182 156 216 46 157 249 317 201 290 214 446 444 70 164 241 207 92 352
451:0 332 213 280 445 15 399 91 104 203 263 206 148 374 218 237 231 363 371 398 182 240 156 216 249 317 290 247 214 188 70 164 241 207 14 269 168 259 92 404
452:0 332 213 280 445 15 399 91 104 89 203 263 206 148 374 218 416 237 63 231 363 371 398 182 240 156 216 46 431 157 249 317 290 247 214 188 70 164 241 207 14 269 168 259 92 404
453:0 213 280 339 445 399 91 104 89 373 203 263 374 411 264 218 237 363 371 398 182 240 156 216 431 157 249 317 290 247 214 188 289 70 164 241 207 269 168 259 92 404
454:0 213 280 339 445 15 399 91 104 89 373 203 263 374 411 264 218 416 237 63 363 371 398 182 240 156 216 431 157 249 317 290 247 214 188 289 444 70 164 241 207 14 269 168 259 92 404
455:0 213 331 445 15 104 203 412 263 148 374 218 202 416 447 237 63 363 371 182 156 216 290 214 188 76 164 241 207 14 168 92
456:0 213 59 362 445 432 104 203 263 148 218 258 237 58 363 371 182 244 240 156 216 219 290 318 214 164 57 207 92 369 352 127 250
457:0 213 59 362 445 432 104 203 263 148 218 416 258 237 63 58 363 371 182 244 240 156 216 219 290 318 214 164 57 207 92 369 352 127 250
458:0 332 213 59 445 104 89 203 263 218 258 237 58 363 182 240 156 216 290 214 164 57 207 92 352 127 250
459:0 213 419 59 331 445 104 203 412 263 148 218 202 447 258 237 58 231 113 363 182 240 156 216 219 290 247 214 76 164 207 14 92 352
460:0 213 419 59 280 331 445 104 89 203 412 263 148 374 411 264 218 202 416 447 258 237 63 58 231 113 363 182 240 156 216 431 157 249 317 219 290 247 214 76 70 164 207 14 92 352
461:0 332 213 419 59 280 347 445 15 399 91 104 138 373 203 263 206 374 411 264 218 416 258 237 63 58 231 363 371 398 182 244 240 156 216 249 290 247 421 214 289 70 164 241 57 207 14 269 168 259 92 250 404
462:0 451 104 203 153 263 148 430 218 416 360 237 63 113 363 182 244 240 278 115 156 216 290 351 214 164 241 207 87 86 85 92
463:0 213 59 280 445 15 91 104 138 89 203 153 263 126 53 374 411 264 218 416 360 237 63 58 231 363 182 244 240 156 216 431 157 249 317 201 290 247 351 214 76 70 164 241 57 207 14 168 87 85 92 352 250
464:0 213 419 59 280 445 15 91 104 406 89 203 263 126 53 430 374 411 264 218 416 237 63 58 231 363 371 398 182 240 156 216 46 431 397 157 249 317 201 290 421 351 214 446 444 70 164 241 57 207 14 168 87 85 92 250
465:0 332 213 280 331 445 15 104 89 203 412 263 148 374 411 218 202 416 447 237 63 363 371 398 182 244 115 156 216 157 249 317 290 351 214 188 76 70 164 241 207 14 168 92
466:0 213 280 445 451 91 104 89 203 263 53 148 374 411 264 218 416 237 63 231 113 363 182 94 240 156 216 431 157 249 317 290 351 214 70 164 207 269 168 87 86 85 259 92
467:0 213 280 445 104 89 203 263 126 53 374 411 264 218 416 237 63 231 363 315 182 94 156 216 431 157 249 317 290 214 76 70 164 241 207 269 168 85 259 92 261
468:0 332 213 280 445 432 104 409 138 203 263 126 53 148 374 19 264 218 416 447 237 63 113 363 365 182 244 94 240 115 156 216 249 355 219 290 247 351 318 214 76 211 164 241 207 86 92 352
469:0 332 213 445 432 104 138 203 263 148 218 202 416 237 63 363 182 244 94 156 216 355 290 247 318 214 76 211 164 241 207 168 92 369
470:0 332 213 331 445 91 104 203 412 263 148 218 202 416 447 237 63 231 363 182 240 156 216 46 249 290 247 214 76 70 164 241 207 14 92 404
471:0 213 419 59 445 91 104 203 263 218 416 258 237 63 58 231 363 182 240 156 216 46 249 290 247 214 70 164 241 207 92 352
472:0 332 213 280 445 15 399 432 91 104 89 203 263 206 374 218 416 237 63 231 363 371 398 182 240 156 216 397 157 249 317 355 201 290 214 188 446 211 444 70 164 241 207 14 269 168 259 92 369 404
473:0 213 419 59 445 91 104 89 203 263 218 416 258 237 63 58 113 363 182 240 115 156 216 46 431 157 249 317 201 290 214 446 444 70 164 207 92
474:0 332 59 451 399 104 138 373 203 263 148 218 416 237 63 58 231 363 182 244 94 240 278 156 216 290 247 351 214 76 164 241 207 168 87 86 85 92 433
475:0 332 213 280 339 347 445 451 15 104 409 138 89 203 263 206 148 374 411 264 218 416 447 237 63 113 363 398 182 244 94 240 278 115 156 216 157 249 317 219 290 247 351 285 214 289 444 70 164 241 207 14 269 168 86 85 259 92 433 404
476:0 213 445 104 89 203 153 263 430 218 416 237 63 363 182 156 216 397 157 249 317 201 290 351 214 446 444 70 164 241 207 269 87 86 85 259 92
477:0 213 59 280 347 445 451 399 104 138 89 373 203 263 148 374 411 264 218 416 237 63 58 363 371 182 244 94 240 156 216 157 249 317 290 247 285 214 289 70 164 241 207 269 168 259 92 433 261
478:0 213 419 59 445 104 138 373 203 263 148 374 218 416 258 237 63 58 113 363 371 182 244 94 240 156 216 219 290 247 351 214 289 164 207 269 87 86 85 259 92 352
479:0 451 399 104 138 203 263 148 218 237 113 363 182 244 240 115 156 216 290 247 351 214 289 164 241 207 168 87 86 85 92 261
479:1 451 399 104 138 203 263 148 218 237 113 363 182 244 240 115 156 216 290 247 351 214 289 164 241 207 168 87 86 85 92 261
479:2 451 399 104 138 203 263 148 218 237 113 363 182 244 240 115 156 216 290 247 351 214 289 164 241 207 168 87 86 85 92 261
479:3 451 399 104 138 203 263 148 218 237 113 363 182 244 240 115 156 216 290 247 351 214 289 164 241 207 168 87 86 85 92 261
479:4 451 399 104 138 203 263 148 218 237 113 363 182 244 240 115 156 216 290 247 351 214 289 164 241 207 168 87 86 85 92 261
479:5 451 399 104 138 203 263 148 218 237 113 363 182 244 240 115 156 216 290 247 351 214 289 164 241 207 168 87 86 85 92 261
480:0 347 451 104 138 203 412 263 148 374 218 202 416 447 237 63 231 113 363 182 244 94 240 278 115 156 216 219 201 290 247 351 285 214 76 446 164 241 207 87 86 85 92 433 369 352
481:0 59 347 451 104 138 203 412 263 148 374 218 416 447 237 63 58 231 113 363 182 244 94 240 278 115 156 216 219 201 290 247 351 285 214 446 164 241 207 87 86 85 92 433 369 352
482:0 347 451 104 138 203 412 153 263 126 53 148 374 218 416 447 237 63 231 113 363 371 182 244 94 240 278 115 156 216 219 201 290 247 351 285 214 446 164 241 207 269 87 86 85 259 92 433 369 352
483:0 332 59 280 339 15 104 337 406 89 203 263 126 53 148 430 218 416 237 63 58 231 363 315 182 244 240 156 216 46 157 249 317 219 201 290 421 351 214 446 444 70 164 241 207 87 86 85 92 433
484:0 332 419 59 280 362 339 15 104 337 406 89 203 263 126 53 374 411 264 218 416 258 237 63 58 363 182 244 240 156 216 46 157 249 317 219 201 290 421 351 214 444 70 164 241 57 207 87 86 85 92 433 352 250
485:0 213 445 399 91 104 406 89 203 153 263 126 53 430 218 416 237 63 363 315 371 182 156 216 46 431 157 249 317 290 214 76 446 444 70 164 241 207 269 259 92 261
486:0 332 419 280 104 409 89 203 263 374 411 264 218 416 237 63 363 244 240 216 431 397 157 249 317 219 290 351 214 444 70 164 241 207 87 86 85 92
487:0 332 347 451 15 399 432 104 337 406 138 89 203 412 263 19 218 416 237 63 231 363 371 182 244 94 240 156 216 46 431 249 219 290 247 421 351 318 214 211 444 70 164 241 207 87 86 85 92 261
487:1 332 347 451 15 399 432 104 337 406 138 89 203 412 263 19 218 416 237 63 231 363 371 182 244 94 240 156 216 46 431 249 219 290 247 421 351 318 214 211 444 70 164 241 207 87 86 85 92 261
488:0 213 347 445 451 104 138 203 412 263 148 218 416 447 237 63 58 113 363 182 244 94 240 278 115 156 216 219 290 247 285 214 76 164 241 207 86 92 433
489:0 59 362 104 203 263 374 218 447 258 237 58 363 182 244 240 156 216 219 290 214 164 57 207 92 369 352 127 250
490:0 59 362 347 104 203 412 263 148 374 218 416 447 258 237 63 58 113 363 182 244 94 240 115 156 216 219 290 247 285 214 164 57 207 92 369 352 127 250
491:0 332 59 280 347 451 15 399 104 409 138 373 203 263 148 374 411 264 218 416 237 63 58 363 371 398 182 244 94 240 156 216 431 157 249 317 290 247 421 351 214 188 289 70 164 241 207 14 269 168 87 86 85 259 92 261 404
492:0 331 104 203 412 263 148 218 202 416 447 237 63 363 182 244 94 156 216 219 290 214 76 164 241 207 14 92
492:1 331 104 203 412 263 148 218 202 416 447 237 63 363 182 244 94 156 216 219 290 214 76 164 241 207 14 92
493:0 332 419 59 280 362 331 347 451 15 399 432 104 337 406 138 89 203 412 263 126 53 148 430 19 411 218 202 416 447 258 237 63 58 231 113 363 315 371 398 182 244 94 240 278 115 156 216 46 431 157 249 317 219 201 290 247 421 351 318 214 188 76 446 444 70 164 241 57 207 14 87 86 85 92 433 352 127 250 261 404
