1:0 374 393 461 411 343 175 210 261 152
2:0 374 393 461 411 343 175 210 261 152
3:0 374 273 393 461 36 411 343 175 210 261 149 152
4:0 374 408 426 175 261 181 131 152
5:0 374 408 426 175 261 181 131 152
6:0 272 374 408 426 273 175 261 415 8 181 131 439 33 152
7:0 374 90 175 261 467 332 197 200 14 203
8:0 374 90 175 261 467 332 197 200 14 203
9:0 374 188 273 90 175 261 467 332 197 200 14 355 203
10:0 374 393 47
11:0 393 47 203
12:0 272 374 408 393 415 8 47 439 355
13:0 393 47
14:0 393 47 203
15:0 272 374 408 393 210 415 8 115 47 152
16:0 272 374 408 261 415 8 181 439 441
17:0 272 374 408 261 415 8 181 439 441
18:0 272 374 408 361 261 415 8 181 439 441
19:0 374 408 175 261 398 211 467 400 200 115
20:0 374 408 175 261 398 211 467 400 200 115
21:0 272 374 408 261 415 8 181 439
22:0 272 374 408 361 261 415 8 181 439
23:0 374 155 343 175 384 14 167
24:0 374 155 343 175 384 14 167
25:0 374 408 426 175 210 261 332 231 182 355
26:0 374 408 426 175 210 261 332 231 182 355
27:0 374 408 175 210 261 109 332 400 152
28:0 374 408 175 210 261 109 332 400 152
29:0 374 175 261 400
30:0 374 175 261 400 182
31:0 374 426 273 175 261 109 400 197 401 131 182 200 14 441
32:0 374 175 261 398 400 182
33:0 374 175 261 398 400 182
34:0 374 426 273 175 261 398 109 400 197 401 131 182 200 14 441
35:0 261 374 41 115 227 197 161 200 426 131 355 467 210 211 175 434 176 182 330 332
36:0 261 374 41 115 227 197 161 200 426 131 355 467 210 211 175 434 176 182 330 332
37:0 272 374 408 275 175 227 330 467 384 181
38:0 272 374 408 275 175 227 330 467 384 181
39:0 261 374 41 115 227 197 161 200 275 426 131 210 211 175 176 330 182 332
40:0 261 374 41 115 227 197 161 200 275 426 131 355 210 211 175 176 330 182 332
41:0 272 374 408 415 8 467 400 181 439 441
42:0 272 374 408 415 8 467 400 181 439 441
43:0 374 155 461 411 343
44:0 374 155 461 411 343
45:0 374 155 461 411 343
46:0 374 393 461 411 343 210 47 152
47:0 374 393 461 411 343 210 47 152
48:0 374 408 393 467 47 355
49:0 272 374 408 393 415 8 467 47 439 355
50:0 374 261 398 109
51:0 374 261 398 109
52:0 374 408 343 175 210 261 211 384 200 167
53:0 374 408 343 175 210 261 211 384 200 167 441
54:0 374 408 461 90 175 261 227 330 467 197 200 14 355
55:0 374 408 222 461 90 175 261 227 330 467 197 200 14 355 152
56:0 442 408 426 273 222 343 175 261 227 330 197 384 131 182 115 167 441
57:0 442 408 426 273 222 343 175 261 227 330 197 384 131 182 115 167 441
58:0 374 408 175 261 181 182
59:0 374 408 204 175 261 181 182
60:0 374 90 175 200
61:0 374 90 175 261 197 200
62:0 442 374 90 175 261 197 182 200
63:0 374 426 175 210 227 330 467 161 434 197 131 355
64:0 374 426 175 210 227 330 467 161 434 197 131 355
65:0 374 426 175 210 227 330 467 161 434 197 131 355
66:0 442 374 426 222 175 210 261 227 330 197 401 131 182
67:0 442 374 426 222 175 210 261 227 330 197 401 131 182
68:0 442 374 426 222 175 210 261 227 330 197 401 131 182
69:0 374 155 461 411 343 210 398
70:0 374 155 461 411 343 210 398
71:0 374 155 461 411 343 210 398
72:0 374 90 210 227 330 200
73:0 374 90 210 227 330 200
74:0 374 426 36 175 261 398 109 332 401 11 131
75:0 374 426 36 175 261 398 109 332 401 11 131
76:0 374 204 426 36 175 261 398 109 332 401 11 131 152
77:0 374 408 175 41 181
78:0 374 408 175 41 181
79:0 374 408 36 90 175 261 227 330 467 434 197 14 355
80:0 374 408 36 90 175 261 227 330 467 434 197 200 14 355 152 203
81:0 374 408 227 330 161 332 231 355 203
82:0 374 408 227 330 161 332 231 355 203
83:0 272 374 408 175 210 261 211 8 181 439 152 441
84:0 374 408 210 261 8 115 441
85:0 374 408 361 210 261 8 115 441
86:0 374 90 175 200 14 355
87:0 374 90 175 200 14 355
88:0 374 426 275 261 197 131 167
89:0 374 426 36 275 261 197 131 167
90:0 374 408 90 200 203
91:0 374 408 90 200 355 203
92:0 272 374 426 275 210 398 434 197 384 131 200 441
93:0 272 374 426 275 210 398 434 197 384 131 200 441
94:0 272 374 426 275 175 210 227 398 330 434 197 384 131 200 441
95:0 374 204 36 175 261 109 332 11 439
96:0 426 222 175 227 330 467 434 197 131 355
97:0 426 222 175 227 330 467 434 197 131 355
98:0 374 90 210 261 401 11 200 152 203
99:0 374 90 210 261 401 11 200 152 203
100:0 374 408 175 227 398 330 332 231 355
101:0 374 408 175 227 398 330 332 231 355
102:0 374 461 411 343 161 332 11
103:0 374 222 461 411 343 175 467 161 332 11
104:0 374 426 222 175 210 261 109 131 200 115 152 441 203
105:0 374 426 273 222 175 210 261 109 131 200 115 152 441 203
106:0 442 374 408 222 175 210 261 227 398 41 330 401 182
107:0 442 374 408 426 222 175 261 227 330 197 131 182
108:0 374 426 175 261 467 332 197 131 200 14
109:0 374 275 332 384 441
110:0 374 275 261 384 441
111:0 374 175 261 109 332 384 401 11 200 115 14 441
112:0 374 426 36 175 261 109 332 197 384 401 11 131 115 200 14 152 441
113:0 374 426 175 261 176 211 467 161 332 197 131 182 200 115
114:0 374 461 411 343 275 175 210 11
115:0 374 426 273 222 175 210 261 197 384 131 182 200 115 14 152 441
116:0 374 408 273 90 175 41 200 439 355
117:0 374 408 273 90 175 41 200 439 355
118:0 374 408 90 210 261 41 200 14 152
119:0 374 408 90 210 261 41 200 14 152
120:0 374 408 275 90 227 330 161 332 200 439 355
121:0 374 408 275 90 227 330 161 434 332 200 439 355
122:0 374 426 175 261 227 330 467 434 197 131 182 355 203
123:0 272 374 408 175 210 415 47 152
124:0 374 175 261 227 176 330 467 434 197 182 200 355
125:0 374 408 426 222 175 261 197 231 131 182 355
126:0 374 426 222 175 261 181 131 182
127:0 374 393 175 210 401 152 203
128:0 374 204 273 175 227 467 384 182 200 115
129:0 41
130:0 374 204 273 90 175 41 384 200 14 439 441
131:0 374 204 273 36 90 175 176 467 11 200 14 355
133:0 374 408 175 261 176 211
134:0 374 408 90 175 261 176 211 182 200 14 355
135:0 374 408 175 261 176 211 231 182 355
136:0 374 408 175 261 176 211 401 181 182
137:0 374 408 275 227 211 330 467 161 434 200 355
138:0 374 90 175 210 109 332 11 200 203
139:0 374 90 175 210 261 109 11 200 203
140:0 374 175 210 261 109 332 11 200 203
141:0 374 222 90 175 210 261 109 332 401 11 200 14 152 203
142:0 272 204 361 175 109 415 11 181 14 439
143:0 374 204 426 273 36 343 175 261 211 467 332 197 401 131 200 167
144:0 272 374 408 361 261 415 8 11 200 439 355
145:0 272 374 408 361 261 415 8 11 181 439 355
146:0 272 374 408 361 261 415 8 11 181 439
147:0 374 408 273 175 98 200 14 439
148:0 374 408 273 175 98 200 14 439
149:0 408 261 374 152 415 8 197 272 273 14 200 90 204 426 131 98 175 401 439 181
150:0 374 408 426 222 175 261 227 330 467 161 434 197 131 200 14 355
151:0 203 204 272 273 408 275 8 343 411 210 211 11 415 14 152 355 222 155 90 426 227 361 161 231 434 167 36 439 374 441 442 41 175 176 109 47 181 115 182 384 393 461 261 330 197 398 131 332 467 400 200 401
152:0 374 461 411 343 175 261 227 330 11 152
153:0 374 461 411 343 175 261 227 330 11 152
154:0 374 273 461 411 343 175 261 227 330 11 149 152
155:0 374 175 261 332 181
156:0 374 175 261 332 181 152
157:0 374 408 426 222 175 261 332 181 131 33 152
158:0 374 222 90 175 261 197 384 11 200 14 441
159:0 374 222 90 175 261 197 384 401 11 200 14 152 441
160:0 374 188 273 222 90 175 261 197 384 401 11 200 14 152 441
161:0 374 408 426 175 210 261 398 211 332 400 197 131 182 14 152 441
162:0 374 408 426 175 210 261 398 211 332 400 197 131 182 14 152 441
163:0 272 408 261 227 415 330 8 467 181 439
164:0 272 408 361 261 227 415 330 8 467 181 439 441
165:0 272 374 408 426 393 175 210 415 8 332 197 47 441
166:0 272 374 408 426 393 175 210 261 415 8 197 47 441
167:0 393 398 41 47 355
168:0 393 398 41 47 355
169:0 272 374 408 361 415 8 467 400 181 439 441
170:0 374 90 176 398 41 200 355
171:0 374 90 176 398 41 200 14 355
172:0 374 408 175 261 332 231 182 355 441
173:0 374 175 261 227 211 330 467 161 434 332 182 200 115 355 441
174:0 374 275 175 261 227 176 211 41 330 161 332 182 200 115 441
175:0 374 408 175 261 227 176 211 330 467 434 332 115 355 441
176:0 408 261 374 115 227 415 8 11 272 355 467 211 175 434 176 181 330 332
177:0 272 374 408 275 227 398 415 330 8 467 434 181 439 355
178:0 272 374 408 275 361 227 398 415 330 8 467 434 181 439 355
179:0 374 408 175 176 231 355
180:0 374 408 426 175 176 231 131 355
181:0 374 408 426 273 175 176 231 131 355
182:0 374 155 461 411 343 441
183:0 374 408 90 175 210 261 332 197 401 182 200 14
184:0 374 408 90 175 210 261 332 197 401 182 200 14
185:0 374 426 222 36 175 261 227 398 109 330 332 197 131 182
186:0 374 90 175 261 41 182 200
187:0 374 461 411 343 175 41 182
188:0 374 461 411 343 175 41 182
189:0 374 461 411 343 175 41 182
190:0 222 408 261 374 41 152 227 343 197 384 426 167 131 210 211 175 330 441
191:0 374 461 411 343 182 115 441
192:0 374 461 411 343 109 182 115 441
193:0 272 374 408 393 175 415 8 11 47 355
194:0 374 90 175 261 109 332 197 11 200 14
195:0 374 90 175 261 109 332 197 11 200 14
196:0 374 408 175 261 227 176 211 330 467 434 182 355
197:0 374 408 175 261 176 398 211 384 182
198:0 272 408 261 398 415 8 384 181 200 439 441
199:0 374 408 36 90 175 261 227 330 467 434 197 200 14 355 152 203
200:0 272 374 408 275 175 227 176 398 330 434 384 200 441
203:0 374 408 175 261 227 398 330 467 161 434 355 441
204:0 374 393 275 175 161 332 47 203
205:0 374 393 36 275 175 161 332 231 47 355 203
206:0 374 275 175 261 227 211 330 467 332 384 11 115 14
207:0 374 408 175 109 415 14 152
208:0 374 204 36 175 261 109 332 231 11 14 439
209:0 374 426 222 175 261 176 211 400 197 401 131
210:0 374 426 222 175 261 176 211 400 197 401 131
211:0 374 408 275 90 175 261 41 200 14 355
212:0 272 374 408 204 175 210 415 401 47 152 203
213:0 374 155 393 175 109 11 182 47
214:0 442 374 222 175 210 182 47 152 203
215:0 374 408 222 175 210 261 197 384 152
216:0 374 408 426 343 175 261 211 332 197 401 131 167 152
217:0 374 408 426 222 343 175 261 211 332 197 401 131 167 152 441
218:0 374 275 261 109 332 11 181 203
219:0 374 275 261 109 332 11 181 203
220:0 374 175 261 109 401 11 115
221:0 374 175 261 109 401 11 200 115
222:0 374 175 261 227 398 109 330 332 11 200 115
223:0 374 408 393 343 90 261 41 200 167 355
224:0 374 408 393 343 90 261 41 200 167 355
225:0 408 343 361 175 261 41 332 200 167 355
226:0 374 408 204 393 343 90 175 261 41 415 8 182 200 14 167 355
227:0 272 374 408 361 261 415 8 200 439 152 203
228:0 374 408 175 261 227 398 330 400 384 181 441
229:0 374 408 175 261 227 398 330 400 384 181 441
230:0 374 408 204 273 90 175 41 98 200 439 355
231:0 374 343 175 210 261 211 109 332 401 11 167
232:0 374 36 343 175 210 261 109 332 401 11 167 203
233:0 374 408 275 227 211 330 467 161 434 200 355
234:0 374 408 175 261 227 398 211 41 330 467 161 384 355 441
236:0 442 374 408 222 175 261 227 330 182 441
237:0 442 374 408 222 175 261 227 398 330 332 182 115 439
238:0 374 261 227 176 330 467 434 197 182 200 355 441
239:0 374 408 426 222 175 261 197 231 131 182 355 441
240:0 374 426 175 261 181 131 182 441
241:0 374 204 426 36 175 261 176 467 332 197 131 182 200
242:0 374 426 36 175 261 176 211 467 161 332 197 131 182 200 115
243:0 374 408 204 175 261 231 355
244:0 374 408 204 175 261 181
245:0 272 374 408 204 90 175 261 415 200 355
246:0 374 204 175 109 384 401 11 441
247:0 374 204 175 109 384 401 11 441 203
248:0 374 204 222 273 426 36 175 261 109 197 384 401 11 131 14 152 441
249:0 408 261 374 415 8 11 272 14 200 90 204 355 467 175 434 361 439 109
250:0 272 374 408 204 361 261 109 415 8 467 11 181 439 355
251:0 408 261 374 411 227 343 11 461 355 467 211 434 176 398 330 182 441 109
252:0 374 408 426 222 461 411 343 175 261 115 152
253:0 374 408 426 222 461 411 343 175 261 115 152
254:0 374 408 426 273 222 461 411 343 175 261 149 115 152
255:0 374 408 175 261 211 41 181 182
256:0 442 374 408 426 222 175 261 211 41 181 131 182 152
257:0 222 408 261 374 41 152 227 426 131 210 211 175 401 181 33 330 182 442
258:0 374 222 90 175 261 332 401 11 200 115 14
259:0 374 222 90 175 261 109 332 197 401 11 200 115 14
260:0 374 188 273 222 90 175 261 109 332 197 401 11 200 115 14
261:0 374 175 261 398 400 384 441
262:0 374 175 261 398 400 384 441
263:0 374 408 343 175 261 211 434 332 400 182 200 167 152
264:0 374 408 343 175 261 211 434 332 400 182 200 167 152
265:0 374 393 47
266:0 393 47 203
267:0 272 374 408 393 415 8 47 439 355
268:0 393 47 203
269:0 272 374 408 393 415 8 47 439 355
270:0 374 411 343 175 467 200 441
271:0 374 426 411 343 90 175 261 467 197 131 200 441
272:0 374 426 411 343 90 175 261 467 197 131 200 441
273:0 374 461 411 343 175 332 384
274:0 374 408 222 461 411 343 175 261 332 384 152
275:0 222 408 261 374 411 41 152 415 8 343 272 384 200 461 210 175 398 439 332
276:0 272 374 408 261 415 8 181 115 439
277:0 272 374 408 361 261 415 8 181 115 439
278:0 272 374 408 210 261 415 8 200 439 441
279:0 272 374 408 343 361 210 261 415 8 200 167 439 441
280:0 374 408 426 275 175 261 227 330 467 434 197 131 182 200 355
281:0 374 408 426 275 175 261 227 330 467 434 197 131 182 200 355
282:0 374 408 426 275 175 261 227 176 330 467 434 197 131 182 200 355
283:0 374 408 393 261 200 47 355
284:0 272 374 408 393 261 415 8 200 47 439 355
285:0 374 461 411 343 175 182
286:0 442 374 426 461 411 343 175 261 401 182 152
287:0 374 426 175 261 398 197 131 200 167 152
288:0 426 222 175 261 398 197 131 200 167 152 441
289:0 374 426 222 36 175 261 398 197 131 200 167 152
290:0 374 393 261 384 47 152
291:0 272 374 408 393 261 8 384 47 152 441
292:0 374 393 261 398 434 384 47 152
293:0 374 426 175 261 467 332 197 131 200 441
294:0 374 426 222 175 261 467 332 197 131 200 441
295:0 374 426 273 222 175 261 467 332 197 131 200 441
296:0 442 374 426 222 175 210 261 227 330 197 401 131 182
297:0 442 374 204 426 222 175 210 261 227 330 197 401 131 182
298:0 374 408 175 210 182 200 441
299:0 374 426 36 275 175 261 227 109 330 161 332 197 231 11 131 203
300:0 374 408 175 261 176 398 211 467 332 182 200
301:0 374 408 175 261 176 398 211 467 332 182 200
302:0 222 261 374 152 227 197 272 161 384 200 275 426 131 355 467 210 434 175 398 330
303:0 374 204 426 275 175 210 261 398 400 197 231 11 200 203
304:0 374 204 175 261 109 332 231 384 401 11 115 152 441 203
305:0 374 204 175 261 109 332 231 384 401 11 115 152 441 203
306:0 222 261 374 115 152 231 11 197 273 384 14 200 203 204 426 131 175 401 441 109 332 36
307:0 408 374 442 222 426 275 175 261 227 330 161 467 434 197 131 182 355
308:0 408 374 442 222 426 275 175 261 227 330 161 467 434 197 131 182 355
309:0 374 408 175 261 231 355
310:0 374 408 175 261 231 355
311:0 374 408 426 175 261 211 332 231 182 355 441
312:0 374 408 426 175 261 211 332 231 182 355 441
313:0 272 374 408 426 393 261 415 8 467 197 182 47 355
314:0 272 374 408 426 393 261 415 8 467 197 182 47
315:0 374 408 461 411 343 261 152
316:0 374 426 155 343 275 175 261 332 197 131 167
317:0 374 426 155 36 343 275 175 261 332 197 131 167
318:0 374 408 90 261 41 467 400 384 11 200 152 441
319:0 374 408 90 261 41 467 400 384 11 200 152 441
320:0 374 90 175 41 332 200
321:0 374 204 36 90 175 41 332 200
322:0 374 175 261 109 332 181
323:0 374 204 175 261 109 332 181
324:0 374 175 261 109 332 181 203
325:0 374 408 175 227 176 41 330 467 434 200 355
326:0 374 408 426 175 261 227 176 41 330 467 434 197 131 200 355
327:0 374 408 426 222 175 261 227 398 211 330 467 332 197 131 182 200 441
328:0 374 175 261 109 47 152
329:0 272 374 408 273 175 261 109 415 8 181 98 47 439 152
330:0 272 374 408 426 273 175 261 109 415 8 181 131 98 47 439 152
331:0 374 426 222 461 411 343 175 261 227 398 330 384 152
332:0 374 426 222 461 411 343 175 261 227 398 330 384 401 152
333:0 272 374 408 273 261 176 415 8 181 439
334:0 272 374 408 273 361 261 176 415 8 181 98 439
335:0 374 408 426 222 175 210 261 211 332 197 131 200 115 152
336:0 374 408 175 210 261 398 14 152
337:0 374 408 204 275 227 109 330 467 161 332 11 182 355
338:0 374 408 204 275 227 109 330 467 161 332 11 182 355
339:0 374 90 175 261 41 109 200 14
340:0 374 90 175 261 41 109 467 200 14
341:0 374 210 261 384 401 11 200 115 152 203
342:0 374 408 90 210 261 384 401 11 200 115 152 203
343:0 374 175 261 227 109 330 467 161 434 11 355
344:0 374 175 261 227 109 330 467 161 434 11 355
345:0 374 155 393 461 411 343 275 175 261 109
346:0 374 155 393 461 36 411 343 275 175 261 109 11
347:0 374 393 175 210 261 109 11 152 203
348:0 374 222 393 36 175 210 261 109 401 11 14 152 203
349:0 374 408 90 200
350:0 374 408 204 90 261 227 330 200 14 439
351:0 272 374 408 211 415 200
352:0 222 408 261 374 152 227 11 197 14 200 426 131 210 211 175 434 398 330 332
353:0 272 275 175 210 227 398 330 434 384 200
354:0 272 275 175 210 261 227 398 330 434 384 200
355:0 272 374 275 175 161 384 200
356:0 272 374 426 275 175 261 398 161 434 197 384 131 200
357:0 272 374 273 461 411 175 261 415 8 439 152
358:0 374 210 227 176 211 330 467 161 434 332 182 200 355 441
359:0 374 408 175 210 261 227 398 41 330 467 384 401 200 152
361:0 374 36 175 332 384 200
362:0 374 204 36 175 332 400 384 200 355
363:0 374 90 175 261 332 400 200 14 355
364:0 374 90 175 261 332 400 200 14 355
365:0 374 204 36 90 175 261 332 400 200 14 355 152
366:0 374 90 200 203
367:0 374 408 90 261 398 41 400 200 14
368:0 374 408 90 261 41 200 14 355
369:0 374 90 175 261 41 109 11 200 14
370:0 374 408 90 41 200
371:0 374 273 175 261 467 98 439 152
372:0 374 273 175 261 467 332 98 439 152 203
373:0 272 374 408 273 175 261 415 8 467 332 181 98 14 439 152
374:0 204 175 467 203
375:0 374 408 204 426 175 261 467 161 434 332 197 231 200 355 152 203
376:0 408 374 204 426 36 175 261 161 467 434 332 231 197 200 355 152 203
377:0 374 204 426 36 175 261 109 161 332 197 401 11 131
378:0 374 204 426 36 175 261 161 332 197 401 11 200 355
379:0 374 204 426 36 175 261 161 332 197 401 11 203
380:0 408 374 273 90 261 227 415 211 398 330 467 434 182 200 98 439 152
381:0 374 408 273 90 261 227 211 415 467 434 182 98 200 439 152
382:0 374 408 204 36 90 175 261 11 200 14 355 441
383:0 374 408 204 426 36 175 261 109 332 11 131 152 441
384:0 374 408 204 273 90 175 261 109 415 11 98 200 14 439 152 441
385:0 408 261 374 227 197 161 200 203 204 426 131 355 467 211 175 434 182 441 330
386:0 374 408 426 222 175 210 261 227 330 467 161 434 197 131 200 355
387:0 374 461 411 343 175 261 109
388:0 374 461 411 343 175 261 109
389:0 374 204 273 461 36 411 343 175 261 109 401 149
390:0 442 374 408 426 222 175 261 227 330 332 181 131 182 115 441
391:0 442 374 408 426 222 175 261 227 330 332 181 131 182 115
392:0 442 374 408 426 222 175 261 227 330 332 181 131 182 115 167 33
393:0 374 90 175 261 200 355
394:0 374 90 175 261 200 355
395:0 374 188 90 175 210 261 200 355 152 203
396:0 272 374 408 261 415 8 181 115 439
397:0 272 374 408 261 415 8 181 115 439
398:0 272 374 408 361 261 415 8 181 115 439
399:0 374 408 175 261 211 332 400 401 200 14 152
400:0 374 408 90 175 261 211 332 400 401 200 14 152
401:0 374 393 261 115 47 441
402:0 374 393 210 261 115 47 152 441
403:0 374 408 175 261 231 355 152
404:0 374 408 175 261 231 355 152
405:0 374 408 175 261 231 401 355 152
406:0 374 408 461 411 343 261 441
407:0 374 408 461 411 343 261 152 441
408:0 374 204 426 175 261 109 467 384 401 11 131 115 441
409:0 374 204 426 273 275 175 261 109 467 384 401 11 131 115 441
410:0 374 204 175 261 109 231 11 203
411:0 374 204 273 36 175 261 227 109 330 231 11 203
412:0 374 393 47
413:0 374 393 461 411 343 398 115 47 355 441
413:1 374 393 261 398 109 115 47 355 441
413:2 374 204 393 398 115 47 355 441 203
414:0 272 374 408 393 261 415 8 47 439 355
415:0 272 374 408 393 261 415 8 115 47
416:0 272 374 408 393 261 415 8 115 47 355 152
417:0 374 408 426 343 175 261 211 332 400 231 182 167 441
418:0 374 408 90 175 261 197 200
419:0 374 408 222 90 175 261 197 200 14
420:0 374 461 411 343 332 182
421:0 374 461 411 343 332 182
422:0 374 393 275 90 175 109 11 200
423:0 374 393 36 275 90 175 261 109 11 200
424:0 222 408 261 374 41 152 227 343 197 384 426 167 131 210 211 175 330 441
425:0 272 374 408 275 210 261 227 398 415 330 8 434 332 384 200
426:0 272 374 408 275 210 261 227 398 415 330 8 434 332 384 200
427:0 374 408 222 175 261 227 176 211 41 330 182 115 441
428:0 374 408 426 222 175 261 227 176 211 41 330 197 131 182 115 152 441
429:0 272 374 408 275 175 227 176 398 330 434 384 200 441
430:0 272 408 361 261 398 415 8 384 401 181 439 441
431:0 374 408 175 210 261 398 211 400 152
432:0 374 408 175 210 261 398 211 332 400 152
433:0 374 408 210 227 176 330 467 161 434 332 182 200 355
434:0 374 408 175 261 398 152
435:0 374 408 175 261 398 152
436:0 374 161 434 332 11 355
437:0 374 204 36 467 161 434 332 11 355
438:0 374 222 36 175 227 398 109 330 332 182 441
439:0 374 175 261 227 330 434 182 355 441
440:0 374 175 261 176 211 467 161 332 182 200 115 441
441:0 272 374 408 361 261 227 415 330 181 439 441
442:0 272 374 275 398 434 384 200 441
443:0 374 408 204 273 175 261 109 98 439 152
444:0 374 408 204 273 175 261 109 98 439 152
445:0 374 408 204 273 175 261 109 98 14 439 152
446:0 374 426 273 343 175 261 211 467 332 197 131 200 167 441
447:0 442 374 408 426 222 175 261 227 330 467 197 231 182 152 203
448:0 442 374 408 426 222 175 261 227 330 467 197 231 182 152 203
449:0 374 175 261 109 401
450:0 374 204 175 261 109 401
451:0 374 175 261 47 14 152
452:0 374 175 210 261 47 14 152
453:0 442 374 426 222 175 210 261 227 398 41 330 400 197 384 200 167 152
454:0 222 261 374 41 152 227 197 384 200 426 167 210 175 398 400 330 182 442
455:0 374 155 461 411 343 210 261 47 152
456:0 272 374 408 90 41 415 8 200 14 439
457:0 272 374 408 90 41 415 8 200 14 439
458:0 374 408 90 175 261 41 8 182 200
459:0 374 461 411 343 175 261 227 330 197 200
460:0 374 273 461 36 411 343 175 261 227 330 197 200
461:0 374 408 222 175 261 197 384 200 152
462:0 374 408 204 175 227 330 161 332 231 355 203
463:0 374 426 36 175 210 261 467 332 197 131 200 14
464:0 261 374 115 152 11 197 273 384 14 200 204 426 131 175 401 441 109 332 36
465:0 374 461 36 411 343 275 175 210 261 11
466:0 374 408 426 222 175 261 197 231 131 182 355
467:0 374 426 222 175 261 181 131 182
468:0 408 261 374 115 227 415 8 11 272 355 467 211 175 434 361 176 439 181 330 332
469:0 272 374 408 393 175 261 415 8 11 47 355 441
470:0 374 408 461 411 343 175 210 261 176 211 182 152
471:0 374 408 175 261 176 211 182 200 14 355
472:0 374 408 361 175 210 261 109 415 14 152
473:0 374 36 175 261 109 401 11 200 115
474:0 374 408 275 227 211 330 467 161 434 200 355 441
475:0 222 408 261 374 152 227 197 275 426 131 355 467 210 175 434 330 182 442
476:0 374 204 426 36 275 175 261 227 330 109 161 332 197 231 11 131 203
477:0 272 374 426 275 175 261 398 161 434 197 384 131 200
478:0 272 374 36 275 175 261 398 434 332 197 384 200 355
479:0 272 374 408 275 261 398 434 384 355
480:0 374 426 175 210 261 227 176 330 467 434 197 131 182 355
481:0 374 408 426 175 210 261 227 330 467 434 197 131 182 355
482:0 374 408 426 175 210 261 227 211 330 467 434 197 131 182 355 441
483:0 374 408 204 273 175 261 109 161 231 11 98 439 152 203
484:0 374 408 273 90 175 261 109 161 11 98 14 439 152
485:0 374 204 175 261 109 11 181 47 441 203
486:0 374 204 426 36 175 261 109 467 161 197 401 11 131 200
487:0 408 261 374 152 227 415 8 11 272 161 273 384 14 200 275 204 98 175 439 330 109
488:0 374 408 261 227 330 467 161 434 182 200 355 152
489:0 374 408 90 210 176 211 41 11 182 200 355 441
490:0 374 408 90 210 176 211 41 11 182 200 355 441
491:0 272 374 408 175 210 261 398 211 434 384 200
492:0 374 408 272 461 411 343 175 261 211 109 415 467 115
493:0 408 261 374 152 227 415 11 272 161 273 14 200 90 203 204 355 467 98 211 434 175 439 181 330 109
