1:0 124 130 133 174 202 203 204 267 275 320 345 437 438 80
4:0 187 200 232 242 246 251 264 349 394 406 407 44 68
7:0 114 175 193 243 252 281 287 300 323 330 362 392 453 54
16:0 185 193 211 228 253 314 403 413 432
19:0 103 154 172 179 253 279 382 387 44 515 68
21:0 13 143 161 18 184 185 211 253 297 310 98
23:0 180 184 21 228 231 251 289 305 342 389 415 50
27:0 175 203 229 232 306 341 400 431 498 68
29:0 116 130 203 204 228 231 251 342 36 48 498 50 68
32:0 133 203 231 251 342 36 389 457 48 498 50 68 93
37:0 175 180 185 257 290 326 336 384 394 50 506 541 95
41:0 16 174 18 185 202 211 228 413 417 428 432 95 98
43:0 175 204 235 267 275 290 298 321 495 75
46:0 103 175 203 228 230 232 363 440 450 60 68 73 97
48:0 103 202 226 234 285 290 324 390 450 476 97
50:0 103 179 185 203 228 246 251 253 262 29 310 426 515
52:0 133 175 180 204 231 274 289 316 386 387 39 492 95
54:0 109 193 214 227 238 248 281 287 290 426 485 60 95
56:0 179 193 214 227 251 264 265 279 370 68 96
58:0 231 234 24 242 257 336 34 343 37 370 38 394 83
60:0 114 150 170 203 227 283 287 301 341 346 352 54 61
63:0 112 227 282 285 379 385 470 7 8 9
66:0 227 265 27 282 321 370 379 418 484 68 7 8 9 96
69:0 141 202 227 235 275 311 321 331 345 363 388 438 499
72:0 109 114 145 229 243 282 321 330 367 392 62
74:0 174 175 203 264 335 359 431 475 5
77:0 172 204 234 24 32 37 38 445 67 95
79:0 173 187 214 23 248 300 335 382 428 472
83:0 119 16 174 175 189 193 211 279 297 343 348 355 376 400 98
84:0 114 119 175 185 283 363 372 413 48 98
86:0 122 195 21 214 227 231 252 254 255 256 32 324 333 352 50
88:0 114 122 174 184 212 254 255 256 286 325 425 491
90:0 103 112 229 333 341 350 352 36 392 41 419 61
92:0 114 123 149 184 195 288 310 499 50 7 8 9
95:0 111 175 205 335 350 431 446 484
96:0 112 260 272 274 285 290 385 417 427 7 8 9
98:0 114 117 133 175 203 21 246 282 321 498 97
102:0 174 202 235 236 246 267 275 285 335 363 381 384 437
104:0 103 130 187 195 197 203 24 246 442 498
108:0 133 173 174 187 214 222 265 330 34 359 428
109:0 103 149 174 180 194 220 254 255 256 288 60
111:0 130 174 179 222 231 242 306 407 422 423 424 431 68
113:0 118 203 215 217 270 312 356 363 426 68
114:0 133 175 202 267 283 363 384 437 476 72 73 93
115:0 116 193 23 253 264 283 306 359 376 38 50 509 68
116:0 13 150 175 190 200 225 324 330 352 499 50 62 82
118:0 114 130 189 214 300 324 34 341 401 56 60
122:0 102 109 196 248 252 271 298 358 417 471 478 95
123:0 13 179 203 211 226 318 400 405 432 68
127:0 175 185 276 31 364 370 382 450 98
131:0 174 193 214 246 248 250 287 32 321 349 406 419 90
133:0 174 175 197 203 204 273 281 313 321 343 363 485 500
138:0 114 117 191 21 250 282 330 352 378 390 48 61 62
140:0 103 109 175 193 196 202 229 282 341 61 62
142:0 174 18 193 211 225 228 355 366 372
143:0 122 174 18 204 228 363 38 495 68 90
147:0 114 225 231 245 349 352 406 407 453 48 54
152:0 175 22 246 267 275 287 312 320 34 378 437 505 68 73
155:0 154 179 193 24 267 306 326 336 343 37 38 394 481 98
158:0 232 242 246 300 313 335 346 349 352 37 453 56 8
161:0 116 163 179 204 228 231 271 274 343 363 38 387
163:0 101 119 143 17 18 185 297 432 48 97
165:0 103 117 146 227 264 282 318 405 409 450 60
167:0 226 228 324 390 400 41 476 49 50 527 60
170:0 103 133 175 250 351 352 362 54 60 97
172:0 117 175 179 203 217 227 252 268 273 3 321 381 516 9
173:0 102 118 133 150 187 217 273 312 313 321 343 500
174:0 185 195 214 217 273 313 343 356 386 387 445
175:0 119 193 217 234 248 290 326 375 381 417 500 64
177:0 114 185 211 285 287 297 355 389 428 485 65 98
179:0 103 231 260 268 28 316 34 36 495 97
183:0 133 187 195 217 248 276 287 330 34 346 453 48
185:0 106 111 120 174 203 205 29 328 446
187:0 133 203 227 270 312 38 388 402 538 93
190:0 103 180 21 228 251 252 279 3 340 343 415 68 97
191:0 117 174 203 227 230 234 267 270 275 320 363 73
193:0 141 179 18 185 228 290 318 324 364 38
194:0 105 174 214 227 24 246 254 255 256 300 34 491 495 68
198:0 103 109 119 143 17 18 185 195 297 355 372 375 413 65
200:0 103 174 180 194 262 285 286 389 417 425 466 472
203:0 13 133 193 212 24 243 248 251 273 277 285 290 36
204:0 129 175 203 279 328 379 38 390 42 446 68
206:0 117 173 174 214 246 277 29 290 310 376 44 506 97
207:0 13 17 226 232 328 342 364 379 38 400 431 440 68 97
209:0 102 118 173 185 215 217 242 264 265 370 38 422 423 424
211:0 114 175 310 324 352 362 453 48 491 61
213:0 189 230 270 282 328 350 367 51 515
214:0 106 117 175 224 228 264 279 38 69
215:0 180 193 228 252 274 306 364 386 419 420 44 458 68 8
216:0 187 214 232 238 242 281 313 36 370 38 400 498 68 69
218:0 108 151 174 205 254 255 256 257 262 414 517
220:0 174 246 333 34 341 341 36 38 419 44 446 556 90
222:0 103 109 112 117 133 174 267 275 333 352 392 457 54
223:0 103 114 129 173 175 190 323 341 350 352 48 491 62
225:0 150 196 229 248 252 301 420 516 62 8 98
226:0 114 133 150 21 239 243 300 346 469 56
227:0 143 174 18 203 228 366 372 385 413 65
228:0 179 180 228 251 364 386 417 421 422 424 68 83 99
231:0 116 173 189 246 283 34 420 457 484 68 90
234:0 180 224 24 300 326 37 382 428 44 50 99
236:0 136 170 183 203 228 229 270 364 410 418 68
238:0 252 273 357 358 417 445 8 96
239:0 112 2 223 238 264 27 359 364 7 8 96
240:0 103 112 116 183 187 2 223 231 238 394 5 9
241:0 146 174 179 203 214 217 270 359 363 38 386 531 69
246:0 116 174 200 228 23 231 246 334 349 372 442 446
252:0 13 225 235 24 242 283 300 306 320 331 345 363 388 437 73
255:0 174 179 203 226 265 297 306 364 387 400 481 67 68 97
258:0 124 174 23 243 246 250 253 281 287 301 38 419 426 44 469 68
261:0 214 281 289 305 310 343 382 389 422 423 424 43
263:0 189 204 214 228 270 271 321 431 493
270:0 175 202 230 235 298 321 55 68 73 75
273:0 13 133 251 331 36 384 388 417 432 492 73 98
276:0 119 143 18 211 228 287 355 413 432 48 99
278:0 16 239 282 346 355 362 392 54 97
280:0 109 194 212 227 262 285 288 425 485 50
283:0 170 193 203 324 341 450 453 56 60
285:0 204 264 270 313 331 358 363 388 402 409
287:0 163 173 174 214 228 306 321 34 359 400 495
290:0 16 185 203 318 400 405 450 515
293:0 108 173 265 283 313 326 359 36 509
296:0 185 193 197 223 238 264 270 279 358 364 418 469 498 68
298:0 21 227 287 313 321 330 34 346 47 487
299:0 203 205 222 335 38 446
300:0 226 252 253 270 273 313 321 387 389 426 428 445 493
302:0 105 212 236 260 271 364 368 417 421 445
303:0 21 246 305 321 368 385 386 389 422 423 424 445
304:0 103 174 23 265 276 283 34 407 442 446 457
307:0 193 223 226 252 290 384 385 409 418 427 7 8 9
309:0 129 174 242 253 29 351 415 422 423 424 435 481 486
311:0 186 273 381 435 47
312:0 186 273 381 435 47
313:0 146 226 227 271 318 405 69
314:0 109 226 227 313 318 405 445 74
315:0 170 178 191 202 235 320 363 402 42 437 75 79
316:0 123 151 174 189 194 220 441
318:0 129 246 362 37 38 56
320:0 111 173 174 214 321 34 37 38 392 428 487 90
322:0 111 184 203 205 23 246 254 255 256 257 281 336 34 426 442
324:0 130 203 214 281 284 481 499 90
325:0 133 18 203 243 248 271 285 326 381 428
327:0 196 226 227 229 252 265 271 272 273 274 313 352 427 50
328:0 116 16 175 203 210 324 341 414 450 98
331:0 223 265 298 320 335 345 388 402 415 417 50 51 67 68
333:0 114 211 228 297 304 355 384 407 97 99
335:0 13 154 174 175 231 232 24 364 400 458 50 515 68
336:0 184 231 254 255 256 34 372 378 386 400 415 515
339:0 175 209 250 330 341 349 36 37 414 56
341:0 232 246 276 282 283 300 34 349 376 38 498
345:0 105 112 174 203 243 321 378 446 72
347:0 103 174 229 28 282 334 352 440
349:0 109 114 225 231 243 300 321 362 406 445 54 95
351:0 133 248 381 466 499 50 506
352:0 105 146 252 271 277 285 289 417 492 50
353:0 109 193 194 228 286 310 425 441 466 50
355:0 185 194 220 262 285 286 288 399 466
357:0 13 174 21 235 267 29 331 348 349 363 437 73
358:0 174 248 273 285 50 500 95
359:0 174 185 195 212 224 226 277 372 38 382 386 389 428 506
361:0 117 191 205 311 313 335 419 50 506
363:0 174 205 214 254 255 256 281 324 346 352 392 90
366:0 109 112 203 287 300 330 34 352 362 392 48
369:0 130 133 173 189 214 222 330 341 346 362 401 428
370:0 150 300 346 362 392 445 453 48 505
371:0 111 203 239 349 37 406 407 424 56 82
387:0 133 254 255 256 276 321 328 34 37 38 388 402 414 469 74
390:0 116 227 24 252 257 264 270 274 299 501 66 68 7 9
393:0 117 173 175 189 196 281 297 300 392 458 48 56 97
396:0 193 197 211 228 253 279 28 297 31 310 355 38
399:0 111 130 154 203 205 214 316 346 38 401 431 98
403:0 129 24 270 324 336 351 36 400 422 423 424 98
406:0 170 178 191 202 235 320 326 363 402 42 437 75 79
408:0 174 18 21 23 231 242 359 37 38 43 442
410:0 103 116 174 184 29 34 350 38 446 469 68 90
417:0 111 175 205 231 260 266 268 313 343 39 44 516
418:0 154 163 189 210 226 29 3 316 382 392 401 415 541
420:0 111 205 230 267 311 312 320 321 361 363 402 505 75
422:0 124 133 174 243 254 255 256 262 281 362 376 499 54 68 90
425:0 114 194 262 311 34 432 499 50 95
427:0 175 186 227 252 264 313 327 383 415 458 509 67 7 8 9
431:0 175 28 289 313 358 372 387 39 44 98
433:0 105 174 248 273 285 50 500 95
434:0 114 123 184 228 231 242 310 38 386 43 481 492
438:0 106 111 120 174 203 205 29 328 446
439:0 102 109 196 204 248 252 271 298 358 361 417 471 478 95
440:0 118 203 215 217 270 312 356 363 387 426 68
441:0 101 211 214 227 314 417 432 48 97
442:0 108 171 194 220 286 288 425 445
443:0 184 200 225 231 232 239 328 34 341 37 38 431 442
446:0 120 122 174 18 204 228 363 38 428 495 68
447:0 136 170 197 238 242 266 299 327 334 410 418 44 509 67 97
449:0 174 18 214 254 255 256 279 303 328 34
451:0 103 109 163 18 185 228 231 28 342 400 41 97
453:0 223 238 252 265 29 358 364 367 382 409 410 418 68 96
455:0 202 21 235 320 345 388 476 73 75 78 79
456:0 150 175 186 204 321 324 362 401 60 62 97
458:0 114 133 150 21 239 243 300 324 346 469 56
459:0 130 23 331 345 363 38 402 419 54 73 74
495:0 137 212 228 230 231 239 243 345 363 445
498:0 174 214 222 276 281 283 34 343 37 484
501:0 103 197 362 372 376 383 400 403
504:0 103 175 193 228 231 279 372
506:0 122 189 203 204 228 28 281 336 422 423 424
509:0 185 204 227 281 313 343 492 6
511:0 272 310 320 321 331 343 345 417 437 67
513:0 214 257 272 310 321 343 417 67 7 83
515:0 272 300 310 321 343 392 401 417 56 67
517:0 112 129 174 214 226 270 277 290 49
519:0 211 234 253 273 381 516 95
522:0 103 203 24 28 351 36 38 382 99
524:0 174 199 222 317 356 36 475 484
527:0 204 260 270 282 313 355 48 485 500
529:0 130 229 306 319 334 414 431 66
531:0 133 186 214 215 227 273 281 361 381 516
532:0 179 183 193 197 203 265 395 4 409 469 68
535:0 173 214 287 300 352 414 426 54
540:0 103 13 170 226 293 318 382 403 97
543:0 191 36 390 41 42 431
546:0 227 251 262 313 320 321 363 388 415
548:0 117 203 204 230 275 320 361 363 388
550:0 129 250 279 330 341 362 61 97 99
551:0 116 212 228 251 253 38 422 424 431 68
554:0 116 172 203 214 227 264 281 359 36
556:0 191 320 331 340 388 402 452 73
557:0 174 191 203 328 334 335 400 68
559:0 133 185 197 252 349 409 428 68 7 8 9
561:0 211 246 285 355 375 500
562:0 171 203 262 286 313 377 417 50
564:0 117 175 21 250 282 334 34 352 88
566:0 211 282 406 414 432 44 457
568:0 114 120 174 191 205 28 300 350
570:0 197 262 289 326 399 421 445 68
572:0 175 189 203 214 231 282 313 39 401
574:0 212 243 253 357 399 445
577:0 101 109 151 271 286 290 310 310
580:0 119 16 211 314 362 381 382
582:0 181 286 334 352 363 393 420 475
585:0 214 226 235 313 316 320 363 388 97
587:0 204 226 231 310 321 343 351 355 403
589:0 103 185 224 228 282 30 450 68
590:0 111 203 205 34 380 74 77 78
592:0 105 109 132 151 220 54
594:0 203 220 243 287 321 54
595:0 185 228 40 42 431 440 50
597:0 191 331 356 388 402 431 446 73
605:0 100 112 285 310 384 385 417 50
607:0 114 151 203 257 445 499 51
610:0 106 116 13 179 203 231 283 400 406 68
613:0 203 227 264 281 372 400 419 8
616:0 170 189 191 203 226 227 228 364 38 470
618:0 174 180 209 214 220 281 310 351 414
619:0 203 226 233 265 282 364 382 67
621:0 137 185 228 231 232 289 306 342 421 422 424
624:0 212 228 279 29 421 427 446
626:0 130 133 189 279 29 341 431 442
629:0 184 211 212 282 313 355
631:0 174 185 214 228 257 321 34 35 400 421
632:0 103 185 203 226 422 431
633:0 103 310 372 399 414 422 423 424 457 458
636:0 106 193 203 234 393 428 81