1:0 162 163 216 288 310 343 366 407 411 412 416 444 461 96
2:0 162 162 163 216 216 288 310 366 376 407 411 412 416 444 461 96
3:0 162 162 163 216 216 280 288 310 366 376 407 411 412 416 444 444 461 96
4:0 102 113 130 132 136 162 339 340 365 372 481 517
5:0 102 113 113 130 132 136 162 339 340 365 372 481 517
6:0 102 113 113 130 132 136 137 162 181 339 340 348 365 372 372 457 481 517 9 99
7:0 14 189 203 296 308 309 32 360 412 414 448 449 45 459
8:0 14 189 203 296 308 309 32 360 412 414 414 448 449 45 45 459
9:0 139 14 189 203 296 308 309 32 360 412 414 414 448 449 45 45 459 459
10:0 393 412 47
11:0 172 172
12:0 168 288 297 335 356 366 395 402 415 455 476 48 483 54 63 63
13:0 286 393 47
14:0 172 172
15:0 115 144 151 151 18 281 285 305 307 431 438 7
16:0 127 168 252 306 333 337 412 415 439 455 457 542 7 9
17:0 127 168 168 252 306 333 337 337 412 415 439 455 457 542 7 9
18:0 127 168 168 252 306 306 333 337 337 412 415 439 455 457 542 7 9
19:0 115 144 18 191 305 306 32 398 400 412 414 75 96
20:0 115 144 144 18 191 305 306 306 32 339 398 400 410 412 414 75 96
21:0 107 151 162 18 217 252 278 305 333 5 7
22:0 107 151 151 162 18 217 217 252 278 282 305 333 5 529 7
23:0 155 158 167 173 2 217 258 286 32 341 383 389 405 462 489 491
24:0 130 155 158 167 173 196 2 217 258 286 286 32 32 341 383 389 405 423 462 489 491 75
25:0 128 162 219 306 364 414 422 424 425 427 486 7 89 95
26:0 306 414 425 427
27:0 152 153 169 286 309 332 336 337 338 340 365 408 82
28:0 152 153 169 286 309 332 336 337 337 338 340 365 408 76 82 82
29:0 140 153 162 182 283 286 32 340 414 431 54 75 94
30:0 140 153 162 182 283 286 32 340 414 431 54 75 94
31:0 109 286 340 37 401 414 498 94
32:0 140 144 151 182 185 186 217 278 285 286 431 54 94
33:0 140 144 151 182 185 186 217 278 285 286 431 54 94
34:0 109 144 239 278 286 421 498 94
35:0 114 146 161 162 179 219 223 244 245 249 256 289 357 447 495 500 516 68 82 97
36:0 245 249 357 97
37:0 113 120 129 132 136 164 201 277 306 320 335 414 456 481 517 54 62
38:0 113 263 306 335 62
39:0 169 192 247 289 316 332 357 37 447 496 82 88 96 97
40:0 357 82 88 97
41:0 173 19 215 234 283 32 402 457 512 62 8 9
42:0 173 19 19 215 234 283 32 341 402 402 457 512 62 8 9
43:0 1 156 2 223 236 256 264 280 288 366 395 407
44:0 1 156 2 2 223 236 256 264 280 288 366 395 407 407
45:0 16 236 280 288 376 395
46:0 152 156 16 163 215 288 340 365 386 395 464 476
47:0 152 156 16 163 215 215 288 288 340 365 386 395 395 464 476 74
48:0 148 215 283 288 297 299 355 366 395 402 412 467 63 88
49:0 148 168 215 283 288 297 299 355 356 366 395 402 402 412 467 48 483 63 88
50:0 109 110 133 162 19 232 258 261 337 340 365 398 523 87
51:0 109 110 133 162 162 19 232 258 261 268 336 337 340 365 398 433 523 87
52:0 123 124 128 153 162 18 263 268 276 32 340 341 365 417 54
53:0 123 124 124 128 153 162 18 263 268 291 32 32 340 341 365 409 417 54
54:0 10 153 189 298 340 341 414 448 449 450 467 472 487 63 88
55:0 10 12 153 189 298 340 341 414 414 448 448 449 450 467 472 487 63 88
56:0 144 153 18 208 217 222 304 340 341 345 404 421 515 60 71 73
57:0 141 144 153 18 208 217 222 304 307 340 341 345 404 421 515 60 73
58:0 113 130 135 136 137 181 182 217 271 319 32 320 416 481 514 7 75
59:0 121 130 271 32 320 423
60:0 189 193 258 259 29 308 37 447 448 45 450 46 97
61:0 189 193 193 258 259 29 308 37 447 448 45 45 450 46 97
62:0 108 193 248 396 46 509 97
63:0 419
64:0 154 209 250 297 299 301 312 314 330 419 434 477 502 63 63 88
65:0 154 209 250 297 299 301 312 314 419 434 477 502 52 63 63 88
66:0 108 144 148 208 217 222 318 339 345 396 445 447 490 73
67:0 108 144 144 148 208 208 217 222 318 339 345 396 445 447 490 73
68:0 108 144 144 148 208 208 217 222 318 339 345 396 445 447 469 490 73
69:0 155 163 2 210 288 310 364 366 395 407 444 462 463
70:0 155 163 163 2 210 288 310 364 366 395 407 444 462 462 463
71:0 213 214 310 366 383 389 405 407 444 536
72:0 189 2 26 285 286 341 402 431 449 46 462 463 482 491 506 64
73:0 189 2 26 285 286 341 402 402 431 449 46 462 463 482 491 506 64 64
74:0 110 119 232 260 322 324 327 332 346 387 391 412 479 523 82 96
75:0 110 119 232 260 260 322 324 324 327 332 346 387 391 412 479 523 82 96
76:0 110 119 232 260 260 322 324 324 327 346 387 391 412 479 484 523 537 82 96
77:0 113 129 132 135 137 162 390 41 412 414 416 488 517 7
78:0 113 113 129 132 135 137 151 162 239 285 306 390 41 414 414 416 488 517 7
79:0 10 162 175 298 299 308 363 412 448 449 465 467 505 63 78 88
80:0 10 162 162 175 298 299 308 363 412 448 449 459 465 467 505 63 78 88
81:0 169 220 230 231 243 253 341 377 379 402 412 424 427 466 486 89
82:0 169 220 230 231 243 253 341 377 379 402 402 412 424 427 427 433 466 486 89
83:0 126 128 151 152 210 217 268 278 285 337 365 410 42 5 512 7 8 9
84:0 107 115 151 162 278 305 306 307 4 421 441 7 93
85:0 107 115 151 162 278 282 305 306 306 307 307 4 421 433 441 7
86:0 114 12 13 14 162 170 175 195 198 200 23 316 335 416 44 450 90
87:0 114 12 13 14 162 162 170 175 195 198 200 200 23 316 335 353 355 355 416 44 90
88:0 141 167 172 240 249 258 261 284 289 3 341 368 369 482 88
89:0 141 167 172 172 240 249 258 261 261 284 289 3 341 368 369 482 88
90:0 189 195 198 199 203 217 23 296 402 412 44 454 459 504 534 59
91:0 23 296 381 382 402 431 459 556
92:0 106 193 218 234 267 269 277 347 384 398 506 62 78 80 85
93:0 106 193 218 234 267 269 277 347 350 384 384 398 506 62 78 80 85
94:0 106 193 218 234 267 269 277 347 350 384 384 398 506 62 78 80 85
95:0 104 172 205 260 307 31 324 327 328 336 338 341 364 387 391 412 479 78 96
96:0 154 175 175 193 235 263 284 289 297 298 299 404 467 473 485 63 88
97:0 154 175 175 193 235 263 269 284 289 297 298 299 404 409 467 473 485 63 63 88 88
98:0 134 166 172 217 242 259 260 296 364 390 44 443 45 46 72
99:0 134 166 172 217 217 242 259 260 296 364 390 44 443 443 45 46 469 72
100:0 119 169 219 231 251 332 341 346 377 379 408 412 486 55 56
101:0 119 169 219 231 251 332 341 346 377 377 379 379 408 412 412 486 55 56
102:0 193 216 25 264 288 299 314 366 376 395 441 461 51 516 63
103:0 111 193 214 25 343 390 460 473 63
104:0 115 126 141 144 162 175 217 307 38 39 40 414 421 514 96
105:0 115 126 141 144 162 175 175 217 307 38 38 39 40 414 414 421 514 96
106:0 116 128 144 148 183 207 235 237 248 318 319 331 34 43 469 60 94
107:0 128 131 145 197 226 238 305 318 362 426 442 50 501 60 61 7 70 86
108:0 210 218 233 294 315 332 341 364 390 402 462 463 498 82 88
109:0 119 169 173 18 240 284 346 368 369 371 372 412 499 85
110:0 119 173 18 240 284 346 368 369 371 371 372 372 412 499 85 93
111:0 110 151 185 186 239 322 339 390 391 414 416 498 523 529
112:0 110 151 151 171 185 186 239 322 339 390 390 391 414 416 498 523 529
113:0 111 141 162 179 219 249 289 315 357 375 414 416 505 516 82 96 97
114:0 1 11 163 202 210 236 264 288 294 31 364 366 395 428 444 463 64
115:0 116 124 217 238 273 307 319 32 398 414 498 61 75 91 93
116:0 100 101 144 189 217 372 439 44 448 45 46 7
117:0 100 101 144 189 217 217 372 372 439 44 448 448 45 46 7
118:0 13 134 151 185 186 239 278 402 414 449 450 452 487 7
119:0 13 134 151 185 186 239 278 285 402 402 414 449 450 452 487 7
120:0 169 172 189 219 249 291 309 312 408 412 448 46 513 53 68
121:0 309 312 408 448 62
122:0 114 165 219 228 235 247 26 27 292 297 299 313 314 330 335 397 434 469 501 63 67 97
123:0 126 128 144 152 217 268 305 306 311 365 410 442 457 464 7 9 93 95
124:0 125 197 218 218 221 221 234 24 279 289 290 290 35 37 447 463 531 97
125:0 217 219 222 306 341 354 408 422 425 426 427 427 486 89
126:0 113 113 123 129 131 132 136 212 217 371 372 399 481 62
127:0 144 166 172 31 318 345 396 401 410 421 43 443 445 464
128:0 157 185 277 305 307 316 339 404 412 414 416 421 467 526
129:0 134 385 412
130:0 100 102 14 189 190 196 217 308 32 421 439
131:0 162 189 195 198 254 279 308 335 353 357 37 44 448 449 62
132:0 432
133:0 162 182 211 27 306 32 337 412 414 416 437
134:0 13 173 182 189 211 23 262 3 306 32 337 412 414 448
135:0 182 211 281 306 337 412 414 422 423 424 427 7 89 94
136:0 113 129 130 132 182 211 212 306 32 337 339 371 412 414
137:0 220 227 231 297 312 313 352 355 412 433 466 65 66 7 89
138:0 11 189 217 259 296 32 322 332 428 44 448 459 504 64
139:0 11 189 217 259 296 32 32 322 332 381 428 44 448 459 504 64
140:0 1 11 116 12 172 217 236 243 259 337 340 463
141:0 1 1 11 116 12 128 172 217 217 236 243 259 268 337 340 365 463
142:0 11 130 157 190 196 204 32 320 325 339 402 416 423 457 507 7 75
143:0 10 157 218 29 316 332 36 367 37 374 412 465 484 498 75 82
144:0 11 168 170 195 198 248 254 290 314 333 35 353 415 7
145:0 107 11 219 278 282 308 333 422 424 427 55 7 86 89
146:0 11 113 116 132 136 181 333 335 361 376 399 457 7 9
147:0 100 102 103 14 190 217 273 335 364 424 439 462 525 7
148:0 100 102 103 14 190 217 273 335 364 424 424 439 439 462 525 7
149:0 100 102 103 131 14 190 217 273 333 335 364 424 424 426 439 439 457 462 525 542 7
150:0 10 154 165 22 233 250 254 26 292 298 299 301 312 335 408 540 63 88
151:0 10 11 22 233 238 245 26 263 27 289 299 432 513
152:0 16 162 219 228 264 288 310 314 335 37 376 407 411 412
153:0 16 162 219 228 264 288 288 310 310 314 335 37 376 407 411 412
154:0 16 162 219 228 264 280 288 288 310 310 314 335 37 376 407 411 412
155:0 113 118 135 136 212 217 306 332 372 408 412 488 517 82 96
156:0 113 118 135 136 212 217 306 332 372 372 408 412 488 517 82 96
157:0 113 113 118 135 136 169 212 217 306 332 372 372 408 412 488 517 82 96
158:0 134 14 189 196 217 307 32 339 340 341 365 401 421 448 498 75
159:0 134 14 189 196 217 307 32 339 340 341 365 401 421 448 448 498 75
160:0 134 14 189 196 217 307 307 32 339 340 341 365 401 421 448 448 498 7 75
161:0 10 146 148 153 182 192 233 27 306 316 340 364 398 82
162:0 10 146 148 153 182 192 233 27 306 306 316 340 364 398 82 82
163:0 106 120 148 162 193 278 302 314 333 412 416 441 467 485 497 63 9
164:0 106 120 148 162 193 193 278 302 314 333 361 412 416 441 467 485 497 63 9
165:0 219 226 27 314 335 356 402 408 412 48 61 7 96
166:0 219 226 27 314 335 356 402 402 408 412 48 61 61 7 96
167:0 153 215 267 281 285 286 299 339 351 380 393 398 64 7 74
168:0 153 215 267 281 285 286 299 339 339 351 380 393 398 47 64 64 7 74
169:0 173 19 19 215 234 283 32 341 402 402 457 512 62 74 8 9
170:0 13 134 189 355 379 402 416 424 448 45 46 486 55 62 89
171:0 13 134 189 355 379 383 389 402 405 416 424 424 448 45 46 486 55 62 89
172:0 263 406 414 424 427 57
173:0 114 228 289 357 406 57 67
174:0 289 357 406 57 67 82
175:0 11 114 146 162 211 245 27 335 406 458 465 495 516 57 96
176:0 11 114 146 162 211 228 245 245 27 335 406 406 458 465 495 516 57 96
177:0 154 165 217 223 233 250 267 272 278 292 299 302 419 458 500 62
178:0 154 165 217 223 233 250 267 272 278 292 299 302 415 419 458 500 62
179:0 162 219 291 355 412 422 424 427 486 538 55 69 89
180:0 162 162 219 291 355 412 422 424 427 427 486 538 55 69 89
181:0 131 162 162 219 291 355 412 422 424 424 426 427 427 486 538 55 69 89
182:0 213 214 228 236 395 399 407
183:0 13 14 189 308 332 412 414 448 46 82 96
184:0 13 14 189 308 332 412 414 414 448 448 46 82 82 96
185:0 123 134 134 171 222 222 247 325 327 327 328 36 364 398 460 67 96
186:0 192 193 279 404 41 46 97
187:0 156 216 236 240 288 366 385 395 41 411 412 414 440 461 476 51 512 69
188:0 156 216 236 240 288 366 385 395 41 411 411 412 412 414 414 440 461 476 51 512 69
189:0 156 216 236 240 288 366 385 395 41 411 411 412 412 414 414 440 461 476 51 512 69
190:0 141 153 19 211 263 27 337 340 341 408 414 428 7 93
191:0 1 115 156 160 163 202 216 236 310 343 399 411 461
192:0 1 160 163 202 214 216 236 280 289 310 376 399 461 51
193:0 11 148 193 305 306 341 377 402 412 440 441 457 48 86 9 95
194:0 10 110 173 254 258 259 260 262 308 364 414 448 465
195:0 10 110 173 254 258 259 260 260 262 308 364 414 448 465
196:0 154 182 211 257 292 297 298 299 306 337 408 412 414 63
197:0 123 165 18 182 211 234 256 305 306 337 341 412 414 62
198:0 123 173 18 19 234 267 278 305 398 415 417 429 457 492 511
199:0 162 175 184 263 291 298 299 404 412 437 448 449 465 467 505 63 78 88
200:0 162 164 19 234 275 277 279 291 297 303 347 384 506 62
201:0 184
202:0 251 335 70 85
203:0 162 165 18 19 27 271 292 297 299 390 412 467 63 7 75 93
204:0 119 169 203 264 277 296 30 309 346 382 412 416 47 96
205:0 119 169 203 231 253 264 277 296 30 309 346 346 382 412 416 431 466 47 47 475 484 96
206:0 11 115 134 158 305 307 332 333 341 384 416 465 489 82 87
207:0 123 152 166 172 210 286 306 337 341 365 410 440 464 512
208:0 104 130 172 196 205 260 307 31 327 328 338 341 364 387 391 412 423 475 479 75 78 96
209:0 130 175 196 218 277 307 32 320 339 412 414 416 423 57 75
210:0 130 175 196 218 273 277 307 32 320 339 412 414 416 423 57 75
211:0 14 172 189 249 281 285 286 318 332 382 383 389 412 416 431 44 448 85
212:0 126 128 144 152 203 204 217 242 268 305 306 311 365 410 464 50 7 93
213:0 114 155 293 30 316 332 335 459 462 47 470 471 522 64
214:0 116 128 151 185 217 239 268 319 412 416 43 5 60 70
215:0 123 153 198 200 217 242 28 306 340 341 365 417 468 7
216:0 123 125 141 153 217 218 316 340 365 374 407 421 57 71
217:0 123 125 153 171 217 218 316 339 340 365 374 407 421 71
218:0 10 109 11 113 136 172 212 312 325 327 37 371 465 481
219:0 10 109 11 113 113 136 172 212 312 325 327 327 37 371 465 481 504
220:0 10 110 116 198 200 254 258 260 261 271 290 35 412 416
221:0 10 11 110 116 151 196 200 254 258 260 260 261 271 278 290 290 35 416
222:0 109 11 13 172 223 251 291 312 315 322 381 412 45 46
223:0 144 190 195 220 23 297 355 448 449 46 487 51
224:0 144 167 190 195 23 23 270 297 297 322 355 448 46 463 487 51 64 64
225:0 295
226:0 13 175 189 297 355 402 402 41 412 416 449 45 457 46 46 51 62 7
227:0 128 151 217 243 268 278 337 365 382 388 408 475 7 8 9
228:0 112 113 123 130 136 187 217 263 271 28 32 320 371 492 517 75
229:0 112 113 123 130 136 187 187 217 263 271 28 32 320 371 371 423 492 517 75
230:0 100 101 144 189 217 217 372 372 439 44 448 448 45 46 465 7
231:0 116 134 162 211 264 271 332 364 412 416 57 82 96
232:0 110 130 151 157 162 18 185 210 232 309 332 339 364 423 523 82
233:0 190 220 227 231 297 312 313 355 412 433 466 65 66 7 82 89
234:0 19 193 201 207 217 233 330 337 390 412 416 467 52 54 62
235:0 358 358 358 358 358 358 358 358 358 358
236:0 124 148 182 412
237:0 115 128 144 169 305 306 309 318 331 436 469 501 60 7 70 86
238:0 125 218 223 234 24 279 289 290 299 35 357 406 531 63 67
239:0 217 219 222 306 341 354 408 422 425 426 427 486 89
240:0 113 123 129 131 132 136 212 217 371 372 399 481 62
241:0 162 169 176 246 30 332 37 390 412 447 467 54 82
242:0 111 141 162 179 219 249 289 315 357 375 414 416 505 516 82 96 97
243:0 120 217 306 308 314 32 320 379 422 423 427 52 75 89
244:0 113 118 120 129 130 132 136 212 217 32 320 390 404 52
245:0 120 168 189 196 217 23 251 254 308 32 35 415 46 52
246:0 110 190 217 277 32 325 338 339 341 391 421 498 75 80
247:0 110 190 217 277 32 325 338 338 339 341 341 391 421 498 75 80
248:0 110 130 157 190 196 217 277 32 325 338 338 339 341 341 391 421 423 498 75 80
249:0 103 11 120 154 168 189 264 304 308 312 335 361 453 455 52 6
250:0 11 120 129 154 168 264 304 312 334 335 361 399 42 453 455 52
251:0 11 154 176 177 179 214 216 228 264 27 279 312 335 63
252:0 1 117 156 217 236 289 305 306 341 364 7 86
253:0 1 1 126 152 213 214 217 289 305 306 306 341 364 7 86
254:0 1 1 126 213 214 217 268 289 305 306 306 341 364 464 7 86
255:0 113 132 136 144 162 252 278 306 337 340 365
256:0 113 113 137 144 144 162 252 278 306 337 340 362 365 49 94
257:0 113 113 131 137 144 144 162 183 278 306 337 34 340 362 365 42 49 94
258:0 115 148 162 189 260 261 296 30 412 416 448 454
259:0 110 115 148 162 258 259 261 261 262 296 30 412 416 448 448
260:0 110 115 148 162 171 258 259 261 261 262 296 30 412 416 448 448
261:0 112 18 187 271 32 320 337 339 398 404 412 416 417 75
262:0 112 18 187 187 271 32 32 320 337 337 339 398 404 412 416 417 420
263:0 134 141 162 175 260 271 281 29 316 337 412 414 516 71
264:0 141 153 162 175 175 260 271 29 316 337 365 409 412 414 414 516 71
265:0 286 393 412 47
266:0 172 172
267:0 1 1 156 168 21 236 257 356 395 455 48 483
268:0 172 172
269:0 168 219 256 296 297 356 430 455 48 483 63 63
270:0 1 117 162 19 236 254 264 265 308 46 467
271:0 1 124 153 162 189 19 265 441 450 46 467
272:0 162 19 236 265
273:0 119 163 172 265 30 399 411
274:0 120 123 124 163 172 265 289 310 311 404 429
275:0 123 214 263 310 455 536
276:0 115 144 162 278 306 457 5 7 9 95
277:0 115 144 144 162 278 282 306 306 457 5 7 9 95
278:0 162 254 305 306 333 402 448 449 457 5 542 7 9
279:0 141 162 189 254 277 296 333 383 389 402 405 415 448 449 450 457 457 487 542
280:0 106 154 162 193 201 223 228 299 419 500 505 52 57 63 95
281:0 106 154 162 193 201 223 228 299 419 419 500 505 52 57 63 63 95 95
282:0 106 154 162 179 193 201 228 299 419 419 458 500 505 52 54 63 63 95 95
283:0 173 254 27 306 407 45 450 46 7
284:0 168 272 306 306 339 356 395 407 407 45 450 450 455 48 483 9
285:0 1 156 163 175 216 236 288 343 386 395 412 461
286:0 1 108 147 175 216 216 226 236 248 343 362 395 395 412 412 70
287:0 10 114 123 134 340 363 465 498 70 71
288:0 114 114 116 144 145 153 319 340 365 441 441 498 70
289:0 10 114 114 123 134 141 171 304 340 363 363 404 465 498 70 71
290:0 126 153 172 215 242 248 261 337 340 87
291:0 152 153 172 215 215 248 27 337 337 340 341 365 410 464 47 7 95
292:0 153 164 172 177 215 248 337 340 347 351 384 62
293:0 187 19 192 289 316 320 341 367 390 402 441 485
294:0 187 187 19 19 192 289 316 32 320 341 367 390 402 441 441 485
295:0 130 187 187 19 19 190 192 196 289 316 32 320 341 367 390 402 423 441 441 485 75
296:0 116 124 144 147 15 210 29 319 337 345 370 412 445 447 455 484 60
297:0 116 124 144 147 15 15 210 29 319 337 337 345 370 412 44 445 447 455 484 60
298:0 364 385 414 448 45 57
299:0 109 172 220 291 316 325 327 338 36 391 412 424 466 89
300:0 123 124 148 162 17 176 21 357 412 414 447 54 57 67 71 96 97
301:0 124 21 357 97
302:0 123 124 148 153 19 210 217 234 267 291 304 340 347 348 351 467 492 62 86
303:0 123 125 19 203 204 27 32 383 389 398 405 407 443 75
304:0 172 175 203 204 205 241 242 243 261 296 320 412 416 475 484 96
305:0 172 172 175 175 203 204 205 241 242 243 261 261 296 320 412 416 475 484 96
306:0 172 172 175 175 203 204 205 241 242 243 261 261 296 320 412 416 475 484 96
307:0 128 147 183 184 235 248 293 298 30 312 319 4 52 63 86
308:0 128 131 147 183 184 197 235 235 248 293 298 30 312 319 4 426 52 63 63 86 86
309:0 187 217 271 306 32 320 379 412 422 423 424 528 55 89
310:0 130 187 187 217 217 271 306 32 320 379 412 422 423 424 424 528 55 89
311:0 114 125 125 162 182 211 263 27 306 379 408 422 424 486 494 55 67 7
312:0 114 125 162 182 263 27 306 379 408 422 424 437 486 494 55 57 67 7
313:0 138 182 256 296 306 355 412 413 467 48 62 95 96
314:0 114 140 182 256 306 407 412 458 467 48 57 71
315:0 1 156 16 160 163 202 216 228 236 280 286 395 407 411 430 431
316:0 10 114 155 167 284 289 368 369 383 389 405 430 463 465 491
317:0 10 114 155 167 284 284 289 368 368 369 37 383 389 405 430 463 465 465 491
318:0 12 144 18 196 217 307 32 339 341 404 416 7 75
319:0 12 128 144 144 18 196 217 268 307 307 32 339 341 360 365 404 417 7 75
320:0 10 162 189 19 254 316 332 385 41 44 448 449 451 454 484 90
321:0 10 162 162 189 19 254 316 332 332 385 41 44 448 448 449 451 454 484 90
322:0 10 109 110 113 136 144 162 212 232 412 416 481 96
323:0 10 109 110 113 113 118 133 144 162 212 232 232 325 412 416 481
324:0 10 113 132 134 136 181 203 212 296 309 37 371 372 459 504 517 78
325:0 227 271 277 291 297 298 299 303 316 374 385 41 467 473 62
326:0 227 271 271 277 291 297 297 298 299 303 303 316 374 385 41 467 473 62
327:0 123 134 193 297 298 398 412 418 421 441 67 91 96
328:0 109 110 123 128 133 190 32 336 337 338 75 87
329:0 104 123 123 190 336 336 337 337 338 341 377 402
330:0 104 123 123 190 336 336 337 337 338 341 377 402 525 99
331:0 1 123 163 202 216 217 266 277 281 286 337 338 382 398 69 85
332:0 1 1 123 163 163 202 216 217 266 277 281 286 318 337 338 382 398 69 85
333:0 101 151 162 19 252 254 264 278 279 315 335 357 416 538
334:0 100 101 104 151 162 19 19 254 264 278 279 282 315 335 357 357 361 416 538
335:0 112 126 152 217 305 306 340 365 410 417 464 60 76 86
336:0 158 173 218 268 283 285 287 32 341 404 462 463 474 489 75
337:0 112 119 154 172 177 193 299 303 324 327 412 478 63 68
338:0 112 119 132 172 177 303 324 325 327 376 412 472 63 68
339:0 10 110 133 14 154 232 258 260 261 316 374 448 449 450
340:0 10 110 133 14 154 232 258 260 260 261 316 374 428 448 449 450 450 467
341:0 166 172 210 217 268 296 410 417 443 45 46 72 75
342:0 166 172 172 210 217 217 268 296 408 410 417 443 443 45 46 72 75
343:0 109 11 119 120 172 177 261 293 297 309 328 338 346 470 471 63 68
344:0 109 11 119 120 172 172 177 190 261 293 297 309 309 328 338 346 419 470 471 63 68
345:0 10 11 117 155 19 2 202 383 389 405 463 62 64
346:0 10 11 117 155 19 2 2 202 202 383 389 405 463 62 64
347:0 11 152 172 242 260 296 322 340 365 448 464 76
348:0 11 152 172 242 260 260 296 322 340 365 448 448 464 76
349:0 134 385 412
350:0 13 14 189 21 308 312 315 335 439 448 449 450 462 54
351:0 113 129 170 175 189 290 308 35 399 412 448 453
352:0 11 123 128 153 19 218 297 31 340 341 348 351 365 397 398 414 420 485
353:0 112 123 164 210 267 341 347 351 373 384 398 434 456 506 78
354:0 112 123 164 210 267 267 341 341 347 351 373 384 398 434 456 506 78 78
355:0 148 154 19 217 234 267 277 305 351 456 506 62 78 88
356:0 131 148 154 161 19 197 217 234 267 277 305 31 350 351 426 456 506 62 78 88 88
357:0 163 168 214 217 228 264 310 37 376 390 407 411 455 516 536 9
358:0 120 162 176 179 19 303 335 416 441 462 465 485 505 63 96
359:0 128 154 217 233 268 279 301 305 306 311 32 340 365 398 410 417 86 95
360:0 114 251 335 385 57 70 85
361:0 170 175 196 198 200 217 290 296 32 35 75 95
362:0 170 175 195 196 200 217 290 296 32 32 35 353 75 95 95
363:0 114 162 170 194 23 290 316 35 353 37 374 448 82
364:0 114 114 162 170 194 23 290 316 35 353 37 374 404 448
365:0 114 114 162 170 194 196 23 290 316 35 353 37 374 404 448 75
366:0 203 448 454 504 59
367:0 14 189 196 27 32 339 341 44 449 454 75 90
368:0 10 13 14 189 27 299 449 454 54 63 7 90
369:0 11 172 174 189 260 316 328 412 416 448 465 90 96
370:0 13 134 189 21 223 335 406 412 416 448 449 54 57 7
371:0 104 113 144 175 217 307 32 339 467 75 96 99
372:0 104 113 144 175 175 217 217 296 307 32 32 339 467 75 96 99
373:0 104 113 130 142 144 175 175 217 217 296 307 32 32 339 423 467 525 75 96 99
374:0 416
375:0 190 203 231 242 242 244 299 305 339 416 467 50 63 63 7
376:0 171 190 203 231 242 242 244 299 305 339 416 467 50 63 63 7
377:0 11 119 171 190 203 220 327 390 391 401 466 56 78
378:0 10 11 119 171 190 195 200 220 390 401 466 56 78
379:0 10 11 119 139 171 190 203 204 220 242 390 401 466 56 78
380:0 101 104 179 182 255 299 302 303 312 315 335 450 458 467 470 505 513 57
381:0 100 101 104 177 182 225 240 296 299 302 303 312 315 335 467 471 477 505
382:0 11 13 14 189 195 262 339 353 37 449 451 52 96
383:0 109 11 110 118 129 133 171 212 259 316 339 376 49
384:0 100 101 11 121 142 190 192 273 316 339 439 75 9
385:0 154 161 179 182 211 299 315 316 316 408 458 467 63 68 92 96
386:0 190 210 217 267 299 300 302 305 312 373 419 462 467 68
387:0 1 156 214 216 236 310 32 411 412 459 75 78
388:0 1 156 214 216 236 310 32 411 412 459 459 75 78
389:0 1 1 110 156 214 216 236 310 310 32 411 412 459 459 460 75 78
390:0 113 122 132 135 136 153 217 263 340 363 417 429 512
391:0 113 113 128 132 135 137 153 217 226 340 363 417 429 512 60
392:0 113 113 128 132 135 137 153 217 226 304 340 417 417 512 52 60
393:0 107 151 162 189 254 278 289 30 44 45 450 454 46
394:0 107 151 162 162 189 242 254 278 30 412 44 45 450 454 46
395:0 107 12 151 162 162 189 242 254 278 404 410 412 44 45 45 454 46
396:0 115 162 306 412 416 42 455 457 5 515 7 95
397:0 115 162 306 306 412 416 42 455 457 5 515 7 95
398:0 115 162 306 306 412 416 42 455 457 457 5 515 60 7 95
399:0 10 162 175 191 332 400 401 412 416 465 78 82
400:0 10 162 162 175 191 332 400 401 412 416 448 465 78 82
401:0 162 30 47 522
402:0 144 152 162 215 268 279 30 341 357 365 417 464 48
403:0 217 32 320 339 379 404 412 423 528 55 75 89
404:0 217 217 32 320 339 379 404 412 423 528 55 75 89
405:0 217 217 32 320 339 379 404 412 423 528 55 55 75 89
406:0 1 163 236 395 450 461
407:0 228 236 286 407 453
408:0 11 144 174 175 18 217 305 339 341 416 467 498
409:0 11 115 144 174 175 18 217 305 339 341 416 467 498
410:0 11 116 203 204 241 243 296 404 412 416 417 484
411:0 11 116 203 204 241 243 243 296 36 404 412 416 417 417 484
412:0 184 296 412 47
413:0 134 163 184 21 214 296 297 299 310 412 47 54 63
414:0 168 184 288 296 297 299 356 412 47 48 483 53 63 9
415:0 168 407 47
416:0 152 153 168 178 20 286 291 305 365 404 407 430 54 62 83 85
417:0 116 162 191 211 30 306 379 400 406 408 424 486 57 89
418:0 12 14 162 305 306 311 377 408 448 450 454 7
419:0 12 14 162 196 305 306 306 311 377 408 448 450 454 7 75
420:0 163 182 216 223 228 257 376 399 412 416 461
421:0 163 163 182 216 223 228 257 280 376 399 412 416 461
422:0 172 184 258 260 261 262 308 312 37 449
423:0 172 172 184 258 260 260 261 262 308 312 37 449 449
424:0 141 153 19 19 211 263 27 337 337 340 341 408 414 428 7 93
425:0 119 144 168 19 249 27 272 277 347 383 389 405 506 64
426:0 119 144 168 168 19 19 249 27 272 277 347 383 389 405 506 64
427:0 116 148 150 179 207 27 289 306 385 41 494 495 57 7 82 91
428:0 116 148 179 207 227 251 27 289 306 317 385 41 494 495 57 7 82 91
429:0 162 19 223 228 303 384
430:0 173 19 263 268 305 404 457 492 511 80
431:0 123 124 153 162 17 193 21 340 365 398 468 54 57
432:0 123 124 153 162 162 17 193 21 340 340 365 37 404 468 54 57
433:0 162 19 211 441 462 494 63
434:0 119 128 144 153 240 268 284 340 341 365 372 430 491
435:0 119 128 136 144 153 240 268 284 284 340 341 365 372 430 491
436:0 120 123 154 169 177 193 201 203 277 335 412 484 62 63
437:0 120 123 154 169 177 193 193 201 201 203 277 308 335 36 399 412 484 62 63
438:0 123 125 134 222 247 325 327 328 36 364 398 67 96
439:0 114 219 235 247 26 27 297 299 313 314 330 335 397 428 434 63 67 97
440:0 289 315 406 57 67
441:0 127 151 162 192 247 252 278 333 357 417 441 485 496 497 58
442:0 106 123 193 240 263 272 305 351 384 398 62 78 80
443:0 102 103 336 337 338 365 412 416 87 99
444:0 102 103 336 337 337 338 365 412 416 530 87 99
445:0 102 102 103 130 336 337 337 338 338 365 412 416 530 75 87 99
446:0 10 141 211 218 245 264 271 313 332 341 37 373 389 405 412 498 82
447:0 116 128 147 148 263 306 319 341 515 67 70
448:0 101 121 128 147 148 22 233 242 243 306 39 410 501 505 52 60 70 80 86
449:0 110 133 32 336 337 412 416 465 75 87 96
450:0 110 130 133 196 32 32 336 337 412 416 423 465 465 75 87 96
451:0 210 217 281 283 286 32 339 4 431 468 47 474 74 75
452:0 130 196 210 210 217 281 283 286 32 339 4 423 431 468 47 474 74 75
453:0 123 140 19 258 261 263 285 286 305 318 369 398 404 417 474
454:0 123 140 19 258 261 261 263 285 286 286 305 318 369 398 404 417 474
455:0 123 163 202 294 31 32 383 389 405 407 444 463 536 75
456:0 13 168 21 289 308 335 356 41 440 448 449 454 487 54
457:0 13 168 21 21 289 308 335 356 41 440 448 448 449 454 487 54
458:0 13 175 189 402 41 412 416 449 45 457 46 62 7
459:0 160 198 200 202 217 254 290 310 35 353 404 460
460:0 160 197 198 200 200 202 217 254 290 310 310 35 353 404 460
461:0 112 123 141 153 18 200 217 242 263 268 306 306 318 340 341 417 468 80
462:0 169 220 230 231 243 251 253 26 341 377 379 402 402 412 424 427 427 466 486 89
463:0 169 210 218 233 294 315 332 341 364 390 402 462 463 498 82 88
464:0 110 151 151 171 185 186 239 285 322 329 339 390 390 391 414 416 498 529
465:0 1 11 163 202 210 236 264 288 294 31 36 364 366 395 428 444 463 64
466:0 131 157 217 219 222 222 306 341 354 408 422 425 426 427 427 486 89
467:0 113 113 123 129 131 132 136 190 212 217 371 372 372 399 426 481 62
468:0 121 22 361 9
469:0 11 128 148 268 305 306 306 341 365 377 402 412 440 441 47 48 86 9 95 95
470:0 156 160 182 211 213 228 306 310 337 399 410 411 412 414
471:0 170 182 196 198 200 211 251 26 306 32 337 35 412 414
472:0 123 130 152 166 172 172 196 210 210 268 285 306 337 337 341 410 423 440 464 512
473:0 11 110 116 170 196 254 258 260 260 261 271 278 290 290 339 35 416 93
474:0 112 190 220 227 231 263 297 312 355 412 433 435 466 65 66 7 89
475:0 126 128 152 182 213 217 268 296 301 365 410 419 419 500 505 60 63 63 95 95
476:0 109 161 203 203 220 230 230 231 291 316 325 338 36 36 391 412 424 466 89
477:0 131 148 154 161 19 197 217 234 267 277 305 31 350 351 426 456 506 62 78 88 88
478:0 170 19 19 198 200 217 272 290 35 447 54 62 85 95 95
479:0 19 272 354 397 424 427 434 441 486 506 55 62 89 95
480:0 10 116 120 134 154 201 240 264 316 408 465 63
481:0 120 154 179 201 223 264 296 316 408 57 63 67
482:0 119 120 154 201 211 263 264 316 408 441 63 86
483:0 104 109 11 139 205 22 241 242 291 321 339 365 99
484:0 104 109 11 14 14 189 22 291 339 365 378 449 99
485:0 109 11 130 132 181 204 212 217 229 243 339 391 75
486:0 131 148 157 197 210 277 318 426 467 469 484 62 77 91
487:0 104 109 11 22 272 339 348 349 351 365 506 85 99
488:0 154 224 23 254 256 299 301 302 335 365 63 95
489:0 13 3 308 402 449 45 450 454 46 57 90
490:0 13 180 3 308 402 413 449 45 450 454 46 57 90
491:0 106 123 173 193 263 269 272 306 80 81 88 95
492:0 117 16 163 179 216 228 264 344 406 407 411 461
493:0 109 121 154 161 190 192 206 264 279 304 312 315 345 68
494:0 116 137 144 175 274 306 319 467 481 488 500 510 515 517 545 63 96
495:0 155 156 163 213 214 216 217 236 364 412 444 462 463 489 536
496:0 155 156 163 213 214 216 217 217 236 364 412 444 444 462 462 463 489 536
497:0 155 156 163 213 214 216 217 217 236 364 412 444 444 462 462 463 489 536
498:0 113 136 137 174 18 271 320 332 371 412 414 416 488 535 82
499:0 113 113 136 137 15 174 18 271 271 320 332 371 412 414 414 416 488 535 82
500:0 113 113 136 137 15 171 174 18 271 271 320 332 371 412 414 414 416 488 535 82
501:0 114 12 14 144 152 189 318 410 412 414 448 449 450 514 534
502:0 114 12 14 144 152 189 318 410 412 414 414 448 448 449 450 450 514 534
503:0 114 12 14 144 152 189 239 318 365 410 412 414 414 448 448 449 450 450 514 534
504:0 191 193 217 234 27 30 32 337 364 400 412 495 526 75 86
505:0 191 193 217 217 222 234 27 298 30 32 32 337 364 400 412 495 62 75 86
506:0 157 182 211 217 271 319 32 320 412 416 514 526 75
507:0 157 182 211 217 271 271 319 32 32 320 412 416 514 526 75
508:0 130 157 182 196 211 217 271 271 319 32 32 320 412 416 423 514 526 75
509:0 124 153 162 17 18 263 268 305 337 340 365 373 398 429 468 54
510:0 124 153 162 162 17 17 18 263 268 305 337 337 340 365 373 398 417 429 468
511:0 141 153 159 216 217 218 264 313 32 340 343 429 444 512 75
512:0 153 217 218 343
513:0 10 129 141 153 217 218 264 313 32 340 465 481 510 512 75
514:0 153 217 218 481
515:0 141 153 217 218 264 313 32 340 417 44 448 450 503 512 75
516:0 153 217 218 503
517:0 106 154 193 201 223 256 269 297 299 303 465 467 477 485 500 52 82
518:0 193 223 297 82
519:0 122 127 162 168 217 306 311 333 361 404 415 417 8 86 9
520:0 122 127 162 162 168 217 217 306 306 311 333 361 404 415 417 8 86 9
521:0 122 127 162 162 168 217 217 306 306 311 333 361 404 415 417 8 86 9
522:0 305 306 354 379 390 414 421 424 488 528 55 7 89
523:0 305 306 354 379 390 414 414 421 424 424 488 528 55 55 7 89
524:0 119 172 175 203 261 322 325 337 338 387 391 412 479
525:0 119 172 172 175 175 203 261 291 322 325 337 337 338 387 391 412 479
526:0 119 172 172 175 175 203 261 291 322 325 337 337 338 387 391 412 479
527:0 10 115 154 168 18 201 21 271 299 52 531 63 8 9
528:0 10 115 154 168 168 18 18 201 21 271 271 299 52 531 63 8 9
529:0 110 133 153 242 260 261 309 325 338 340 365 410 468 529 87
530:0 110 133 153 186 242 260 261 261 309 309 325 338 340 365 410 468 529 87
531:0 162 182 21 211 289 315 342 416 493 494 495 505 96 97
532:0 108 144 145 171 217 222 289 30 325 327 339 391 401 447 49 498
533:0 108 144 144 145 171 217 222 289 30 30 325 327 339 391 401 447 49 498
534:0 108 144 144 145 171 217 222 289 30 30 325 327 339 391 401 447 49 498
535:0 13 134 162 189 192 259 262 308 402 441 45 46 496 497
536:0 13 134 162 189 192 259 262 308 402 402 441 45 46 496 496 497
537:0 105 13 134 162 189 192 2 259 262 308 402 402 441 45 46 496 496 497
538:0 116 144 217 30 31 318 319 345 37 401 445 469 480 49 509
539:0 116 144 208 217 30 319 326 43 49 490 501 514 60 70 94
540:0 116 134 310 393 412 47 48 522
541:0 160 296 310 393 412 47
542:0 126 182 213 214 310 310 365 393 410 412 464 47 47 494 522
543:0 286 287 296 305 323 332 341 430 47 474 537 7 82 96
544:0 203 286 286 287 296 305 323 332 341 341 430 47 474 537 7 82 96
545:0 239 27 286 286 287 296 305 323 332 341 341 430 47 474 537 7 82 96
546:0 1 115 117 156 163 182 216 236 288 310 376 395 399 538 57 69
547:0 163 168 216 236 415 542 69
548:0 1 117 156 16 163 182 214 216 228 236 366 395 399 411 494 495
549:0 163 216 236 280 411 418 483
550:0 12 134 14 175 32 339 412 416 421 441 448 487 498 515 75 96
551:0 110 112 18 217 261 307 32 336 337 338 339 404 421 429 492 75 87
552:0 110 112 18 217 261 307 32 32 336 337 337 338 339 404 421 429 492 75 87
553:0 110 112 18 217 261 273 307 32 32 336 337 337 338 339 404 429 492 75 87
554:0 122 130 131 137 175 274 29 307 332 401 412 417 421 441 510 526
555:0 122 130 131 137 171 175 274 29 307 307 332 332 401 404 412 417 421 510 510 526
556:0 1 156 163 202 236 266 278 280 281 376 398 399 4 407 411 495 538 69
557:0 123 134 152 322 324 325 329 337 365 387 459 464 47 479 504
558:0 123 134 322 322 324 325 329 337 337 365 387 459 459 464 47 479 504 504
559:0 122 123 145 174 175 183 217 222 277 323 337 339 404 43 498 75
560:0 122 123 123 145 174 175 183 217 222 277 323 337 337 339 404 43 498 75
561:0 161 168 193 219 250 252 297 299 303 314 361 415 455 485 68 8 9
562:0 164 173 19 234 267 272 296 347 456 470 471 506 78 85 88
563:0 164 173 173 19 234 267 272 296 339 347 456 470 471 506 78 85 88 88
564:0 11 12 14 189 296 30 308 32 325 332 44 448 459 469 479 504 75 78
565:0 11 12 14 189 296 30 308 32 325 332 332 44 448 459 469 479 504 75 78
566:0 104 11 115 217 282 306 325 327 339 421 440 457 501 512 7 75 95 99
567:0 104 11 115 217 282 306 325 327 327 339 421 440 457 501 512 7 75 95 99
568:0 10 119 167 284 289 313 368 369 389 405 416 430 431 491 499 97
569:0 10 119 167 284 289 313 313 368 369 37 389 405 430 431 431 491 499 97
570:0 112 123 125 153 201 217 263 304 305 339 340 417 429 492 539 7
571:0 112 123 153 201 217 263 268 304 305 305 339 340 417 429 440 468 468 492 539 7
572:0 114 162 182 192 211 289 357 364 408 428 447 495 497 54 541 57 97
573:0 182 322 357 428 51 541
574:0 112 123 125 140 154 177 289 297 299 428 473 477 478 57 63 97
575:0 112 123 125 125 140 154 177 289 297 299 428 428 473 477 478 57 63 63 97
576:0 112 123 125 125 140 154 177 289 297 299 428 428 473 477 478 57 63 63 97
577:0 115 154 177 184 219 275 299 303 312 314 332 359 373 472 473 57
578:0 115 154 177 184 219 275 299 303 312 314 314 332 332 359 373 373 472 473 57
579:0 115 154 177 184 219 275 299 303 312 314 314 332 332 359 373 373 472 473 57 91
580:0 127 13 308 333 415 42 448 449 450 457 46 5 542 84 9
581:0 127 13 308 333 415 42 448 449 450 450 457 457 46 5 542 84 84 9
582:0 170 172 19 195 199 200 24 251 253 254 3 35 353 417 441
583:0 170 172 172 19 19 195 199 200 24 251 253 254 3 35 353 417 441 441
584:0 170 172 172 19 19 195 199 200 24 251 253 254 3 35 353 417 441 441 453
585:0 117 123 16 162 207 216 265 337 376 412 416 53 57 94 96
586:0 117 123 16 162 162 207 216 239 265 337 337 376 412 416 53 532 57 94 96
587:0 114 219 305 306 354 379 414 427 486 512 521 55 7 89 95
588:0 116 126 134 151 152 175 217 278 339 365 410 416 464 48 96
589:0 126 151 157 175 203 204 217 217 278 319 365 410 438 438 464 48 501 501
590:0 1 123 156 163 19 202 236 30 376 386 407 411 430 476 499
591:0 1 123 156 163 163 19 19 202 236 30 30 376 386 407 411 430 476 499
592:0 1 189 267 272 308 312 44 449 45 450 451 46 463 506
593:0 1 1 189 267 267 272 308 312 44 449 45 450 451 46 463 506
594:0 12 13 179 182 189 289 296 335 44 447 449 450 458 469 487 505 97
595:0 152 155 215 341 355 365 380 393 398 424 47 48 486 527 7 89
596:0 152 155 215 341 355 365 380 393 398 424 424 47 48 486 527 7 89
597:0 119 139 169 172 202 203 204 242 253 277 281 332 346 412 78
598:0 119 139 169 172 202 203 204 242 253 277 281 294 323 332 332 346 412 78 78
599:0 190 220 243 253 31 341 427 443 466 475 508 544 55 56 89
600:0 190 220 243 253 31 341 427 427 443 466 475 508 544 544 55 55 56 89
601:0 190 220 243 253 31 341 427 427 443 466 475 508 544 544 55 55 56 89
602:0 379 412 424 56
603:0 155 175 2 31 379 421 424 425 466 489 491 528 56 75 89
604:0 175 2 75 76 89
605:0 162 175 177 184 201 250 297 298 299 312 467 470 471 472 485 493 52 63
606:0 162 162 175 177 177 184 201 250 250 297 298 299 312 467 470 471 472 485 493 52 63
607:0 113 132 19 201 240 249 267 274 275 347 371 456 481 506 517 62 78
608:0 113 132 19 201 240 249 249 267 274 275 347 371 371 456 481 506 517 62 78
609:0 371 481 506 62
610:0 100 101 102 126 157 166 18 217 273 339 340 365 410 417 530 99
611:0 100 101 102 102 126 157 166 18 18 217 217 273 339 340 365 410 417 530 99
612:0 100 101 102 102 126 157 166 18 18 217 217 273 339 340 365 410 417 530 99
613:0 116 134 153 162 170 200 290 30 316 35 353 365 421 44 57
614:0 116 134 153 162 162 170 200 200 290 30 30 316 35 353 365 401 404 421 44 556
615:0 173 195 198 200 219 23 254 268 3 309 31 312 314 352 353 365 376 62
616:0 156 165 2 215 236 296 3 30 312 37 465 48 515 522 78
617:0 156 215 233 236 292 306 306 312 408 440 48 491 491 515 522 7 95 95
618:0 116 133 134 258 259 260 261 262 30 318 41 425 427 53 89
619:0 105 124 147 183 207 22 235 289 319 408 41 440 501 52 86 97
620:0 105 124 124 147 183 207 22 235 235 289 319 408 41 440 469 52 86 86 97
621:0 102 217 268 273 318 32 323 339 340 365 401 468 498 525 75 99
622:0 108 110 145 171 19 203 232 238 261 267 289 332 350 78 82
623:0 108 110 145 171 19 203 232 238 261 261 267 289 332 350 484 78 82
624:0 112 123 152 166 18 203 204 217 242 243 268 339 340 365 410 429
625:0 112 123 152 152 166 18 203 204 217 217 241 242 243 268 339 340 365 410 429 429
626:0 144 151 157 185 217 239 305 307 318 319 339 410 421 543
627:0 151 217 278 339 365 415 42 421 455 457 468 5 507 76 84 9
628:0 151 151 217 278 339 365 401 415 42 421 455 457 457 468 5 507 76 84 9
629:0 112 123 140 151 168 217 252 263 282 304 415 42 455 80 84 9
630:0 112 123 140 151 151 168 217 252 263 282 282 304 39 415 42 455 80 84 9
631:0 10 132 136 153 218 271 31 365 373 383 389 405 47 481 510 517
632:0 152 166 203 204 242 243 32 337 443 464 47 494 7 75 87
633:0 101 102 103 104 144 175 192 273 32 320 339 364 37 412 526 75
634:0 101 102 103 104 144 144 175 192 273 32 32 320 339 364 37 526 75 93
635:0 101 102 103 104 144 144 175 192 273 32 32 320 339 364 37 433 526 75
636:0 10 113 135 137 215 393 416 421 47 48 488 96
637:0 113 132 168 168 181 215 215 356 393 455 476 48 483 542 552
638:0 182 204 217 241 242 306 410 416 501 514 526 533 60 94
639:0 182 217 306 325 391 410 416 479 501 514 526 533 60 94
640:0 156 182 213 217 228 306 410 416 501 514 526 533 60 94
641:0 120 168 171 19 308 318 32 404 415 421 441 542 7 75 8 80 9
642:0 171 177 19 263 318 32 354 404 421 422 427 441 55 7 75 80 89
643:0 101 102 104 11 120 129 130 136 192 201 201 273 365 551 558 75
644:0 102 104 11 192 201 201 273 365 422 423 425 467 550 559 75 99
645:0 109 110 120 133 171 201 259 273 304 325 327 328 338 36 391 410 523
646:0 101 102 104 11 115 192 195 200 201 201 273 339 35 365 549
647:0 12 14 182 189 217 410 416 46 501 514 526 533 60 94
648:0 192 279 297 299 306 330 357 418 440 447 496 497 512 60 63
649:0 152 190 220 230 231 242 243 306 341 346 355 365 433 464 466 48 488 493 546
386:1 190 217 267 299 300 302 305 401 417 419 462 466 467 68
386:2 10 203 210 217 251 267 299 300 302 312 373 382 419 462 467 70
386:3 121 210 217 267 299 300 302 305 312 408 462 467 7 95
413:1 133 134 172 184 21 296 297 299 322 412 47 54 63
413:2 134 184 204 21 243 253 296 297 299 412 47 54 63
492:1 117 163 214 216 228 264 306 344 406 407 461 9
487:1 104 109 11 22 272 339 348 349 351 365 506 85 99
479:2 19 272 354 397 424 427 434 441 486 506 55 62 89 95
479:4 19 272 354 397 424 427 434 441 486 506 55 62 89 95
479:3 19 272 354 397 424 427 434 441 486 506 55 62 89 95
479:5 19 272 354 397 424 427 434 441 486 506 55 62 89 95
479:1 19 272 354 397 424 427 434 441 486 506 55 62 89 95
555:1 122 130 131 137 171 175 274 29 307 307 332 332 401 404 412 417 421 510 510 526
648:1 192 279 297 299 306 330 357 418 440 447 496 497 512 60 63