3:0 214
6:0 214
9:0 214
11:0 33 81 173
12:0 33 81 106 334
14:0 40 81
15:0 40 81 106 334
25:0 186 204 214 253 417
26:0 19 21 45 47 97 186 204 214 245 253 298 364 417 435 486
31:0 44 45 154 173 214 242 260 270 305 390 445
34:0 30 31 32 43 173 214 260 270 390 445
35:0 186 196 204 253 345 383 387 428
36:0 1 45 111 186 196 204 227 236 253 266 309 322 345 358 361 381 383 387 428 495 516
38:0 39 83 286 288 445 481 517
39:0 186 196 204 253 383
40:0 1 34 38 102 186 196 204 205 253 304 358 383
44:0 214
45:0 51 71 79 214 236 363 381
53:0 6
55:0 272
59:0 36 43 52 97 172 179 214 481
62:0 34 55 56 145 187 358 426
65:0 272
71:0 21 35 51 74 77 78 378
76:0 205
80:0 231
85:0 458
87:0 346
89:0 202 214
91:0 33 43 56 128 250 362 420 504 534
103:0 73 77 78 79 253 331 388 516
106:0 33 214 253
107:0 33 193 214 253
112:0 196 401 406
113:0 173 186 204 253 304 383
121:0 33 56 61 106 107 214 293 322 408 513
122:0 173 253 321 409
124:0 47 93 253 381 383
125:0 253
126:0 253
130:0 33 175
134:0 36 45 214 215 226 376
135:0 36 44 45 214 226 376
136:0 36 45 214 226 376
141:0 214
143:0 103 118 253 254 256 278 289 316 387
149:0 20 173 214
154:0 214
160:0 231
169:0 355
176:0 253
178:0 220
180:0 214
181:0 214
182:0 51 71 77 79 80 214 236 363 381
183:0 145 150 173 204 253 282
184:0 145 150 173 204 253 282
185:0 173 253 313
186:0 34 55 56 145 187 358 426
192:0 283
196:0 36 44 45 214 215 226 376
197:0 36 44 45 214 226 376
199:0 133 231 303
202:0 150
205:0 202 220
208:0 173 328
212:0 17 214 403 410
217:0 204 276 387
221:0 33 420
226:0 214 270
232:0 33 36 38 203 204 231 304 316 363
233:0 159
237:0 33 193 253
242:0 173 186 204 253 304 383 428
248:0 173 276
253:0 72
254:0 72 210 409
256:0 83 214 270
257:0 83 119 214 257 270
259:0 56 300
260:0 56 300
262:0 242
264:0 42 175
266:0 33 40 81 173
267:0 33 40 81 106 334
268:0 33 40 81 173
269:0 33 40 81 106 334
271:0 54 72 173 214 363
272:0 54 56 61 154 173 214 252 346 363
274:0 117 180 214
275:0 1 74 106 117 180 202 214 235 252 267 326
279:0 98 214 228 403
282:0 204 381
284:0 54 61 97 114 226
286:0 74 77 147 289
288:0 133 175 185 281 303
289:0 116 154 179 203 253 264
291:0 189 232
292:0 189 232
297:0 272
301:0 33 38 39 45 185 204 215 274 358 383
306:0 173 393
315:0 253 346
317:0 202
319:0 36
323:0 38
326:0 231
329:0 90 214 242 364
330:0 90 173 214 242 257 364 366
332:0 235 272
334:0 119
342:0 214
348:0 173 214
350:0 33 175 214
356:0 180 472
358:0 494
362:0 214 420
364:0 111
365:0 111
367:0 55 128 334 504
368:0 55 128 334 504
373:0 214 334
376:0 196
391:0 253 417
392:0 253 303 417
394:0 1
395:0 1 346
407:0 71 73 74 78 80 253 275 312 346 390
411:0 214
429:0 60 109 195 212 220 288 408 506
430:0 101 212 389
432:0 389
437:0 278 446 472
444:0 214
445:0 214 446
448:0 103 179 203 231 383 417 515
460:0 202
461:0 97 163 251
462:0 161
463:0 20
464:0 196 276 401 406
465:0 388
466:0 253
467:0 253
468:0 38 45 118 186 204 226 227 246 253 266 273 281 345 495 516
469:0 17 95
470:0 36 44 45 214 215 226 376
471:0 36 45 214 215 226 376
472:0 40 163
473:0 31 33 133 214 420
474:0 111 159 196 278
475:0 45 95 196 204 248 286 304 345 381
476:0 88 106
477:0 180 472
478:0 29 44 214 242 423
496:0 312
497:0 312
499:0 270
500:0 173 257 270
503:0 214 270
505:0 387 401 428
508:0 214
510:0 445
512:0 10 22 44 73 242 278 282 363
514:0 10 44 133 242 278 281 282 363
516:0 10 44 55 231 242 278 346 362 363
518:0 149 171 236 248 281 286 485 500
526:0 214
537:0 283 380
541:0 175 203 405
542:0 175 203 235 320 405
545:0 214
547:0 71 75 77 78 204 283 538
549:0 71 78 79 270 312 345 437 494 495
553:0 37 173 231
558:0 210
565:0 173 231 446
569:0 36
571:0 282 313
573:0 1 3 21 45 129 204 227 358 445 495
579:0 173 272 495
589:0 36 38 175 184 203 210
603:0 33
604:0 20 33 37 173 192 209 231 380 489 491
609:0 52 83 101 107 174 262 286 310 517
614:0 204
617:0 34 51 117 151 174 281 385
620:0 501
634:0 33
635:0 33
637:0 36 37 38 133 172 214 394
