1:0 388 202 235 173 402 20 214 520 282
2:0 388 202 235 173 402 20 214 520 282
3:0 388 338 202 235 173 335 402 20 520 282
4:0 0 257 231 200 9 7 173 519 214
5:0 0 257 231 200 9 7 173 519 214
6:0 257 355 231 9 7 173 366 307 519 406
7:0 196 231 8 428 173 334 401 214 518
8:0 196 231 8 428 173 334 401 214 518
9:0 308 196 231 8 428 173 334 401 324 518
10:0 0 450 173 527
11:0 0 450 334 527
12:0 450 355 324 202 173 366 527 214
13:0 0 450 527
14:0 0 450 334 527
15:0 450 355 202 173 366 527 529 282
16:0 0 257 355 214 173 366 253
17:0 0 257 355 214 173 366 253
18:0 0 257 355 173 366 143 214 253
19:0 162 387 196 231 428 173 343 253
20:0 162 387 196 231 428 173 343 253
21:0 257 355 173 366 143 529 214 253
22:0 257 355 173 366 143 529 214 253
23:0 231 202 173 399 401 402 20 441
24:0 231 202 173 399 401 402 20 441
25:0 324 231 393 173 270 9 343 282
26:0 324 231 393 173 270 9 343 282
27:0 162 231 173 414 214 343 282 446
28:0 162 231 173 414 214 343 282 446
29:0 0 162 214 231 173 270
30:0 0 162 214 231 173 270
31:0 162 196 7 8 9 276 253 414
32:0 0 529 162 214 231 173 270
33:0 0 529 162 214 231 173 270
34:0 162 7 8 9 529 276 253 414
35:0 324 7 8 9 340 277 343 356
36:0 324 7 8 9 340 277 343 356
37:0 257 231 428 492 173 399 272 343
38:0 257 231 428 492 173 399 272 343
39:0 387 356 7 8 9 340 277 343
40:0 387 356 7 8 9 340 277 343
41:0 257 162 355 202 428 173 366 253
42:0 257 162 355 202 428 173 366 253
43:0 388 202 235 173 495 402 214 380
44:0 388 202 235 173 495 402 409 380
45:0 388 202 235 173 495 402 409 380
46:0 450 388 202 235 173 495 402 282
47:0 450 388 202 235 173 495 402 282
48:0 0 450 324 202 428 173 214 285
49:0 450 355 324 202 428 173 366 214
50:0 0 446 214 173 414 253
51:0 0 446 214 173 414 253
52:0 387 196 492 399 402 343 441 253
53:0 387 196 492 399 402 343 441 253
54:0 196 231 8 428 173 272 401 324
55:0 67 196 231 8 428 173 401 324
56:0 67 7 9 530 402 343 441 253
57:0 67 7 9 530 402 343 441 253
58:0 0 257 231 200 173 270 214 343
59:0 257 231 200 173 270 406 343 442
60:0 0 196 214 283 173 270
61:0 0 196 214 8 283 173 270
62:0 0 196 214 8 283 173 270
63:0 324 7 8 9 492 277 356 428
64:0 324 7 8 9 492 277 356 428
65:0 324 7 8 9 492 277 356 428
66:0 67 7 8 9 173 530 276 282
67:0 67 7 8 9 173 530 276 282
68:0 67 7 8 9 173 530 276 282
69:0 388 202 235 173 402 20 282 380
70:0 450 202 235 173 402 20 282 380
71:0 450 202 235 173 402 20 282 380
72:0 0 196 202 173 20 277 214 282
73:0 0 196 202 173 20 277 214 282
74:0 7 9 173 334 335 276 414 446
75:0 7 9 173 334 335 276 414 446
76:0 7 9 173 334 335 276 442 414
77:0 0 257 67 340 214 231 173
78:0 0 257 67 231 173 529 340 214
79:0 196 231 428 173 335 401 277 324
80:0 324 8 492 334 335 401 277 196
81:0 356 393 173 334 527 277 278 324
82:0 356 393 173 334 527 277 278 324
83:0 257 387 231 173 366 343 282 253
84:0 0 355 214 282 283 173 253
85:0 0 355 173 143 214 282 283 253
86:0 0 324 231 173 401 529 214 196
87:0 0 324 231 173 401 529 214 196
88:0 7 8 9 202 173 214 441 220
89:0 7 8 9 173 335 441 399 220
90:0 0 334 196 173 214
91:0 0 196 214 324 173 334
92:0 196 7 8 9 492 173 399 253
93:0 196 7 8 9 492 173 399 253
94:0 196 7 8 9 492 173 399 253
95:0 231 173 335 20 414 406 442 446
96:0 67 324 7 8 9 492 277 428
97:0 67 324 7 8 9 492 277 428
98:0 0 196 214 276 282 173 334
99:0 0 196 214 276 282 173 334
100:0 0 324 277 214 393 492 173
101:0 0 324 277 214 393 492 173
102:0 356 202 235 173 335 402 388 253
103:0 67 356 202 235 428 173 335 402
104:0 67 196 7 9 334 442 253 414
105:0 67 196 7 9 334 442 253 414
106:0 67 173 270 272 276 343 340 282
107:0 67 7 8 9 173 272 343 409
108:0 196 7 8 9 231 428 401 20
109:0 0 253 180 214 220 173 399
110:0 0 253 180 214 220 173 399
111:0 196 231 401 529 406 276 253 414
112:0 7 8 9 335 529 276 253 414
113:0 387 356 7 8 9 428 343 196
114:0 388 202 235 173 402 20 282 220
115:0 67 196 7 8 9 401 343 253
116:0 0 324 406 200 173 340 214 196
117:0 0 324 406 200 173 340 214 196
118:0 324 529 173 401 340 214 196 282
119:0 324 529 173 401 340 214 196 282
120:0 356 278 196 173 277 214 324 220
121:0 356 196 173 271 277 472 324 220
122:0 324 7 8 9 492 334 277 343
123:0 0 450 355 214 282 173 366
124:0 196 8 428 173 304 277 343 324
125:0 67 324 7 8 393 343 530 9
126:0 257 67 7 9 231 173 530 343
127:0 450 173 334 20 214 276 282 446
128:0 196 231 428 173 272 180 442 253
129:0 0 340
130:0 196 231 399 401 340 406 442 253
131:0 324 401 428 335 529 406 196 442
132:0 0
133:0 387 231 215 173 270 304 214 343
134:0 387 196 231 173 304 401 343 324
135:0 387 324 231 393 343 173 304 215
136:0 257 387 231 343 173 304 276 215
137:0 387 324 393 492 356 527 277 196
138:0 196 173 334 20 414 214 282 446
139:0 196 173 334 20 414 214 282 446
140:0 196 202 173 334 414 214 282 446
141:0 67 196 173 334 401 276 282 414
142:0 257 231 173 366 401 406 442 414
143:0 7 8 9 335 402 343 441 442
144:0 0 355 196 173 366 143 214 324
145:0 0 257 355 324 173 366 143 214
146:0 0 257 355 214 173 366 143
147:0 196 406 231 200 173 401 20 214 434
148:0 196 406 231 200 173 401 20 214 434
149:0 196 7 8 9 401 276 406 442 434
150:0 67 324 7 8 9 492 277 356
151:0 450 324 162 529 402 343 442 530
152:0 388 231 202 235 173 402 520 277 214
153:0 388 231 202 235 173 402 520 277 214
154:0 388 338 231 200 202 235 173 402 520 277
155:0 0 257 214 343 519 173
156:0 0 257 214 343 519 173
157:0 0 257 67 7 9 173 307 519 214 343
158:0 67 196 231 8 335 401 276 518 253
159:0 67 196 231 8 335 401 276 518 253
160:0 308 67 196 518 8 335 401 276 406 253
161:0 162 387 7 8 9 401 343 253
162:0 162 387 7 8 9 401 343 253
163:0 257 355 428 366 143 304 277 253
164:0 257 355 428 366 143 304 277 253
165:0 450 8 9 202 173 366 282 253
166:0 450 8 9 202 173 366 282 253
167:0 0 450 324 202 492 527 340 214
168:0 0 450 324 202 492 527 340 214
169:0 257 162 428 173 366 399 143 253
170:0 0 324 196 214 215 340 173
171:0 0 324 173 401 340 214 215 196
172:0 324 231 393 173 270 214 343 253
173:0 387 356 324 428 277 343 196 253
174:0 387 356 304 340 277 343 196 253
175:0 387 324 428 173 304 277 343 253
176:0 257 387 324 428 173 304 277 343
177:0 257 324 202 428 173 366 277 220
178:0 257 324 492 428 173 366 143 277
179:0 0 324 231 393 173 495 214 215
180:0 324 231 393 7 173 495 9 215
181:0 324 231 393 7 173 495 9 215
182:0 388 202 235 173 402 409 380 253
183:0 196 231 8 304 401 276 343 340
184:0 196 231 8 304 401 276 343 340
185:0 67 7 8 9 492 335 343 414
186:0 196 8 173 270 304 340 214 283
187:0 388 202 235 173 270 402 340 214
188:0 388 202 235 173 270 402 340 214
189:0 388 202 235 173 270 402 340 214
190:0 67 7 9 402 340 343 441 253
191:0 388 202 235 173 495 402 253 414
192:0 388 202 235 173 495 402 253 414
193:0 450 355 324 202 173 366 214 253
194:0 196 231 8 173 495 401 214 414
195:0 196 231 8 173 495 401 214 414
196:0 387 324 231 428 173 304 277 343
197:0 387 231 343 492 173 399 304 215
198:0 257 355 196 492 366 399 143 253
199:0 324 8 492 334 335 401 277 196
200:0 196 492 173 399 304 277 215 253
201:0 0
202:0 0
203:0 324 231 492 428 304 277 356 253
204:0 450 356 202 173 334 529 220 446
205:0 450 324 393 173 334 335 529 356
206:0 387 231 428 173 401 529 277 20
207:0 450 231 173 366 399 401 282 414
208:0 231 393 399 401 406 442 335 414
209:0 162 67 7 8 9 387 276 343
210:0 162 67 7 8 9 387 276 343
211:0 0 324 173 401 340 214 196 220
212:0 450 355 173 334 276 366 282 442
213:0 450 173 270 495 20 282 380 414
214:0 0 450 67 173 270 334 214 282
215:0 67 196 231 8 492 173 399 282
216:0 387 7 8 9 402 276 343 441
217:0 67 7 8 9 402 343 441 253
218:0 0 257 173 334 495 214 220 414
219:0 257 173 334 495 414 214 220 446
220:0 0 196 173 276 414 214 283 446
221:0 0 196 173 276 414 214 283 446
222:0 196 173 334 414 277 214 283 446
223:0 0 324 173 402 340 196 214 441
224:0 324 173 402 340 196 214 441 20
225:0 324 8 143 402 340 196 278 441
226:0 196 324 173 401 402 340 441 442
227:0 355 196 173 366 399 334 442 143
228:0 257 162 231 492 173 399 304 253
229:0 257 162 231 492 173 399 304 253
230:0 324 406 200 173 340 214 196 442 434
231:0 387 231 173 304 402 276 441 414
232:0 387 334 335 402 276 441 340 414
233:0 387 324 393 492 356 527 277 196
234:0 387 324 231 428 173 340 356 253
235:0 0
236:0 0 67 173 270 272 214 343 253
237:0 67 173 270 272 529 214 343 283
238:0 196 8 428 173 277 343 324 253
239:0 67 324 7 8 9 530 343 253
240:0 257 7 9 231 173 530 343 253
241:0 196 7 8 9 231 428 335 442
242:0 387 356 7 8 9 335 343 196
243:0 0 324 214 231 393 442 173
244:0 0 257 214 231 442 173
245:0 0 196 231 173 366 214 324 442
246:0 231 173 334 399 276 442 253 414
247:0 231 173 334 399 276 442 253 414
248:0 67 7 8 9 335 442 253 414
249:0 196 428 304 401 406 324 442 414
250:0 257 324 428 173 366 304 442 414
251:0 387 324 428 173 402 277 253 414
252:0 67 231 9 202 235 173 402 520 409
253:0 67 231 9 202 235 173 402 520 409
254:0 67 338 231 9 202 235 173 402 520 406
255:0 0 257 67 173 270 519 387 340 214
256:0 257 67 7 9 173 519 530 387 340
257:0 67 7 9 173 307 519 530 387 340 276
258:0 67 196 231 173 401 518 276 283 414
259:0 67 196 231 8 173 401 276 518 414
260:0 308 67 196 231 8 173 401 276 518 414
261:0 162 231 492 173 399 304 343 253
262:0 162 231 492 173 399 304 343 253
263:0 162 387 196 231 304 402 343 441
264:0 162 387 196 231 304 402 343 441
265:0 0 450 173 527
266:0 0 450 334 527
267:0 450 355 324 202 173 366 527 214
268:0 0 450 334 527
269:0 450 355 324 202 173 366 527 214
270:0 196 202 235 428 173 402 214 253
271:0 196 7 8 9 428 304 402 253
272:0 196 7 8 9 428 304 402 253
273:0 388 202 235 492 173 402 180 214
274:0 67 388 202 235 492 173 399 402
275:0 67 196 492 173 399 402 340 282
276:0 0 257 355 214 283 173 366
277:0 0 257 355 173 366 143 214 283
278:0 0 355 196 173 366 214 282 253
279:0 196 173 366 143 402 441 282 253
280:0 196 7 8 9 428 304 277 324
281:0 196 7 8 9 428 304 277 324
282:0 196 7 8 9 428 304 277 324
283:0 0 450 196 214 324 202 173
284:0 450 355 196 202 173 366 214 324
285:0 289 388 202 235 173 270 402 409
286:0 231 9 202 235 173 402 276 409
287:0 196 7 8 9 173 495 343 441
288:0 67 196 7 8 9 343 441 253
289:0 67 196 7 8 9 335 343 441
290:0 0 450 180 214 202 173
291:0 0 450 355 202 173 180 214 253
292:0:1 0 450 180 214 202 173 271
293:0 196 7 8 9 428 173 304 253
294:0 67 196 7 8 9 428 304 253
295:0 67 196 7 8 9 428 304 253
296:0 67 7 8 9 173 272 276 282
297:0 67 7 8 9 173 276 442 282
298:0 196 231 173 304 340 343 282 253
299:0 356 7 8 9 335 277 393 414
300:0 387 196 231 428 173 304 343 253
301:0 387 196 231 428 173 304 343 253
302:0 67 324 7 8 9 492 277 356
303:0 162 387 8 9 492 334 393 442
304:0 231 393 173 334 276 442 253 414
305:0 231 393 173 334 276 442 253 414
306:0 67 7 8 9 335 442 253 414
307:0 67 324 7 8 9 428 277 356
308:0 67 324 7 8 9 428 277 356
309:0 0 324 214 231 393 173 253
310:0 0 324 214 231 393 173 253
311:0 387 324 231 9 173 270 393 253
312:0 387 324 231 9 173 270 393 253
313:0 450 324 8 9 202 428 173 366
314:0 450 8 9 202 428 173 366 343
315:0 0 388 202 235 173 402 214 343
316:0 7 8 9 202 173 402 441 220
317:0 7 8 9 173 335 402 441 220
318:0 162 196 428 173 399 340 180 253
319:0 162 196 428 173 399 340 180 253
320:0 0 304 196 214 340 428 173
321:0 196 428 173 335 304 340 214 442
322:0 0 257 173 495 446 214 442 414
323:0 0 257 173 495 446 214 442 414
324:0 257 231 173 334 495 414 214 446
325:0 196 231 428 173 340 277 343 324
326:0 324 7 8 9 340 277 343 196
327:0 67 196 7 8 9 387 343 253
328:0 0 450 324 202 173 276 214 414
329:0 257 450 324 173 366 276 406 434 414
330:0 450 324 7 9 231 276 406 434 414
331:0 67 9 235 173 399 272 402 335
332:0 67 9 492 173 335 402 276 399
333:0 257 355 173 366 304 406 215 253
334:0 257 231 173 366 304 406 215 434 253
335:0 67 196 7 8 9 231 173 387
336:0 231 202 173 399 401 20 282 380
337:0 356 196 428 173 277 324 442 414
338:0 356 428 173 334 277 324 442 414
339:0 0 401 196 214 340 173 414
340:0 0 196 428 173 401 340 214 414
341:0 196 173 334 180 214 276 282 283
342:0 196 173 334 399 276 180 282 283
343:0 324 428 173 271 529 277 356 414
344:0 324 428 173 271 529 277 356 414
345:0 220 202 235 173 402 20 380 414
346:0 202 235 173 335 402 20 220 414
347:0 0 450 173 334 446 214 282 414
348:0 450 67 231 334 335 401 276 414
349:0 0 196 214 406 231 173
350:0 196 231 173 401 20 277 406 442
351:0 0 387 196 214 173 366
352:0 67 196 7 8 9 492 387 277
353:0 196 492 399 272 180 277 282 220
354:0 196 492 399 272 180 277 282 220
355:0 196 173 399 180 472 356 271 220
356:0 356 7 8 9 173 399 20 196
357:0 355 388 202 235 173 366 402 406
358:0 387 356 196 428 304 277 324 253
359:0 196 231 492 428 399 340 277 276
360:0 0
361:0 0 196 214 180 173 335
362:0 162 196 173 399 180 324 442 335
363:0 0 162 196 231 173 401 214 324
364:0 0 162 196 231 173 401 214 324
365:0 162 196 231 173 335 401 324 442
366:0 0 334 196 173 214
367:0 289 162 196 173 401 340 214 20
368:0 0 324 173 401 340 214 196 20
369:0 196 428 173 401 340 414 214 446
370:0 0 340 196 173 214
371:0 0 304 406 214 200 434 428 173
372:0 0 406 200 428 173 334 304 214 434
373:0 257 231 428 173 366 304 401 406 434
374:0 0 442 428 334
375:0 324 356 8 9 334 393 196 442
376:0 324 8 9 334 335 393 356 442
377:0 356 7 8 9 334 335 442 414
378:0 324 8 9 356 335 276 196 442
379:0 356 8 9 334 335 276 393 442
380:0 387 196 428 173 272 277 406 343 434
381:0 387 196 428 173 366 355 277 406 434
382:0 196 173 335 401 214 324 442 253
383:0 7 9 231 335 406 442 253 414
384:0 196 231 304 401 406 434 442 253 414
385:0 324 7 8 9 277 356 442 253
386:0 67 324 7 8 9 196 428 173 334 20 277 356
387:0 388 231 202 235 173 402 276 520 414
388:0 388 231 202 235 173 402 276 520 414
389:0 338 231 235 173 335 402 276 520 442 414
390:0 67 7 9 231 173 519 343 441 253
391:0 67 7 9 231 173 519 530 343 441
392:0 67 7 9 231 173 307 519 530 343 441
393:0 0 518 196 214 343 324 173 446
394:0 0 518 196 214 343 324 173 446
395:0 308 196 173 334 518 214 343 324 282 446
396:0 0 257 355 214 283 173 366
397:0 0 257 355 214 283 173 366
398:0 0 257 355 173 366 143 214 283
399:0 162 387 196 231 173 401 276 343
400:0 162 387 196 231 173 401 276 343
401:0 0 450 283 253 173
402:0 450 173 304 214 215 282 283 253
403:0 0 324 214 231 393 173
404:0 0 324 214 231 393 173
405:0 0 324 214 276 231 393 173
406:0 388 202 235 173 402 214 343 253
407:0 0 388 202 235 173 402 214 343
408:0 7 9 428 276 406 442 253 414
409:0 7 9 428 276 406 442 253 414
410:0 231 393 173 334 414 214 442 446
411:0 231 393 173 334 335 277 442 414
412:0 0 450 173 527
413:0 450 324 202 235 173 527 402 253
413:1 450 324 173 527 414 283 253 446
413:2 450 324 393 334 527 441 442 253
414:0 450 355 324 202 173 366 527 214
415:0 0 450 283 173 366
416:0 0 450 355 324 173 366 214 283
417:0 162 387 393 343 402 9 441 253
418:0 0 401 196 214 231 8 173
419:0 0 67 196 231 8 173 401 214
420:0 0 388 202 235 173 270 402 214
421:0 0 388 202 235 173 270 402 214
422:0 0 196 214 220 173 414
423:0 0 196 214 220 173 414 335
424:0 67 7 9 402 340 343 441 253
425:0 196 173 366 20 277 180 282 220
426:0 196 173 366 20 277 180 282 220
427:0 67 7 8 9 340 277 343 253
428:0 67 7 8 9 340 277 343 253
429:0 196 492 173 399 304 277 215 253
430:0 257 196 492 366 399 276 143 253
431:0 162 387 231 492 173 304 343 282
432:0 162 387 231 492 173 304 343 282
433:0 387 356 196 428 304 277 324 253
434:0 0 289 214 231 492 173 399
435:0 0 289 214 231 492 173 399
436:0 356 173 334 271 278 472 324 446
437:0 356 428 173 334 335 324 442 271
438:0 67 492 173 335 272 343 253 414
439:0 196 324 173 272 277 343 409 253
440:0 387 196 428 173 304 343 356 253
441:0 257 355 304 173 366 143 272 253
442:0 196 492 173 399 180 271 220 253
443:0 406 231 200 173 414 214 442 434 446
444:0 231 200 173 530 414 406 442 434 446
445:0 231 200 173 401 530 406 442 434 414
446:0 387 7 8 9 402 343 441 253
447:0 67 231 8 9 428 334 530 393
448:0 67 8 9 428 334 399 530 393
449:0 0 276 446 214 231 173 414
450:0 0 231 173 276 446 214 442 414
451:0 0 450 231 173 399 401 214 282
452:0 0 450 231 173 399 401 214 282
453:0 162 67 8 9 492 530 340 441
454:0 162 67 8 9 492 530 340 441
455:0 450 202 235 173 402 20 282 380
456:0 0 324 173 366 401 340 214 196
457:0 0 324 173 366 401 340 214 196
458:0 0 324 196 214 340 173 270
459:0 196 231 8 202 235 173 272 402
460:0 196 231 8 235 173 335 272 402
461:0 67 196 231 8 492 173 399 282
462:0 356 393 173 334 527 277 324 442
463:0 196 7 8 9 231 428 335 401
464:0 7 8 9 335 529 442 253 414
465:0 202 235 173 335 402 20 282 220
466:0 67 324 7 8 393 343 530 9
467:0 257 67 7 9 231 173 530 343
468:0 257 387 324 428 173 304 277 343
469:0 450 355 324 202 173 366 214 253
470:0 387 231 235 173 304 402 343 282
471:0 387 196 231 173 304 401 343 324
472:0 450 231 173 366 399 401 282 414
473:0 196 173 335 276 442 283 282 414
474:0 387 324 393 492 527 277 356 253
475:0 67 324 7 8 9 428 530 277
476:0 356 7 8 9 335 277 442 414
477:0 356 7 8 9 173 399 20 196
478:0 196 8 173 335 180 324 271 220
479:0 324 173 399 180 527 271 220 253
480:0 324 7 8 9 231 492 277 428
481:0 324 7 8 9 231 428 173 277
482:0 387 324 7 8 9 428 277 253
483:0 356 231 393 334 304 406 442 434 414
484:0 356 406 200 173 304 401 214 434 414
485:0 450 173 334 399 406 442 253 414
486:0 356 7 8 9 335 276 442 414
487:0 196 399 304 401 406 356 442 434 414
487:1 196 399 401 277 406 356 442 434 414
488:0 356 196 428 173 270 271 277 324
489:0 387 196 173 340 343 324 282 253
490:0 387 196 173 340 343 324 282 253
491:0 387 196 492 173 399 180 409 282
492:0 387 202 235 428 173 402 343 414
492:1 387 202 235 428 173 366 402 343
493:0 387 356 324 334 277 196 442 414
494:0 387 324 7 9 428 340 277 253
495:0 231 202 235 173 401 402 20 520 282
496:0 231 202 235 173 401 402 20 520 282
497:0 338 231 235 173 401 402 20 406 520 282
498:0 257 231 173 270 519 276 214 343 283
499:0 257 67 7 9 231 173 519 276 343
500:0 67 7 9 231 335 519 276 343 442 307
501:0 0 196 231 173 270 401 214 343 518
502:0 0 196 231 173 270 401 214 343 518
503:0 308 196 231 173 335 401 276 343 282 518
504:0 162 67 428 401 402 387 343 441
505:0 162 67 324 7 9 402 343 441
506:0 0 387 173 270 304 214 343 253
507:0 0 387 173 270 304 214 343 253
508:0 387 173 270 304 276 343 442 253
509:0 231 492 173 399 304 402 343 441
510:0 231 492 173 399 304 402 343 441
511:0 67 231 173 402 343 441 282 253
512:0 67 231 173 402 276 343 441 253
513:0 67 7 231 173 343 441 282 253
514:0 67 7 231 173 276 343 441 253
515:0 67 196 231 8 401 343 441 253
516:0 67 196 8 401 276 343 441 253
517:0 356 324 428 173 277 215 388 220
518:0 356 324 428 173 277 215 388 220
519:0 0 257 355 173 366 143 214 253
520:0 0 257 355 173 366 143 214 253
521:0 0 257 355 173 366 143 214 253
522:0 0 324 214 340 393 173
523:0 0 324 214 340 393 173
524:0 0 356 173 334 335 446 214 414
525:0 0 356 173 334 335 446 214 414
526:0 356 173 334 335 276 414 442 446
527:0 257 162 324 428 173 277 282 253
528:0 257 162 324 428 173 277 282 253
529:0 0 529 414 214 446 173 334
530:0 393 173 334 529 414 214 442 446
531:0 67 324 7 8 9 277 343 253
532:0 67 7 8 9 173 335 276 282
533:0 67 7 8 9 173 335 276 282
534:0 67 7 8 9 173 335 276 282
535:0 196 173 304 340 214 283 253 414
536:0 196 173 304 340 283 380 253 414
537:0 67 196 8 173 304 340 253 414
538:0 67 7 8 9 173 335 276 20
539:0 67 7 8 9 173 335 530 276
540:0 450 324 235 173 334 527 402 277
541:0 450 324 235 173 334 527 402 277
542:0 450 324 173 334 527 402 277 282
543:0 0 450 214 283 173 334
544:0 0 450 214 283 173 334
545:0 289 450 231 173 334 401 276 283
546:0 388 202 173 366 402 270 343 282
547:0 388 202 173 366 402 270 343 282
548:0 388 202 235 173 495 402 343 215
549:0 388 202 235 173 272 402 343 215
550:0 196 428 173 401 276 340 283 253
552:0 67 231 492 173 399 401 253 414
553:0 67 492 335 401 276 399 253 414
554:0 257 7 428 173 276 214 283 253
555:0 257 7 428 173 276 214 283 253
556:0 202 235 173 304 402 340 282 253
557:0 0 450 173 334 335 214 282 446
558:0 0 450 173 334 335 214 282 446
559:0 162 67 7 8 9 492 530 442
560:0 162 67 7 8 9 492 530 442
561:0 257 356 196 428 173 399 277 324
562:0 173 334 399 272 277 282 335 220
563:0 173 334 399 272 277 282 335 220
564:0 196 231 173 334 335 401 414 446
565:0 67 196 334 335 401 276 442 414
566:0 231 173 334 401 340 406 253 414
567:0 231 173 334 401 340 406 253 414
568:0 202 173 399 402 180 441 409 220
569:0 202 173 399 402 180 441 409 220
570:0 492 173 399 304 340 343 282 253
571:0 67 492 173 399 304 340 343 253
572:0 387 231 304 401 402 343 441 253
573:0 387 231 304 401 402 343 441 253
574:0 324 492 428 173 277 343 356 253
575:0 324 492 428 173 277 343 356 253
576:0 324 492 428 173 277 343 356 253
577:0 356 428 173 495 272 277 324 220
578:0 356 428 173 495 272 277 324 220
579:0 324 7 8 9 428 276 277 356
580:0 0 355 196 173 366 214 283 253
581:0 355 196 173 366 143 214 283 253
582:0 196 393 173 334 277 214 324 253
583:0 196 393 173 334 277 214 324 253
584:0 196 393 173 334 277 214 324 253
585:0 387 388 202 235 173 402 340 214
586:0 387 388 202 235 173 402 340 214
587:0 387 324 231 173 366 355 343 282
588:0 0 450 282 214 202 173 334
589:0 0 450 202 173 334 214 282 442
590:0 388 202 235 492 173 495 402 380
591:0 388 202 235 492 173 495 402 380
592:0 196 202 173 399 20 277 180 220
593:0 196 202 173 399 20 277 180 220
594:0 196 173 270 340 277 214 282 220
595:0 450 324 393 202 173 527 340 380
596:0 450 324 393 202 173 527 340 380
597:0 356 393 202 173 334 402 388 442
598:0 356 393 202 173 334 402 442 282
599:0 356 393 173 334 20 277 324 253
600:0 356 393 173 334 20 277 324 253
601:0 356 393 173 334 20 277 324 253
602:0 0 393
603:0 162 324 231 393 173 401 340 20
604:0 162 324 7 393 401 340 9 276
605:0 356 428 173 399 272 277 324 253
606:0 356 428 173 399 272 277 324 253
607:0 0 257 173 271 180 214 399 220
608:0 0 257 173 271 180 214 399 220
609:0 0 257 173 271 180 214 399 220
610:0 231 200 173 401 530 276 406 434 283
611:0 67 231 173 401 530 276 406 434 283
612:0 67 231 173 401 530 276 406 434 283
613:0 0 67 196 8 173 276 214 343
614:0 0 67 196 8 173 276 214 343
615:0 196 173 334 20 277 214 324 282
616:0 0 450 324 214 202 380 173
617:0 0 450 324 202 173 214 282 380
618:0 393 492 173 527 401 340 253 414
619:0 67 173 270 272 530 340 409 282
620:0 67 173 270 272 530 340 409 282
621:0 7 9 399 401 276 406 441 442 434
622:0 67 324 7 8 9 335 277 414
623:0 67 324 7 8 9 335 277 414
624:0 67 393 492 173 334 399 530 442
625:0 67 393 492 173 334 399 530 442
626:0 200 428 173 276 214 442 283 253
627:0 0 257 355 276 214 173 366
628:0 0 257 355 173 366 143 276 214
629:0 257 492 173 334 399 366 282 335
630:0 257 492 173 334 399 366 282 335
631:0 450 67 7 9 173 276 20 282
632:0 0 450 173 334 276 214 442 283
633:0 428 399 304 401 276 406 434 253 414
634:0 428 399 304 401 276 406 434 253 414
635:0 324 428 399 401 276 406 434 253 414
636:0 257 450 324 393 202 428 173 214
637:0 257 450 324 393 202 428 173 366
638:0 393 428 173 334 335 340 276 442
639:0 428 173 270 335 276 414 442 446
640:0 202 235 428 173 335 402 276 340
641:0 196 231 492 173 399 276 282 253
642:0 231 9 492 173 399 276 282 253
643:0 257 355 428 173 366 304 406 434 414
644:0 324 9 428 173 304 406 393 434 414
645:0 356 231 173 335 272 276 282 414
646:0 196 428 173 304 406 324 442 434 414
647:0 387 196 173 270 401 276 343 340 548
648:0 67 324 7 8 9 530 547 343 253
648:1 547
