1:0 104 113 14 148 15 156 164 182 188 207 213 216 218 219 237 241 249 263 412 447 474 496 497 70 76 92
2:0 104 113 14 148 15 156 164 182 188 207 213 216 218 219 237 241 249 263 412 447 474 496 497 70 76 92
3:0 104 113 14 148 15 156 164 182 188 207 213 216 218 219 237 241 249 263 412 416 447 46 474 496 497 523 63 70 76 89 92
4:0 104 126 14 15 156 157 164 182 207 213 216 218 237 241 249 261 263 280 315 317 332 337 374 421 468 488 496 497 510 53 70 91 92
5:0 104 126 14 15 156 157 164 182 207 213 216 218 237 241 249 261 263 280 315 317 332 337 374 421 468 488 496 497 510 53 70 91 92
6:0 104 126 14 15 156 157 164 182 19 207 213 216 218 237 241 249 261 263 280 315 317 332 337 374 411 416 421 46 468 488 496 497 507 510 523 525 53 63 70 76 89 91 92
7:0 104 127 156 164 182 207 213 216 218 237 240 249 258 263 280 291 317 360 374 496 503 57 58 59 70 91 92
8:0 104 127 156 164 182 207 213 216 218 237 240 249 258 263 280 291 317 360 374 496 503 57 58 59 70 91 92
9:0 104 127 156 157 164 182 207 213 216 218 237 240 249 258 263 280 291 317 360 374 411 416 430 46 479 496 503 523 525 57 58 59 63 70 89 91 92
10:0 
11:0 
12:0 104 138 148 156 164 168 182 207 213 216 218 219 237 240 241 244 247 263 332 369 412 416 474 496 512 522 63 76 92 94
13:0 
14:0 
15:0 104 14 148 15 156 164 168 182 188 206 207 213 216 218 237 241 249 263 280 332 369 371 398 404 416 474 496 512 522 63 76 92
16:0 104 156 164 168 182 19 207 213 216 218 237 240 241 263 332 365 369 496 526 92
17:0 104 156 164 168 182 19 207 213 216 218 237 240 241 263 332 365 369 496 526 92
18:0 104 156 164 168 182 19 207 213 216 218 237 240 241 263 332 365 369 416 496 526 63 92
19:0 104 15 156 164 168 182 207 213 216 218 237 240 241 247 249 263 269 365 369 447 451 496 514 526 528 58 59 85 86 87 91 92
20:0 104 14 15 156 164 168 182 207 213 216 218 237 240 241 247 249 263 269 365 369 416 447 451 46 496 514 526 528 58 59 63 70 85 86 87 91 92
21:0 104 156 164 168 182 19 206 207 213 216 218 237 240 241 263 332 365 369 496 497 526 92
22:0 104 156 164 168 182 19 206 207 213 216 218 237 240 241 263 332 365 369 416 496 497 526 63 92
23:0 104 156 157 164 168 182 188 207 213 216 218 237 240 241 259 263 317 371 398 474 482 496 523 70 89 91 92
24:0 104 156 157 164 168 182 188 207 213 216 218 237 240 241 259 263 317 371 398 416 474 482 496 523 525 63 70 89 91 92
25:0 104 113 148 156 164 182 207 213 216 218 237 240 249 263 280 374 447 451 496 497 521 528 70 85 86 87 91 92
26:0 104 113 148 156 164 168 182 207 213 216 218 237 240 249 263 280 374 411 416 447 451 496 497 521 528 63 70 85 86 87 91 92
27:0 104 14 15 156 157 164 168 182 201 207 213 216 218 219 237 241 249 263 280 317 332 360 374 398 404 421 468 496 523 70 89 91 92
28:0 104 14 15 156 157 164 168 182 201 207 213 216 218 219 237 241 249 263 280 317 332 360 374 398 404 411 416 421 444 468 496 523 63 70 89 91 92
29:0 104 15 156 164 168 182 188 207 213 216 218 237 240 241 249 263 332 398 421 468 474 496 58 59 70 85 87 91 92
30:0 104 15 156 164 168 182 188 207 213 216 218 237 240 241 249 263 332 398 421 468 474 496 497 58 59 70 85 87 91 92
31:0 104 126 15 156 157 164 168 182 188 201 207 213 216 218 237 240 241 247 249 259 263 269 280 317 332 374 398 411 416 421 444 46 468 474 479 482 496 497 510 511 523 525 53 57 58 59 63 70 85 87 89 91 92
32:0 104 15 156 164 168 182 188 207 213 216 218 237 240 241 249 263 398 421 468 474 496 497 58 59 70 85 87 91 92
33:0 104 15 156 164 168 182 188 207 213 216 218 237 240 241 249 263 398 421 468 474 496 497 58 59 70 85 87 91 92
34:0 104 126 15 156 157 164 168 182 188 201 207 213 216 218 237 240 241 247 249 259 263 269 280 317 374 398 411 416 421 444 46 468 474 479 482 496 497 510 511 523 525 53 57 58 59 63 70 85 87 89 91 92
35:0 104 113 115 126 138 148 156 164 182 207 213 216 218 219 237 240 241 244 247 249 263 280 347 374 447 451 473 477 496 497 510 514 526 53 58 59 70 76 85 86 87 91 92 94
36:0 104 113 115 126 138 148 156 164 182 207 213 216 218 219 237 240 241 244 247 249 263 280 347 374 411 416 447 451 473 477 496 497 510 514 526 53 58 59 63 70 76 85 86 87 91 92 94
37:0 104 126 156 164 182 207 213 216 218 219 237 241 244 261 263 315 371 412 46 488 496 510 53 91 92
38:0 104 126 138 156 164 182 207 213 216 218 219 237 241 244 261 263 315 347 371 412 416 46 473 488 496 510 53 63 76 91 92
39:0 104 113 115 126 138 148 156 164 182 207 213 216 218 219 237 240 241 244 247 263 280 360 374 447 451 496 497 510 514 526 528 53 58 59 70 76 85 86 87 91 92 94
40:0 104 113 115 126 138 148 156 164 182 207 213 216 218 219 237 240 241 244 247 263 280 360 374 411 416 447 451 496 497 510 514 526 528 53 58 59 63 70 76 85 86 87 91 92 94
41:0 104 156 164 168 182 188 19 207 213 216 218 237 240 241 247 259 263 269 332 365 369 371 474 496 512 92
42:0 104 156 164 168 182 188 19 207 213 216 218 237 240 241 247 259 263 269 332 365 369 371 416 474 496 512 63 92
43:0 104 14 148 15 156 164 182 188 207 213 216 218 237 241 263 412 447 474 496 76 92
44:0 104 14 148 15 156 164 182 188 207 213 216 218 237 241 263 374 412 447 474 496 76 92
45:0 104 14 148 15 156 164 182 188 207 213 216 218 237 241 263 374 412 416 447 474 496 63 76 92
46:0 104 113 14 148 15 156 164 168 182 188 206 207 213 216 218 237 241 249 263 280 332 404 412 447 468 474 496 522 76 91 92
47:0 104 113 14 148 15 156 164 168 182 188 206 207 213 216 218 237 241 249 263 280 332 404 412 416 447 468 474 496 522 63 76 91 92
48:0 104 148 156 164 168 182 188 207 213 216 218 237 241 263 474 496 522 76 92 94
49:0 104 148 156 164 168 182 188 207 213 216 218 237 241 263 332 369 412 416 474 496 512 522 63 76 92 94
50:0 104 15 156 157 164 168 182 188 201 207 213 216 218 237 241 249 263 317 332 421 468 496 497 523 89 91 92
51:0 104 15 156 157 164 168 182 188 201 207 213 216 218 237 241 249 263 317 332 416 421 444 468 482 496 497 523 63 89 91 92
52:0 104 138 148 15 156 164 168 182 207 213 216 218 237 240 241 244 247 259 263 269 332 369 371 421 468 496 497 514 526 85 87 91 92
53:0 104 138 148 15 156 164 168 182 207 213 216 218 237 240 241 244 247 259 263 269 332 369 371 373 416 421 46 468 496 497 514 526 63 85 87 91 92
54:0 104 113 127 148 156 164 182 207 213 216 218 237 240 244 249 258 263 280 291 332 347 374 421 468 473 477 496 503 57 58 59 70 91 92 94
55:0 104 113 127 148 156 164 182 207 213 216 218 237 240 244 249 258 263 280 291 332 347 374 411 416 421 468 473 477 490 496 503 57 58 59 63 70 91 92 94
56:0 104 156 157 164 168 182 207 213 216 218 237 240 241 249 263 269 280 315 317 332 339 369 371 374 398 411 468 479 490 496 512 514 523 526 70 85 87 89 91 92
57:0 104 156 157 164 168 182 207 213 216 218 237 240 241 249 263 269 280 315 317 332 339 369 371 374 398 411 416 444 468 479 490 496 512 514 523 526 63 70 85 87 89 91 92
58:0 104 126 156 164 168 182 207 213 216 218 219 237 241 249 261 263 315 332 46 488 496 510 514 528 53 555 70 91 92
59:0 104 126 156 164 168 182 207 213 216 218 219 237 241 249 261 263 315 332 416 46 488 496 510 514 523 528 53 555 63 70 76 91 92
60:0 104 127 156 164 168 182 207 213 216 218 237 240 258 263 291 496 503 57 58 59 91 92 94
61:0 104 127 156 164 168 182 207 213 216 218 237 240 249 258 263 280 291 374 496 503 523 57 58 59 70 89 91 92 94
62:0 104 127 156 157 164 168 182 207 213 216 218 237 240 249 258 263 280 291 317 339 371 374 398 411 416 490 496 503 523 526 57 58 59 63 70 89 91 92 94
63:0 104 113 115 138 148 156 164 168 182 207 213 216 218 219 237 240 241 244 247 259 263 269 347 373 374 412 433 447 451 473 477 496 502 86 92 94
64:0 104 113 115 138 148 156 164 168 182 207 213 216 218 219 237 240 241 244 247 259 263 269 347 373 374 412 433 447 451 473 477 496 502 86 92 94
65:0 104 113 115 138 148 156 164 168 182 207 213 216 218 219 237 240 241 244 247 259 263 269 347 373 374 411 412 416 433 447 451 473 477 496 502 63 86 92 94
66:0 104 113 126 156 157 164 168 182 207 213 216 218 237 240 241 249 263 280 317 339 371 374 398 411 479 490 496 510 514 523 526 53 70 89 91 92
67:0 104 113 126 156 157 164 168 182 207 213 216 218 237 240 241 249 263 280 317 339 371 374 398 411 479 490 496 510 514 523 526 53 70 89 91 92
68:0 104 113 126 156 157 164 168 182 207 213 216 218 237 240 241 249 263 280 317 339 371 374 398 411 416 444 479 490 496 510 514 523 526 53 63 70 89 91 92
69:0 104 115 14 148 15 156 164 168 182 188 207 213 216 218 237 241 263 412 447 474 496 76 92
70:0 104 115 14 148 15 156 164 168 182 188 207 213 216 218 237 241 263 412 447 474 496 76 92
71:0 104 115 14 148 15 156 164 168 182 188 207 213 216 218 237 241 263 412 416 447 474 496 63 76 92
72:0 104 127 14 15 156 164 168 182 188 207 213 216 218 219 237 240 258 263 291 371 398 474 482 496 503 57 58 59 92
73:0 104 127 14 15 156 164 168 182 188 207 213 216 218 219 237 240 258 263 291 371 398 416 474 482 496 503 57 58 59 63 92
74:0 104 126 153 156 157 164 182 201 207 213 216 218 237 241 249 263 280 317 360 374 397 444 479 496 510 523 53 70 89 91 92
75:0 104 126 153 156 157 164 182 201 207 213 216 218 237 241 249 263 280 317 360 374 397 444 479 496 510 523 53 70 89 91 92
76:0 104 126 153 156 157 164 182 201 207 213 216 218 237 241 249 263 280 317 360 374 397 411 416 444 46 479 496 510 523 53 63 70 89 91 92
77:0 104 126 156 164 182 207 213 216 218 237 241 261 263 315 488 496 497 510 528 53 70 76 92
78:0 104 126 156 164 182 207 213 216 218 237 241 261 263 315 398 416 488 496 497 510 528 53 63 70 76 92
79:0 104 113 126 138 148 156 164 182 207 213 216 218 219 237 240 241 244 247 258 263 291 347 433 447 473 477 496 497 503 510 523 53 57 58 59 70 86 89 91 92 94
80:0 104 113 126 138 148 156 164 182 207 213 216 218 219 237 240 241 244 247 249 258 263 280 291 332 347 374 411 416 433 447 473 477 496 497 503 510 523 53 57 58 59 63 70 86 89 91 92 94
81:0 104 113 115 148 153 156 164 182 207 216 218 237 240 241 244 263 360 430 451 496 521 528 85 86 87 92
82:0 104 113 115 148 153 156 164 182 207 216 218 237 240 241 244 263 360 416 430 451 496 521 528 63 85 86 87 92
83:0 104 14 15 156 164 168 182 19 206 207 213 216 218 237 241 244 263 332 365 369 398 496 512 514 526 92
84:0 104 156 164 168 182 19 207 213 216 218 237 241 263 332 365 496 497 526 92
85:0 104 156 164 168 182 19 207 213 216 218 237 241 259 263 269 332 365 371 416 496 497 526 63 92
86:0 104 127 156 164 168 182 207 213 216 218 219 237 240 258 263 291 374 496 497 57 58 59 92
87:0 104 127 156 164 168 182 207 213 216 218 219 237 240 258 263 291 374 416 496 497 524 57 58 59 63 92
88:0 104 126 153 156 157 164 168 182 188 207 213 216 218 237 240 241 247 259 263 269 317 371 374 398 474 482 496 510 53 70 85 87 91 92
89:0 104 126 153 156 157 164 168 182 188 207 213 216 218 237 240 241 247 249 259 263 269 280 317 371 374 398 411 416 474 482 496 510 53 63 70 85 87 91 92
90:0 104 153 156 164 182 207 213 216 218 237 240 258 263 291 371 496 57 58 59 92
91:0 104 153 156 164 182 207 213 216 218 237 240 258 259 263 291 371 398 416 496 524 57 58 59 63 92
92:0 104 138 153 156 164 168 182 188 207 213 216 218 237 240 241 244 247 259 261 263 269 371 373 412 433 474 477 496 85 92 94
93:0 104 138 153 156 164 168 182 188 207 213 216 218 237 240 241 244 247 259 261 263 269 371 373 374 398 412 421 433 474 477 496 85 92 94
94:0 104 138 153 156 164 168 182 188 207 213 216 218 237 240 241 244 247 249 259 261 263 269 280 371 373 374 398 411 412 416 421 433 474 477 496 63 70 85 87 92 94
95:0 104 153 156 157 164 182 201 207 213 216 218 237 241 244 249 259 263 269 317 360 371 397 430 444 46 479 496 523 525 70 89 91 92
96:0 104 113 115 138 148 156 164 168 182 207 213 216 218 219 237 240 241 244 247 259 263 269 280 347 374 433 447 473 477 490 496 86 92 94
97:0 104 113 115 138 148 156 164 168 182 207 213 216 218 219 237 240 241 244 247 259 263 269 280 347 374 411 416 433 447 473 477 490 496 63 86 92 94
98:0 104 14 15 156 157 164 168 182 206 207 213 216 218 237 240 249 258 263 280 291 317 374 404 468 496 503 57 58 59 70 91 92
99:0 104 14 15 156 157 164 168 182 206 207 213 216 218 237 240 249 258 263 280 291 317 374 404 416 468 496 503 511 57 58 59 63 70 91 92
100:0 104 113 148 153 156 164 168 182 207 216 218 237 240 259 263 269 360 451 496 521 528 85 86 87 92
101:0 104 113 148 153 156 164 168 182 207 216 218 237 240 259 263 269 360 416 451 496 521 528 63 85 86 87 92
102:0 104 113 115 138 14 148 153 156 164 168 182 188 207 213 216 218 237 241 244 263 412 433 447 477 496 70 76 92 94
103:0 104 113 115 138 14 148 153 156 164 168 182 188 207 213 216 218 237 241 244 263 412 416 433 447 473 477 496 63 70 76 92 94
104:0 104 126 14 156 157 164 168 182 201 206 207 213 216 218 237 241 249 263 280 317 332 374 479 496 497 510 514 523 53 58 59 70 89 91 92
105:0 104 126 14 156 157 164 168 182 201 206 207 213 216 218 237 241 249 263 280 317 332 374 411 416 444 479 496 497 510 514 523 53 58 59 63 70 89 91 92
106:0 104 156 157 164 168 182 207 213 216 218 237 240 241 249 263 280 317 339 374 398 411 444 490 496 514 523 526 70 89 92
107:0 104 156 157 164 168 182 207 213 216 218 237 240 241 249 263 280 317 339 374 411 444 490 496 514 523 526 70 89 92
108:0 104 126 138 14 15 156 157 164 168 182 201 207 213 216 218 237 240 241 244 247 249 263 280 317 374 416 496 510 514 523 525 526 53 57 58 59 63 70 76 85 87 89 91 92
109:0 104 126 148 153 156 164 168 182 188 207 213 216 218 237 240 241 247 259 261 263 269 360 371 474 496 510 53 85 87 92
110:0 104 126 148 153 156 164 168 182 188 207 213 216 218 237 240 241 247 259 261 263 269 360 371 416 474 496 510 53 63 85 87 92
111:0 104 126 14 156 157 164 168 182 201 207 213 216 218 237 240 241 249 263 317 371 397 398 444 46 496 510 523 53 58 59 70 85 87 89 91 92
112:0 104 126 14 15 156 157 164 168 182 201 207 213 216 218 237 240 241 249 263 280 317 371 374 397 398 411 416 421 444 46 479 496 510 523 525 53 57 58 59 63 70 85 87 89 91 92
113:0 104 113 126 138 148 156 157 164 182 201 207 213 216 218 219 237 240 241 244 247 249 258 263 280 317 347 374 416 447 451 496 497 510 514 523 526 528 53 58 59 63 70 76 85 86 87 89 92 94
114:0 104 115 14 148 15 156 164 168 182 188 207 213 216 218 237 241 244 249 263 412 416 447 496 63 76 92
115:0 104 126 15 156 157 164 168 182 201 207 213 216 218 219 237 240 241 247 249 258 263 280 317 332 374 411 416 421 46 496 510 514 523 526 53 57 58 59 63 70 76 85 87 89 91 92
116:0 104 127 156 164 182 207 213 216 218 237 240 258 263 291 430 496 503 57 58 59 92
117:0 104 127 156 164 182 207 213 216 218 237 240 258 263 291 416 430 496 503 57 58 59 63 92
118:0 104 127 156 164 182 207 213 216 218 237 240 258 263 291 398 496 503 57 58 59 92
119:0 104 127 156 164 182 207 213 216 218 237 240 258 263 291 398 416 496 503 57 58 59 63 92
120:0 104 113 115 127 148 156 164 182 207 216 218 237 240 244 258 263 291 360 430 496 503 57 58 59 85 86 87 92 94
121:0 104 113 115 127 138 148 156 164 182 207 216 218 237 240 244 258 263 291 360 416 430 433 447 473 477 496 503 57 58 59 63 85 86 87 92 94
122:0 104 113 115 138 148 156 164 168 182 207 213 216 218 219 237 240 241 244 247 259 263 269 280 332 347 371 374 411 412 416 433 447 451 473 477 496 63 76 85 86 87 92 94
123:0 104 113 14 15 156 164 168 182 206 207 213 216 218 219 237 240 241 249 263 280 332 369 404 416 496 522 63 92
124:0 104 113 115 138 148 156 164 168 182 207 213 216 218 237 240 244 247 258 259 263 269 280 347 371 374 411 412 416 433 447 473 477 496 497 524 58 59 63 92 94
125:0 104 113 148 156 164 168 182 207 213 216 218 237 240 249 263 280 374 411 416 451 490 496 521 528 63 70 85 86 87 92 94
126:0 104 126 156 164 168 182 207 213 216 218 237 241 249 261 263 280 315 374 411 416 488 490 496 510 53 63 70 92 94
127:0 104 14 15 156 157 164 168 182 206 207 213 216 218 237 240 241 249 263 280 317 339 374 404 411 416 444 479 496 522 523 63 70 89 91 92
128:0 104 126 156 157 164 182 201 207 213 216 218 237 240 241 249 263 317 371 416 444 496 510 514 523 526 528 53 57 58 59 63 70 76 85 87 89 92
129:0 
130:0 104 126 127 156 164 182 201 207 213 216 218 237 240 249 258 259 263 269 291 371 416 444 46 496 503 510 523 525 53 57 58 59 63 70 85 86 87 89 92
131:0 104 127 138 156 164 182 207 213 216 218 219 237 240 249 258 263 291 416 46 496 497 523 524 57 58 59 63 70 85 87 92 94
132:0 
133:0 104 156 164 182 207 213 216 218 237 240 241 247 263 496 497 514 526 91 92
134:0 104 127 156 164 182 207 213 216 218 237 240 241 247 249 258 263 291 416 46 496 497 503 514 526 57 58 59 63 70 91 92
135:0 104 113 148 156 164 182 207 213 216 218 237 240 241 247 249 263 416 451 46 496 497 514 521 526 528 63 70 85 86 87 91 92
136:0 104 126 156 164 182 207 213 216 218 237 240 241 247 249 261 263 315 416 46 488 496 497 510 514 526 53 63 70 91 92
137:0 104 138 148 156 164 168 182 207 216 218 237 240 241 244 247 263 332 416 433 451 473 496 58 59 63 76 85 86 87 92 94
138:0 104 127 156 157 164 168 182 201 207 213 216 218 237 240 249 258 263 291 317 360 397 479 496 503 57 58 59 92
139:0 104 127 156 157 164 168 182 201 207 213 216 218 237 240 249 258 263 291 317 360 397 416 444 479 496 503 57 58 59 63 92
140:0 104 127 156 157 164 168 182 201 207 213 216 218 237 240 249 258 263 317 397 468 479 496 503 57 58 59 91 92
141:0 104 127 14 15 156 157 164 168 182 201 207 213 216 218 237 240 249 258 263 280 291 317 332 397 404 416 444 468 479 496 503 57 58 59 63 91 92
142:0 104 126 156 157 164 168 182 19 201 207 213 216 218 237 240 241 249 259 263 269 317 332 337 371 397 416 444 46 468 479 496 507 510 523 53 63 70 89 92
143:0 104 126 156 157 164 182 201 207 213 216 218 237 240 241 247 249 263 280 317 374 411 416 479 496 510 514 523 526 528 53 57 58 59 63 70 76 85 87 89 92 94
144:0 104 115 156 164 182 19 201 207 216 218 237 240 241 249 258 263 332 365 369 416 46 496 507 524 58 59 63 92
145:0 104 113 148 156 164 182 19 201 207 216 218 237 240 241 249 263 332 365 369 416 451 46 496 507 521 528 63 85 86 87 92
146:0 104 126 156 164 182 19 201 207 216 218 219 237 240 241 249 261 263 315 332 365 369 416 46 488 496 507 510 53 63 76 92
147:0 104 113 126 127 156 164 182 207 213 216 218 219 237 240 241 258 263 496 510 525 53 57 58 59 63 85 86 87 92
148:0 104 113 126 127 156 164 182 207 213 216 218 219 237 240 241 258 263 496 510 525 53 57 58 59 63 85 86 87 92
149:0 104 113 126 127 15 156 157 164 182 19 201 207 213 216 218 219 237 240 241 249 258 263 280 291 317 332 337 374 411 416 444 46 468 496 507 510 523 525 53 57 58 59 63 70 85 86 87 89 92
150:0 104 113 115 126 138 148 156 157 164 182 201 207 216 218 219 237 240 241 244 247 249 258 259 261 263 269 280 317 332 339 347 373 374 398 411 412 416 433 444 447 451 473 477 490 496 510 523 53 58 59 63 70 76 85 86 87 89 92 94
151:0 104 113 115 126 127 138 14 148 15 153 156 157 164 168 182 188 19 201 206 207 213 216 218 219 237 240 241 244 247 249 258 259 261 263 269 280 291 315 317 332 337 339 347 360 365 369 371 373 374 397 398 404 411 412 416 421 430 433 444 447 451 46 468 473 474 477 479 482 488 490 496 497 502 503 507 510 511 512 514 521 522 523 524 525 526 528 53 555 57 58 59 63 70 76 85 86 87 89 91 92 94
152:0 104 113 115 14 148 15 156 164 182 207 213 216 218 219 237 241 263 412 447 496 497 76 92
153:0 104 113 115 14 148 15 156 164 182 207 213 216 218 219 237 241 249 263 412 447 496 497 70 76 92
154:0 104 113 115 14 148 15 156 164 182 207 213 216 218 219 237 241 249 263 412 416 447 496 497 523 525 63 70 76 89 92
155:0 104 126 15 156 164 182 207 213 216 218 237 241 261 263 315 332 488 496 510 528 53 91 92
156:0 104 126 15 156 164 182 207 213 216 218 237 241 249 261 263 280 315 332 46 488 496 510 528 53 70 91 92
157:0 104 126 15 156 157 164 182 207 213 216 218 237 241 249 261 263 280 315 317 332 360 374 411 416 421 46 488 496 510 523 528 53 63 70 76 89 91 92
158:0 104 127 14 15 156 157 164 182 207 213 216 218 237 240 258 263 280 291 317 332 337 374 421 468 496 503 57 58 59 91 92
159:0 104 127 14 15 156 157 164 182 207 213 216 218 237 240 249 258 263 280 291 317 332 337 374 421 46 468 496 503 57 58 59 70 91 92
160:0 104 127 14 15 156 157 164 182 207 213 216 218 237 240 249 258 263 280 291 317 332 337 374 411 416 421 46 468 496 503 523 525 57 58 59 63 70 89 91 92
161:0 104 15 156 164 168 182 207 213 216 218 237 240 241 247 263 280 369 374 421 447 451 468 496 497 514 526 53 57 58 76 85 91 92
162:0 104 15 156 164 168 182 207 213 216 218 237 240 241 247 249 263 280 369 374 411 416 421 447 451 468 496 497 514 526 53 57 58 59 63 70 76 85 87 91 92
163:0 104 115 138 156 164 168 182 19 207 213 216 218 237 240 241 244 247 263 332 365 496 497 526 92 94
164:0 104 115 138 156 164 168 182 19 207 213 216 218 237 240 241 244 247 263 332 365 416 496 497 526 63 92 94
165:0 104 113 115 14 148 156 164 168 182 207 213 216 218 219 237 241 263 280 332 369 374 496 512 522 76 91 92
166:0 104 113 115 14 148 156 164 168 182 207 213 216 218 219 237 241 249 263 280 332 369 374 411 416 496 512 522 63 70 76 91 92
167:0 104 148 156 164 168 182 188 207 213 216 218 237 241 263 398 468 474 496 522 76 91 92 94
168:0 104 148 156 164 168 182 188 207 213 216 218 237 241 263 398 416 468 474 496 522 63 76 91 92 94
169:0 104 156 164 168 182 188 19 207 213 216 218 237 240 241 247 259 263 269 332 365 369 371 404 416 474 496 512 63 92
170:0 104 127 148 156 164 182 207 213 216 218 237 240 258 263 291 451 496 503 521 528 57 58 59 85 86 87 92
171:0 104 127 148 156 164 182 207 213 216 218 237 240 258 263 291 416 451 496 503 521 528 57 58 59 63 85 86 87 92
172:0 104 113 148 156 164 182 207 213 216 218 237 240 263 374 447 451 496 497 521 528 85 86 87 92
173:0 104 113 115 126 138 148 156 164 182 207 213 216 218 219 237 240 241 244 247 263 374 447 473 477 496 497 510 526 53 76 86 91 92 94
174:0 104 113 115 126 138 148 156 164 182 207 213 216 218 219 237 240 241 244 247 263 374 447 496 497 510 526 528 53 76 86 91 92 94
175:0 104 113 115 126 138 148 156 164 182 207 213 216 218 219 237 240 241 244 247 249 263 374 447 473 477 496 497 510 526 53 76 86 92 94
176:0 104 113 115 126 138 148 156 164 182 19 207 213 216 218 219 237 240 241 244 247 249 263 280 332 374 416 447 473 477 496 497 510 514 526 53 63 76 86 92 94
177:0 104 113 115 138 148 156 164 168 182 207 213 216 218 237 240 241 244 247 263 332 347 365 369 433 447 473 477 496 502 76 86 92 94
178:0 104 113 115 138 148 156 164 168 182 19 207 213 216 218 237 240 241 244 247 263 332 347 365 369 416 433 447 473 477 496 502 63 76 86 92 94
179:0 104 113 148 156 164 182 207 213 216 218 219 237 240 263 451 496 497 528 85 86 87 92
180:0 104 113 148 156 164 182 207 213 216 218 219 237 240 249 263 280 374 451 496 497 521 528 70 85 86 87 92
181:0 104 113 148 156 164 182 207 213 216 218 219 237 240 249 263 280 374 411 416 451 496 497 521 523 528 63 70 85 86 87 92
182:0 104 14 148 15 156 164 182 188 207 213 216 218 219 237 241 263 374 412 416 447 474 496 63 76 92
183:0 104 113 127 156 164 182 207 213 216 218 237 240 249 258 263 280 291 374 447 496 503 526 57 58 59 70 91 92
184:0 104 113 127 156 164 182 207 213 216 218 237 240 249 258 263 280 291 374 411 416 447 496 503 523 526 57 58 59 63 70 91 92
185:0 104 153 156 157 164 168 182 201 207 213 216 218 237 241 244 249 259 263 269 280 317 347 374 397 444 479 496 523 70 89 91 92
186:0 104 127 156 164 168 182 207 213 216 218 237 240 249 258 263 280 291 371 374 411 416 496 497 503 523 57 58 59 63 70 89 91 92 94
187:0 104 115 14 148 156 164 182 207 213 216 218 237 241 244 263 332 369 412 447 496 512 76 92
188:0 104 115 14 148 156 164 182 207 213 216 218 237 241 244 263 332 369 412 447 496 512 76 92
189:0 104 115 14 148 156 164 182 207 213 216 218 237 241 244 263 332 369 412 416 447 496 512 63 76 92
190:0 104 138 15 156 164 168 182 207 213 216 218 237 240 241 247 249 263 269 280 332 369 371 374 421 447 468 490 496 512 514 526 70 76 85 86 87 91 92
191:0 104 113 14 148 15 156 164 182 188 207 213 216 218 219 237 241 263 412 447 496 76 92
192:0 104 113 14 148 15 156 164 182 188 207 213 216 218 219 237 241 263 412 416 447 496 63 76 92
193:0 104 138 148 156 164 168 182 207 213 216 218 237 241 247 263 332 369 496 76 92 94
194:0 104 127 148 156 164 182 188 201 207 213 216 218 219 237 240 249 258 263 291 482 496 503 523 57 58 59 89 91 92
195:0 104 127 148 156 157 164 168 182 188 201 207 213 216 218 219 237 240 249 258 263 280 291 317 374 411 416 444 482 496 503 523 57 58 59 63 70 89 91 92
196:0 104 113 115 138 148 15 156 164 182 207 213 216 218 237 240 241 244 247 263 347 416 433 447 473 477 496 497 514 526 63 91 92 94
197:0 104 138 148 15 156 164 182 207 213 216 218 237 240 241 244 247 259 263 269 371 416 496 497 514 526 555 63 91 92 94
198:0 104 138 156 164 168 182 19 207 213 216 218 237 240 241 244 247 259 263 269 332 347 365 371 373 496 511 514 555 86 92 94
199:0 104 113 126 138 148 156 164 182 207 213 216 218 219 237 240 241 244 247 249 258 263 280 291 347 374 411 416 433 447 473 477 496 497 503 510 511 523 525 53 57 58 59 63 70 86 89 91 92 94
200:0 104 138 148 156 164 168 182 207 213 216 218 237 240 241 244 247 259 261 263 269 332 347 371 373 433 451 477 496 497 85 86 87 92 94
201:0 
202:0 
203:0 104 113 115 138 148 156 164 168 182 207 213 216 218 237 240 241 244 247 249 263 347 412 433 447 451 473 477 496 497 514 523 526 70 85 86 87 89 92 94
204:0 104 113 115 153 156 157 164 182 201 207 213 216 218 237 241 249 263 317 360 371 474 496 522 523 70 76 89 91 92
205:0 104 113 115 153 156 157 164 182 201 207 213 216 218 237 241 249 263 317 360 371 397 416 430 474 496 521 522 523 63 70 76 89 91 92
206:0 104 126 138 156 157 164 168 182 207 213 216 218 237 240 241 244 247 249 263 317 347 360 398 451 496 510 514 523 528 53 58 59 70 76 85 86 87 89 91 92
207:0 104 14 15 156 157 164 168 182 188 201 206 207 213 216 218 237 240 241 249 259 263 269 280 317 332 369 371 374 397 398 404 444 468 474 496 512 522 523 70 89 91 92
208:0 104 15 153 156 157 164 182 201 207 213 216 218 237 241 244 249 259 263 269 317 360 371 397 416 430 444 46 479 496 523 525 63 70 89 91 92
209:0 104 115 126 156 164 168 182 188 207 213 216 218 237 240 241 247 249 259 263 269 280 315 339 371 374 46 496 510 514 523 526 528 53 555 70 76 85 86 87 89 91 92
210:0 104 115 126 156 157 164 168 182 188 207 213 216 218 237 240 241 247 249 259 263 269 280 315 317 339 371 374 411 416 444 46 496 510 514 523 526 528 53 555 63 70 76 85 86 87 89 91 92
211:0 104 127 153 156 164 182 188 207 213 216 218 237 240 247 258 263 269 291 360 371 398 474 482 496 503 57 58 59 86 92
212:0 104 113 14 15 156 164 168 182 201 206 207 213 216 218 219 237 240 241 249 263 280 332 369 374 404 416 430 474 496 512 522 63 70 92
213:0 104 148 156 157 164 182 188 201 207 213 216 218 219 237 241 249 263 317 360 397 444 474 479 482 496 522 523 70 89 91 92
214:0 104 14 15 156 157 164 168 182 206 207 213 216 218 237 240 241 249 263 280 317 332 374 411 416 421 444 474 479 496 514 522 523 526 63 70 89 91 92
215:0 104 115 138 14 15 156 164 168 182 206 207 213 216 218 237 240 241 244 247 249 258 259 263 269 280 332 347 371 373 374 398 404 421 468 490 496 514 555 57 58 59 70 91 92
216:0 104 14 15 156 157 164 168 182 207 213 216 218 237 240 241 249 259 263 269 280 317 332 339 371 374 421 46 468 496 514 523 526 70 89 91 92
217:0 104 14 15 156 157 164 168 182 207 213 216 218 237 240 241 249 259 263 269 280 317 332 339 371 374 411 416 421 444 46 468 479 496 514 523 526 63 70 89 91 92
218:0 104 113 115 126 156 157 164 182 207 213 216 218 237 241 249 261 263 315 317 488 496 510 53 92
219:0 104 113 115 126 153 156 157 164 182 201 207 213 216 218 237 241 249 261 263 315 317 360 397 416 444 479 488 496 510 523 53 63 70 76 89 92
220:0 104 113 115 156 157 164 182 201 207 213 216 218 237 240 249 258 263 317 46 496 523 58 59 70 89 91 92
221:0 104 113 115 156 157 164 182 201 207 213 216 218 237 240 249 258 263 317 416 444 46 496 523 58 59 63 70 89 91 92
222:0 104 113 115 153 156 157 164 182 201 207 213 216 218 219 237 240 241 247 249 258 263 317 347 397 444 496 503 523 57 58 59 70 89 91 92 94
223:0 104 126 127 156 164 168 182 207 213 216 218 237 240 241 263 291 451 479 496 503 510 53 57 58 59 63 86 92 94
224:0 104 126 127 156 164 168 182 188 207 213 216 218 237 240 241 263 291 371 412 416 430 451 479 482 496 503 510 53 57 58 59 63 86 92 94
225:0 104 156 164 168 182 19 207 213 216 218 237 240 258 263 280 332 365 374 496 524 58 59 92
226:0 104 127 156 157 164 182 207 213 216 218 237 240 258 263 291 317 332 416 496 503 512 523 57 58 59 63 89 92
227:0 104 14 148 15 156 157 164 168 182 19 201 207 213 216 218 237 241 249 259 263 269 317 332 365 371 404 430 46 496 507 92
228:0 104 126 138 156 164 168 182 188 207 213 216 218 237 241 247 249 259 261 263 269 315 371 373 46 488 496 510 514 53 555 76 92
229:0 104 126 138 156 164 168 182 188 207 213 216 218 237 241 247 249 259 261 263 269 315 371 373 416 46 488 496 510 514 53 555 63 70 76 92
230:0 104 127 156 164 182 207 213 216 218 237 240 258 263 291 416 430 496 503 511 57 58 59 63 92
231:0 104 156 157 164 182 201 207 213 216 218 237 241 249 263 317 46 496 497 523 70 89 92
232:0 104 156 157 164 182 201 207 213 216 218 237 241 249 263 317 360 397 398 416 444 46 496 497 523 63 70 89 92
233:0 104 138 148 156 164 168 182 207 216 218 237 240 241 244 247 263 332 416 433 451 473 496 58 59 63 76 85 86 87 92 94
234:0 104 113 115 138 148 156 164 168 182 207 213 216 218 237 240 241 244 247 263 347 412 416 433 451 46 473 496 514 523 526 528 76 85 86 87 89 92 94
235:0 
236:0 104 156 157 164 168 182 207 213 216 218 237 240 241 249 263 280 339 490 496 514 523 526 70 89 92
237:0 104 156 157 164 168 182 201 207 213 216 218 237 240 241 249 263 280 332 339 360 444 490 496 514 523 526 70 89 91 92
238:0 104 113 115 138 148 156 164 168 182 207 213 216 218 237 240 244 247 258 263 347 371 374 433 447 473 496 497 524 58 59 92 94
239:0 104 113 148 156 164 168 182 207 213 216 218 237 240 249 263 280 374 451 496 521 528 85 86 87 92 94
240:0 104 126 156 164 168 182 207 213 216 218 237 241 249 261 263 280 315 374 488 496 510 53 92 94
241:0 104 156 157 164 182 201 207 213 216 218 237 240 241 244 247 249 263 280 317 360 374 411 416 496 497 514 523 526 57 58 59 63 70 76 85 86 87 89 92
242:0 104 113 126 138 148 156 157 164 182 201 207 213 216 218 219 237 240 241 244 247 249 258 263 280 317 347 374 411 416 447 451 496 497 510 514 523 526 528 53 58 59 63 70 76 85 86 87 89 92 94
243:0 104 113 115 148 15 156 164 182 201 207 216 218 237 240 241 244 247 249 263 347 416 451 46 496 511 521 523 528 555 63 70 85 86 87 91 92
244:0 104 115 126 148 15 156 164 182 201 207 216 218 237 240 241 244 247 249 261 263 315 347 416 444 46 488 496 510 511 523 53 555 63 70 76 91 92
245:0 104 115 127 15 156 164 182 201 207 216 218 237 240 241 244 247 249 258 263 291 347 416 46 496 503 511 523 555 57 58 59 63 91 92
246:0 104 156 157 164 182 201 207 213 216 218 237 240 241 249 259 263 269 280 317 371 397 444 479 496 514 523 555 63 89 91 92
247:0 104 156 157 164 182 201 207 213 216 218 237 240 241 249 259 263 269 280 317 371 397 444 479 496 514 523 555 63 89 91 92
248:0 104 126 15 156 157 164 182 201 207 213 216 218 237 240 241 249 259 263 269 280 317 332 337 371 374 397 411 416 421 444 46 468 479 496 510 514 523 525 53 555 57 58 59 63 70 85 86 87 89 91 92
249:0 104 113 115 127 138 148 156 164 182 19 201 207 216 218 219 237 240 241 244 247 249 258 263 291 332 347 416 451 46 473 477 496 497 507 523 525 57 58 59 63 70 85 86 87 89 92 94
250:0 104 113 115 126 138 148 156 164 182 19 201 207 216 218 219 237 240 241 244 247 249 261 263 315 332 347 365 416 451 46 488 496 497 507 510 523 53 63 70 76 85 86 87 89 92 94
251:0 104 113 115 138 14 148 15 156 164 182 201 207 216 218 219 237 240 241 244 247 263 332 347 369 374 412 416 433 447 451 496 497 63 76 86 92 94
252:0 104 14 148 15 156 157 164 182 207 213 216 218 219 237 241 249 263 280 317 332 374 412 447 496 512 70 76 91 92
253:0 104 14 148 15 156 157 164 182 206 207 213 216 218 219 237 241 249 263 280 317 332 374 404 412 447 490 496 512 70 76 91 92
254:0 104 14 148 15 156 157 164 182 206 207 213 216 218 219 237 241 249 263 280 317 332 337 374 404 411 412 416 447 46 468 490 496 512 523 63 70 76 89 91 92
255:0 104 126 14 15 156 157 164 182 207 213 216 218 237 241 249 261 263 315 317 332 421 468 488 496 497 510 53 70 91 92
256:0 104 126 14 15 156 157 164 182 207 213 216 218 237 241 249 261 263 280 315 317 332 339 374 398 411 421 468 488 490 496 497 510 526 53 70 91 92
257:0 104 126 14 15 156 157 164 182 207 213 216 218 237 241 249 261 263 280 315 317 332 339 374 398 411 416 421 444 46 468 488 490 496 497 510 512 523 526 53 63 70 76 89 91 92
258:0 104 127 156 157 164 182 207 213 216 218 237 240 249 258 263 291 317 482 496 497 503 57 58 59 70 91 92
259:0 104 127 156 157 164 182 207 213 216 218 237 240 249 258 263 280 291 317 374 482 496 497 503 523 57 58 59 70 89 91 92
260:0 104 127 156 157 164 182 207 213 216 218 237 240 249 258 263 280 291 317 374 411 416 444 46 482 496 497 503 523 57 58 59 63 70 89 91 92
261:0 104 156 164 168 182 207 213 216 218 237 240 241 247 249 259 263 269 371 373 46 496 510 514 555 91 92
262:0 104 156 164 168 182 207 213 216 218 237 240 241 247 249 259 263 269 371 373 416 46 496 510 514 555 63 70 91 92
263:0 104 15 156 164 168 182 207 213 216 218 237 240 241 247 249 263 374 447 451 468 496 497 514 526 57 58 59 85 86 87 91 92
264:0 104 15 156 164 168 182 207 213 216 218 237 240 241 247 249 263 374 416 421 447 451 46 468 496 497 514 526 57 58 59 63 70 85 86 87 91 92
265:0 
266:0 
267:0 104 148 156 164 168 182 207 213 216 218 219 237 241 247 263 332 369 412 416 474 496 512 522 63 76 92 94
268:0 
269:0 104 113 148 156 164 168 182 188 207 213 216 218 237 241 247 263 332 369 412 416 474 496 512 522 63 76 92 94
270:0 104 14 148 156 164 168 182 207 213 216 218 237 240 241 258 263 412 447 496 497 503 57 58 59 76 92
271:0 104 127 14 148 156 164 168 182 207 213 216 218 237 240 241 249 258 263 280 291 374 412 447 468 496 497 503 57 58 59 70 76 92
272:0 104 127 14 148 156 164 168 182 207 213 216 218 237 240 241 249 258 263 280 291 374 411 412 416 447 468 496 497 503 57 58 59 63 70 76 92
273:0 104 14 148 153 156 164 182 206 207 213 216 218 237 241 247 249 263 412 447 496 514 76 91 92
274:0 104 14 148 15 153 156 157 164 168 182 206 207 213 216 218 237 241 244 247 249 259 263 280 317 371 373 374 412 447 490 496 514 555 63 70 76 91 92
275:0 104 14 148 15 153 156 157 164 168 182 206 207 213 216 218 237 241 244 247 249 259 263 280 317 332 371 373 374 404 411 412 416 447 490 496 514 555 63 70 76 91 92
276:0 104 156 164 168 182 19 207 213 216 218 237 240 241 263 332 365 369 496 497 526 92
277:0 104 156 164 168 182 19 207 213 216 218 237 240 241 263 332 365 369 416 496 497 526 63 92
278:0 104 156 164 168 182 19 207 213 216 218 237 240 258 263 332 365 369 496 497 503 58 59 92
279:0 104 156 164 168 182 19 207 213 216 218 237 240 258 263 332 365 369 371 374 416 496 497 503 507 57 58 59 63 92
280:0 104 113 115 138 148 156 164 168 182 207 213 216 218 219 237 240 241 244 247 259 261 263 269 347 374 433 447 451 473 477 496 497 502 85 86 92 94
281:0 104 113 115 138 148 156 164 168 182 207 213 216 218 219 237 240 241 244 247 259 261 263 269 347 374 433 447 451 473 477 496 497 502 85 86 92 94
282:0 104 113 115 138 148 156 164 168 182 207 213 216 218 219 237 240 241 244 247 259 261 263 269 347 374 411 412 416 433 447 451 473 477 496 497 502 63 85 86 92 94
283:0 104 148 156 164 168 182 207 213 216 218 237 240 241 244 247 263 496 503 522 58 59 76 92
284:0 104 148 156 164 168 182 207 213 216 218 237 240 241 244 247 263 332 369 412 416 496 503 522 58 59 63 76 92
285:0 104 14 148 156 164 182 188 206 207 213 216 218 219 237 241 263 412 447 474 496 76 92
286:0 104 14 148 15 156 157 164 182 188 206 207 213 216 218 219 237 241 249 263 280 317 339 374 411 412 416 444 447 474 490 496 514 526 63 70 76 92
287:0 104 126 15 156 157 164 182 207 213 216 218 237 240 241 247 249 263 280 317 332 339 374 421 468 496 510 514 526 53 58 59 70 76 85 87 92
288:0 104 126 15 156 157 164 182 207 213 216 218 237 240 241 247 249 263 269 280 317 332 339 374 411 421 46 468 490 496 510 514 523 526 53 58 59 70 76 85 87 89 92
289:0 104 126 15 156 157 164 182 207 213 216 218 237 240 241 247 249 263 269 280 317 332 339 374 411 416 421 46 468 479 490 496 510 511 514 523 526 53 58 59 63 70 76 85 87 89 92
290:0 104 148 15 156 164 182 201 206 207 216 218 237 241 247 263 332 404 468 496 522 76 91 92
291:0 104 14 148 15 156 164 168 182 201 206 207 213 216 218 237 241 247 263 332 369 404 416 468 496 522 63 76 91 92
292:0 104 138 148 15 156 164 168 182 201 206 207 216 218 237 241 247 261 263 332 404 416 421 468 477 496 522 63 76 91 92
293:0 104 126 156 164 182 207 213 216 218 237 240 241 247 263 374 46 496 497 510 514 526 53 58 59 76 92
294:0 104 126 156 157 164 182 207 213 216 218 237 240 241 247 249 259 263 269 280 315 317 374 46 479 496 497 510 514 523 526 53 58 59 70 76 89 92
295:0 104 126 156 157 164 182 207 213 216 218 237 240 241 247 249 259 263 269 280 315 317 374 411 416 46 479 496 497 510 514 523 526 53 57 58 59 63 70 76 89 92
296:0 104 156 157 164 182 207 213 216 218 237 240 241 249 263 280 317 339 374 398 411 479 490 496 514 523 526 57 70 89 91 92
297:0 104 156 157 164 182 207 213 216 218 237 240 241 249 263 280 317 339 371 374 398 411 416 444 479 490 496 514 523 526 57 63 70 89 91 92
298:0 104 113 127 156 164 182 207 213 216 218 237 240 258 263 496 503 526 57 58 59 92
299:0 104 153 156 157 164 182 201 207 213 216 218 237 241 249 259 263 269 317 397 444 479 496 521 523 70 85 86 87 89 92
300:0 104 138 148 156 164 182 207 213 216 218 219 237 240 241 244 247 263 347 371 447 451 496 497 514 526 528 58 59 76 85 86 87 91 92
301:0 104 138 148 156 164 182 207 213 216 218 219 237 240 241 244 247 249 263 347 371 416 447 451 496 497 514 526 528 58 59 63 70 76 85 86 87 91 92
302:0 104 138 148 15 156 164 168 182 207 213 216 218 237 240 241 244 247 249 259 261 263 269 280 317 332 347 371 373 374 398 421 468 477 490 496 510 514 555 91 92 94
303:0 104 126 14 156 157 164 182 188 201 206 207 213 216 218 237 240 241 244 247 249 259 263 269 280 317 371 373 374 411 416 430 444 447 451 496 510 53 58 63 70 76 92
304:0 104 15 156 157 164 182 201 207 213 216 218 237 240 241 249 263 317 332 397 421 46 468 496 523 70 89 91 92
305:0 104 15 156 157 164 182 201 207 213 216 218 237 240 241 249 263 317 332 397 421 444 46 468 496 523 70 89 91 92
306:0 104 126 15 156 157 164 182 201 207 213 216 218 237 240 241 249 263 269 280 317 332 337 371 374 397 411 416 421 430 444 46 468 479 496 510 523 525 53 57 58 59 63 70 76 85 86 87 89 91 92
307:0 104 113 115 138 148 156 157 164 182 207 213 216 218 237 240 241 244 247 249 263 280 317 339 347 374 398 411 447 473 477 490 496 514 526 70 92 94
308:0 104 113 115 138 148 156 157 164 182 207 213 216 218 237 240 241 244 247 249 263 280 317 339 347 374 398 411 412 416 447 473 477 490 496 514 526 63 70 92 94
309:0 104 113 148 156 164 168 182 207 213 216 218 237 240 263 451 46 496 521 528 53 555 70 85 86 87 92
310:0 104 113 148 156 164 168 182 207 213 216 218 237 240 263 315 416 451 46 496 521 528 53 555 63 70 85 86 87 92
311:0 104 113 148 156 164 182 207 213 216 218 237 240 263 374 447 451 496 497 521 528 85 86 87 92
312:0 104 113 148 156 164 182 207 213 216 218 237 240 263 374 447 451 496 497 521 528 85 86 87 92
313:0 104 113 148 156 164 168 182 207 213 216 218 237 240 241 244 247 263 280 332 369 374 451 496 512 522 76 85 86 87 92
314:0 104 113 148 156 164 168 182 207 213 216 218 237 240 241 244 247 263 280 332 369 374 451 496 512 522 76 85 86 87 92
315:0 104 14 148 15 156 164 182 188 207 213 216 218 237 240 241 244 247 263 398 412 447 474 496 76 92
316:0 104 138 153 156 164 182 188 207 213 216 218 237 240 241 247 249 263 474 482 496 58 70 76 92
317:0 104 138 153 156 164 182 188 207 213 216 218 237 240 241 247 249 263 416 474 482 496 523 58 63 70 76 89 92
318:0 104 127 156 164 168 182 207 213 216 218 237 240 258 259 263 269 291 371 496 503 514 555 57 58 59 92
319:0 104 127 156 164 168 182 207 213 216 218 237 240 249 258 259 263 269 291 317 371 398 416 46 496 503 514 523 555 57 58 59 63 70 89 92
320:0 104 127 156 164 182 207 213 216 218 237 240 249 258 263 291 317 46 496 497 503 523 57 58 59 70 89 92
321:0 104 127 156 164 182 207 213 216 218 237 240 249 258 263 291 317 416 46 496 497 503 523 57 58 59 63 70 89 92
322:0 104 126 156 157 164 182 201 207 213 216 218 237 241 249 261 263 315 317 488 496 497 510 523 53 70 89 91 92
323:0 104 126 153 156 157 164 182 201 207 213 216 218 237 241 249 261 263 315 317 397 416 430 444 46 488 496 497 510 523 53 63 70 76 89 91 92
324:0 104 126 153 156 157 164 182 188 207 213 216 218 237 241 249 261 263 315 317 360 416 444 488 496 510 523 53 63 70 76 89 92
325:0 104 113 115 138 148 156 164 168 182 207 213 216 218 237 240 241 244 247 259 263 269 347 371 433 447 451 473 477 496 86 92 94
326:0 104 113 115 138 148 156 164 168 182 207 213 216 218 237 240 241 244 247 259 263 269 280 347 371 374 411 412 416 433 447 451 473 477 496 523 63 86 92 94
327:0 104 138 148 156 157 164 168 182 207 213 216 218 219 237 240 241 244 247 249 263 280 317 347 374 433 496 514 526 528 70 91 92 94
328:0 104 156 157 164 182 201 207 213 216 218 237 241 249 263 317 496 522 523 63 70 76 89 91 92
329:0 104 156 157 164 182 19 201 207 213 216 218 237 241 249 263 317 369 496 522 523 63 70 76 89 91 92
330:0 104 126 156 157 164 182 19 201 207 213 216 218 237 241 249 263 317 332 337 369 416 444 468 496 510 522 523 525 53 63 70 76 89 91 92
331:0 104 14 148 15 156 164 182 201 207 213 216 218 237 241 263 280 371 374 398 412 447 474 496 76 92
332:0 104 14 148 15 156 164 182 201 207 213 216 218 237 241 263 280 371 373 374 398 411 412 416 447 474 496 514 63 70 76 92
333:0 104 138 156 164 168 182 19 207 213 216 218 219 237 240 241 244 263 332 365 496 497 58 76 92
334:0 104 126 138 156 164 168 182 19 207 213 216 218 219 237 240 241 244 249 263 332 337 365 416 46 468 496 497 510 523 53 58 63 76 89 92
335:0 104 126 14 156 157 164 168 182 206 207 213 216 218 237 240 241 247 249 263 269 280 317 332 371 373 374 398 404 411 421 46 468 496 510 514 526 53 58 59 70 76 85 87 91 92
336:0 104 156 164 168 182 188 207 213 216 218 237 240 241 249 263 269 371 398 404 474 482 496 514 523 525 53 70 89 91 92
337:0 104 113 115 138 148 153 156 157 164 182 201 207 216 218 219 237 240 244 247 263 317 347 360 373 397 416 433 444 447 451 473 477 479 496 512 523 58 59 63 89 92 94
338:0 104 113 115 126 138 148 153 156 157 164 182 201 207 216 218 219 237 241 244 247 261 263 315 317 347 360 373 397 416 433 444 447 451 473 477 479 496 510 512 523 53 63 76 89 92 94
339:0 104 127 156 164 182 201 207 213 216 218 237 240 258 263 291 317 496 503 523 57 58 59 89 92
340:0 104 127 156 157 164 182 201 207 213 216 218 237 240 249 258 263 291 317 416 444 496 503 523 57 58 59 63 70 89 92
341:0 104 127 14 15 156 157 164 182 188 206 207 213 216 218 237 240 249 258 263 269 280 317 332 371 374 404 468 496 503 57 58 59 70 91 92
342:0 104 127 14 15 156 157 164 182 188 206 207 213 216 218 237 240 249 258 263 269 280 291 317 332 371 374 404 416 468 482 496 503 514 555 57 58 59 63 70 91 92
343:0 104 113 115 138 148 153 156 157 164 182 201 207 216 218 219 237 240 241 244 247 263 317 347 360 397 433 447 451 473 477 479 496 502 523 58 76 89 91 92 94
344:0 104 113 115 138 148 153 156 157 164 182 201 207 216 218 219 237 240 241 244 247 249 263 317 347 360 397 416 433 444 447 451 473 477 479 496 502 523 58 63 70 76 89 91 92 94
345:0 104 14 148 156 157 164 182 188 201 207 213 216 218 237 241 263 317 397 412 447 479 496 76 92
346:0 104 14 148 156 157 164 182 188 201 207 213 216 218 237 241 249 263 317 397 412 416 444 447 479 482 496 523 63 70 76 89 92
347:0 104 14 15 156 157 164 182 201 206 207 213 216 218 237 241 249 263 280 317 332 397 404 468 479 496 522 91 92
348:0 104 14 15 156 157 164 182 201 206 207 213 216 218 237 241 249 263 280 317 332 397 404 416 430 444 468 479 496 522 523 63 70 89 91 92
349:0 104 113 127 156 164 182 207 213 216 218 237 240 258 263 291 496 503 57 58 59 92
350:0 104 113 127 156 164 182 207 213 216 218 219 237 240 244 258 263 291 416 496 503 523 525 57 58 59 63 92
351:0 104 126 148 156 164 168 182 201 207 213 216 218 237 240 241 244 247 258 263 412 496 503 510 514 526 53 58 59 76 85 86 87 92
352:0 104 126 148 15 156 157 164 168 182 207 213 216 218 237 240 241 244 247 249 263 280 317 332 374 421 433 447 451 468 496 510 514 526 53 58 59 70 76 85 86 87 91 92
353:0 104 138 148 156 164 168 182 207 213 216 218 237 240 241 244 247 259 261 263 269 347 371 373 433 451 477 496 85 86 87 92 94
354:0 104 138 148 156 164 168 182 207 213 216 218 237 240 241 244 247 259 261 263 269 347 371 373 374 416 421 433 451 477 496 63 85 86 87 92 94
355:0 104 138 148 156 164 168 182 207 213 216 218 237 240 241 244 247 259 261 263 269 347 371 373 374 433 451 477 496 58 59 92 94
356:0 104 138 148 156 157 164 168 182 207 213 216 218 237 240 241 244 247 249 259 261 263 269 280 317 347 371 373 374 416 433 451 477 496 523 58 59 63 70 89 92 94
357:0 104 14 148 15 156 164 182 19 207 213 216 218 219 237 241 249 263 332 412 416 447 46 496 523 63 70 76 89 92
358:0 104 113 115 138 148 156 164 182 207 213 216 218 219 237 240 241 244 247 259 263 269 347 412 433 447 451 473 477 496 497 86 92 94
359:0 104 126 138 14 148 15 156 157 164 168 182 201 206 207 213 216 218 237 240 241 244 247 249 258 259 261 263 269 317 332 347 371 404 416 421 444 451 468 496 497 510 514 53 555 58 59 63 70 85 86 87 92
360:0 
361:0 104 113 148 156 164 182 207 213 216 218 219 237 240 247 258 263 496 524 58 59 92
362:0 104 113 148 153 156 164 182 207 213 216 218 219 237 240 247 258 259 263 269 360 371 416 496 523 524 58 59 63 89 92
363:0 104 127 156 157 164 182 207 213 216 218 237 240 249 258 263 291 317 496 497 523 524 57 58 59 70 89 92
364:0 104 127 156 157 164 182 207 213 216 218 237 240 249 258 263 291 317 46 496 497 523 524 57 58 59 70 89 92
365:0 104 127 156 157 164 182 207 213 216 218 237 240 249 258 263 291 317 416 46 496 497 523 524 57 58 59 63 70 89 92
366:0 104 127 156 164 182 207 213 216 218 237 240 258 263 291 496 503 57 58 59 92
367:0 104 127 156 164 182 207 213 216 218 237 240 258 263 291 317 416 496 503 57 58 59 63 92
368:0 104 127 156 164 182 207 213 216 218 219 237 240 244 247 258 263 291 416 496 503 57 58 59 63 92 94
369:0 104 127 156 157 164 182 201 207 213 216 218 219 237 240 244 249 258 263 291 317 347 397 416 444 479 496 503 523 57 58 59 63 89 92
370:0 104 127 156 164 182 207 213 216 218 219 237 240 244 258 263 291 496 503 57 58 59 92
371:0 104 126 15 156 157 164 182 207 213 216 218 237 240 241 249 263 280 317 332 337 421 46 468 496 510 53 70 92
372:0 104 126 15 156 157 164 182 207 213 216 218 237 240 241 249 263 280 317 332 337 421 46 468 496 510 53 70 92
373:0 104 126 15 156 157 164 182 19 207 213 216 218 237 240 241 249 263 280 317 332 337 416 421 444 46 468 496 510 523 525 53 63 70 89 92
374:0 
375:0 104 113 115 148 15 153 156 157 164 182 188 201 207 216 218 237 240 241 244 247 249 263 280 317 332 360 397 430 447 468 473 477 496 523 63 70 89 92 94
376:0 104 113 115 148 15 153 156 157 164 182 188 201 207 216 218 237 240 241 244 247 249 263 280 317 332 360 397 416 430 447 468 473 477 496 523 63 70 89 92 94
377:0 104 153 156 157 164 182 201 207 216 218 219 237 241 244 249 263 280 317 374 397 411 416 444 451 479 496 523 63 70 85 86 87 89 91 92
378:0 104 153 156 157 164 182 207 216 218 219 237 240 244 249 258 263 280 317 374 397 411 416 430 451 496 523 524 58 59 63 70 85 86 87 89 92
379:0 104 153 156 157 164 182 201 207 216 218 219 237 240 241 244 249 263 280 317 332 374 397 411 416 421 430 451 468 496 523 63 70 85 86 87 89 92
380:0 104 113 115 127 138 148 15 156 164 182 19 201 207 213 216 218 219 237 240 241 244 247 263 291 332 337 347 412 416 421 447 451 46 468 473 477 496 514 523 57 58 63 76 85 86 87 89 92 94
381:0 104 113 115 127 138 148 15 156 164 182 19 201 207 213 216 218 219 237 240 241 244 247 263 291 332 337 347 412 416 421 447 451 46 468 473 477 496 514 523 57 58 63 76 85 86 87 89 92 94
382:0 104 127 156 157 164 182 207 216 218 219 237 240 244 249 258 263 280 291 317 347 416 46 496 503 523 57 58 59 63 70 85 86 87 89 92
383:0 104 126 14 15 156 157 164 182 201 207 216 218 219 237 241 244 249 263 280 315 317 332 337 339 374 397 411 416 421 444 46 468 479 496 510 523 525 53 63 70 76 85 86 87 89 91 92
384:0 104 126 127 14 156 157 164 182 19 201 207 216 218 237 240 241 244 249 263 280 291 315 317 332 337 339 360 374 411 412 416 421 444 46 468 496 497 507 510 523 525 53 57 58 59 63 70 76 85 86 87 89 92
385:0 104 113 115 138 148 156 164 182 201 207 216 218 219 237 240 241 244 247 263 332 347 369 374 412 416 430 433 447 451 473 477 496 63 85 86 87 92 94
386:0 104 113 115 138 148 15 156 157 164 182 207 216 218 219 237 240 241 244 247 249 259 263 269 280 317 332 347 374 398 411 412 416 430 433 447 451 473 477 490 496 502 58 63 70 76 85 86 87 92 94
387:0 104 113 115 14 148 15 156 164 182 207 213 216 218 219 237 241 249 263 412 447 496 70 76 92
388:0 104 113 115 14 148 15 156 164 182 207 213 216 218 219 237 241 249 263 412 447 496 70 76 92
389:0 104 113 115 14 148 15 156 157 164 182 201 207 213 216 218 219 237 241 249 263 317 397 412 416 444 447 46 496 523 63 70 76 89 92
390:0 104 126 14 15 156 164 182 207 213 216 218 237 241 249 259 261 263 269 280 315 332 339 369 374 421 447 468 488 490 496 510 512 53 70 91 92
391:0 104 126 14 15 156 157 164 182 207 213 216 218 237 241 249 259 261 263 269 280 315 317 332 339 369 374 398 411 421 447 468 488 490 496 510 512 514 526 53 70 91 92
392:0 104 126 14 15 156 157 164 182 207 213 216 218 237 241 249 259 261 263 269 280 315 317 332 339 347 369 374 398 411 416 421 444 447 46 468 488 490 496 510 512 514 523 526 53 63 70 76 89 91 92
393:0 104 127 15 156 164 182 207 213 216 218 237 240 258 263 280 291 317 332 365 374 447 496 497 503 511 57 58 59 91 92
394:0 104 127 15 156 164 182 207 213 216 218 237 240 249 258 263 280 291 317 332 365 374 421 447 468 496 497 503 511 57 58 59 70 91 92
395:0 104 127 14 15 156 157 164 182 207 213 216 218 237 240 249 258 263 280 291 317 332 365 374 416 421 430 447 46 468 496 497 503 511 523 57 58 59 63 70 89 91 92
396:0 104 156 164 168 182 19 207 213 216 218 237 240 241 263 332 365 369 496 497 526 92
397:0 104 156 164 168 182 19 207 213 216 218 237 240 241 263 332 365 369 496 497 514 526 92
398:0 104 156 164 168 182 19 207 213 216 218 237 240 241 263 332 365 369 416 496 497 514 526 63 92
399:0 104 15 156 164 168 182 207 213 216 218 237 240 241 247 249 263 269 365 447 451 496 497 514 526 58 59 85 86 87 91 92
400:0 104 127 15 156 164 168 182 207 213 216 218 237 240 241 247 249 263 269 291 365 374 416 447 451 496 497 503 514 523 526 57 58 59 63 70 85 86 87 91 92
401:0 
402:0 104 14 148 15 156 164 182 206 207 213 216 218 237 240 241 249 263 269 280 332 404 416 468 496 497 522 63 70 92
403:0 104 113 148 156 164 168 182 207 213 216 218 237 240 263 451 46 496 521 528 555 70 85 86 87 92
404:0 104 113 148 156 164 168 182 207 213 216 218 237 240 263 451 46 496 521 528 555 70 85 86 87 92
405:0 104 113 148 156 164 168 182 207 213 216 218 237 240 263 416 451 46 496 521 528 555 63 70 85 86 87 92
406:0 104 14 148 15 156 164 182 188 207 213 216 218 237 240 241 244 247 263 412 447 474 496 76 92
407:0 104 14 148 15 156 164 182 188 207 213 216 218 237 240 241 244 247 263 398 412 416 447 474 496 63 76 92
408:0 104 126 14 156 157 164 168 182 201 207 213 216 218 237 240 241 249 263 317 371 374 397 444 46 479 496 510 523 53 58 59 70 85 87 89 91 92
409:0 104 126 14 15 156 157 164 168 182 201 207 213 216 218 237 240 241 249 263 280 317 371 374 397 411 416 444 46 479 496 510 523 525 53 57 58 59 63 70 85 87 89 91 92
410:0 104 126 156 157 164 182 201 207 213 216 218 237 240 241 249 259 263 269 317 397 430 444 46 479 496 510 523 53 58 59 70 85 87 89 91 92
411:0 104 126 156 157 164 182 201 207 213 216 218 237 240 241 249 259 263 269 317 397 416 430 444 46 479 496 510 523 53 58 59 63 70 85 87 89 91 92
412:0 
413:0 104 138 148 156 164 168 182 207 213 216 218 219 237 240 241 244 247 263 412 416 447 474 496 522 63 76 92 94
414:0 104 138 148 156 164 168 182 207 213 216 218 219 237 240 241 244 247 263 332 369 412 416 474 496 512 522 63 76 92 94
415:0 
416:0 104 148 15 156 164 168 182 188 207 213 216 218 237 240 241 263 332 369 374 404 416 468 474 496 511 512 522 63 92
417:0 104 113 148 15 156 164 182 207 213 216 218 237 240 263 369 374 447 451 496 497 521 85 86 87 91 92
418:0 104 127 156 164 182 207 213 216 218 237 240 249 258 263 280 291 317 339 496 497 503 57 58 59 70 91 92
419:0 104 127 156 164 182 207 213 216 218 237 240 249 258 259 263 269 280 291 317 339 371 411 416 46 496 497 503 57 58 59 63 70 91 92
420:0 104 14 148 156 164 182 207 213 216 218 219 237 241 263 412 447 496 76 92
421:0 104 14 148 156 164 182 207 213 216 218 219 237 241 263 412 416 447 496 63 76 92
422:0 104 156 164 182 207 213 216 218 237 240 258 263 291 496 503 57 58 59 92
423:0 104 127 148 156 157 164 182 188 201 207 213 216 218 237 240 249 258 263 291 317 416 444 482 496 503 523 57 58 59 63 70 89 91 92
424:0 104 138 15 156 164 168 182 207 213 216 218 237 240 241 247 249 263 269 280 332 369 371 374 416 421 447 468 490 496 512 514 526 63 70 76 85 86 87 91 92
425:0 104 138 148 15 153 156 164 168 182 207 213 216 218 237 240 241 244 247 261 263 347 360 371 373 451 477 496 512 85 86 87 92 94
426:0 104 138 148 15 153 156 164 168 182 19 207 213 216 218 237 240 241 244 247 261 263 347 360 371 373 416 451 477 496 512 63 85 86 87 92 94
427:0 104 15 156 164 182 207 213 216 218 237 240 241 247 249 263 374 447 451 496 514 526 58 76 85 86 91 92
428:0 104 15 156 164 182 207 213 216 218 237 240 241 247 249 263 374 411 416 447 451 490 496 514 526 58 59 63 70 76 85 86 87 91 92
429:0 104 138 148 156 164 168 182 207 213 216 218 237 240 241 244 247 259 261 263 269 332 347 371 373 412 416 433 451 477 496 497 63 85 86 87 92 94
430:0 104 138 156 164 168 182 19 207 213 216 218 237 240 241 244 247 259 263 269 332 347 365 371 373 416 496 510 511 514 555 63 86 92 94
431:0 104 138 148 15 156 164 168 182 207 213 216 218 237 240 241 244 247 259 263 269 332 369 371 421 468 496 497 514 526 85 87 91 92
432:0 104 138 148 15 156 164 168 182 207 213 216 218 237 240 241 244 247 259 263 269 332 369 371 416 421 46 468 496 497 514 523 526 63 85 87 91 92
433:0 104 113 115 138 148 156 164 182 207 213 216 218 219 237 240 241 244 247 259 263 269 347 433 447 451 473 477 496 497 86 92 94
434:0 104 126 15 153 156 164 168 182 188 207 213 216 218 237 240 241 247 249 259 263 269 371 421 46 468 474 496 510 53 555 91 92
435:0 104 126 15 153 156 164 168 182 188 207 213 216 218 237 240 241 247 249 259 263 269 371 398 416 421 46 468 474 496 510 53 555 63 70 91 92
436:0 104 113 115 138 148 156 157 164 182 201 207 216 218 219 237 240 241 244 247 263 317 347 360 371 397 430 433 447 451 473 477 496 523 76 89 92 94
437:0 104 113 115 138 148 153 156 157 164 182 201 207 216 218 219 237 240 241 244 247 249 263 317 347 360 371 397 416 430 433 447 451 473 477 496 523 63 70 76 89 92 94
438:0 104 153 156 157 164 168 182 201 207 213 216 218 237 241 244 263 280 317 347 397 479 496 91 92
439:0 104 113 115 138 148 156 164 168 182 207 213 216 218 219 237 240 241 244 247 259 263 269 280 347 374 433 447 451 473 477 496 76 85 86 87 92 94
440:0 104 113 126 138 148 156 164 182 207 213 216 218 219 237 240 241 244 247 258 263 374 447 496 497 510 526 53 76 86 92 94
441:0 104 156 164 168 182 19 207 213 216 218 237 240 241 259 263 269 332 365 369 496 497 526 92
442:0 104 138 148 156 164 168 182 207 213 216 218 237 240 241 244 247 259 261 263 269 317 347 373 416 477 496 511 514 555 63 92 94
443:0 104 126 15 156 157 164 182 201 207 213 216 218 237 240 241 249 263 317 332 337 421 444 46 468 496 510 523 53 70 89 91 92
444:0 104 126 15 156 157 164 182 201 207 213 216 218 237 240 241 249 263 317 332 337 421 444 46 468 496 510 523 53 70 89 91 92
445:0 104 126 14 15 156 157 164 182 201 206 207 213 216 218 237 240 241 249 263 280 317 332 337 374 398 416 421 444 46 468 496 510 523 525 53 57 63 70 89 91 92
446:0 104 126 156 157 164 182 201 207 213 216 218 237 240 241 247 249 263 280 317 374 496 510 514 523 526 53 57 58 59 70 76 85 87 89 92 94
447:0 104 14 156 157 164 182 207 213 216 218 237 240 241 249 263 280 317 339 371 374 398 411 421 46 490 496 514 523 526 70 89 91 92
448:0 104 14 156 157 164 182 207 213 216 218 237 240 241 247 249 263 280 317 339 347 371 374 398 411 416 421 430 444 46 468 490 496 514 523 526 63 70 89 91 92 94
449:0 104 156 157 164 182 201 207 213 216 218 237 241 249 263 317 46 496 523 70 89 91 92
450:0 104 156 157 164 182 201 207 213 216 218 237 241 249 263 317 416 444 46 496 523 63 70 89 91 92
451:0 104 14 148 15 156 164 168 182 188 206 207 213 216 218 237 240 241 247 249 259 263 269 280 317 332 371 374 398 404 468 474 496 522 70 91 92
452:0 104 14 148 15 156 157 164 168 182 188 206 207 213 216 218 237 240 241 247 249 259 263 269 280 317 332 371 374 398 404 416 46 468 474 496 514 522 523 555 63 70 89 91 92
453:0 104 156 157 164 168 182 188 207 213 216 218 237 240 241 247 249 259 263 269 280 317 339 371 373 374 398 404 411 474 482 490 496 514 523 526 70 89 91 92
454:0 104 14 15 156 157 164 168 182 188 207 213 216 218 237 240 241 247 249 259 263 269 280 317 339 371 373 374 398 404 411 416 444 474 482 490 496 514 523 526 63 70 89 91 92
455:0 104 14 148 15 156 164 168 182 188 207 213 216 218 237 241 263 371 374 412 416 447 496 63 76 92
456:0 104 127 148 156 164 182 207 213 216 218 219 237 240 244 258 263 291 369 371 496 503 57 58 59 92
457:0 104 127 148 156 164 182 207 213 216 218 219 237 240 244 258 263 291 369 371 416 496 503 57 58 59 63 92
458:0 104 127 156 157 164 182 207 213 216 218 237 240 258 263 291 332 496 503 512 523 57 58 59 89 92
459:0 104 113 14 148 156 164 182 207 213 216 218 219 237 240 247 258 263 412 447 496 524 58 59 76 92
460:0 104 113 14 148 156 157 164 182 207 213 216 218 219 237 240 247 249 258 263 280 317 374 411 412 416 447 496 523 524 58 59 63 70 76 89 92
461:0 104 115 138 14 15 156 164 168 182 206 207 213 216 218 237 240 241 244 247 249 258 259 263 269 280 332 347 371 373 374 398 404 411 416 421 468 490 496 514 555 57 58 59 63 70 91 92
462:0 104 113 115 148 153 156 164 182 207 216 218 237 240 241 244 263 360 416 430 451 496 521 528 63 85 86 87 92
463:0 104 126 138 14 15 153 156 157 164 168 182 201 207 213 216 218 237 240 241 244 247 249 263 280 317 360 374 411 416 496 510 514 523 525 526 53 57 58 59 63 70 76 85 87 89 91 92
464:0 104 126 14 15 156 157 164 168 182 201 207 213 216 218 237 240 241 249 263 280 317 371 374 397 398 411 416 421 430 444 46 479 496 510 523 525 53 57 58 59 63 70 85 87 89 91 92
465:0 104 115 14 148 15 156 157 164 168 182 188 207 213 216 218 237 241 244 249 263 280 317 332 371 374 398 411 412 416 447 496 523 63 70 76 89 92
466:0 104 113 148 156 157 164 168 182 207 213 216 218 237 240 249 259 263 269 280 317 374 411 416 451 490 496 521 523 528 53 63 70 85 86 87 89 91 92 94
467:0 104 126 156 157 164 168 182 207 213 216 218 237 241 249 259 261 263 269 280 315 317 374 411 416 488 490 496 510 523 53 63 70 76 85 89 92 94
468:0 104 113 115 126 138 148 156 164 182 19 207 213 216 218 219 237 240 241 244 247 249 263 280 332 365 374 416 447 473 477 496 497 510 514 526 53 63 76 86 92 94
469:0 104 138 148 156 164 168 182 207 213 216 218 237 241 244 247 263 332 369 416 496 522 63 76 92 94
470:0 104 14 148 156 164 182 207 213 216 218 237 240 241 247 249 263 332 404 412 416 447 46 496 497 514 526 63 70 76 91 92
471:0 104 156 164 182 207 213 216 218 237 240 241 247 249 258 263 416 46 496 497 514 524 526 58 59 63 70 91 92
472:0 104 14 15 156 157 164 168 182 188 201 206 207 213 216 218 237 240 241 249 259 263 269 280 317 332 369 371 374 397 398 404 416 444 468 474 496 512 522 523 63 70 89 91 92
473:0 104 113 115 156 157 164 182 201 207 213 216 218 237 240 249 258 263 317 416 444 46 496 523 58 59 63 70 89 91 92
474:0 104 138 148 156 164 168 182 207 216 218 237 240 241 244 247 263 332 373 416 433 451 473 496 58 59 63 76 85 86 87 92 94
475:0 104 113 115 138 14 148 15 156 157 164 168 182 206 207 213 216 218 219 237 240 241 244 247 249 259 261 263 269 280 317 332 339 347 374 398 404 411 416 433 444 447 451 473 477 490 496 497 502 514 523 526 63 70 85 86 89 92 94
476:0 104 153 156 157 164 182 201 207 213 216 218 237 241 249 259 263 269 317 397 416 430 444 479 496 521 523 63 70 85 86 87 89 92
477:0 104 138 148 156 157 164 168 182 207 213 216 218 237 240 241 244 247 249 259 261 263 269 280 317 347 371 373 374 411 416 433 451 477 496 523 58 59 63 70 89 92 94
478:0 104 113 138 148 156 164 182 207 213 216 218 219 237 240 244 247 258 259 263 269 371 373 374 416 477 496 524 58 59 63 85 86 87 92 94
479:0 104 113 115 138 148 156 164 168 182 207 216 218 237 240 241 244 247 261 263 451 477 496 521 85 86 87 92
480:0 104 113 115 138 148 156 164 182 201 207 216 218 219 237 240 241 244 247 263 347 369 374 412 416 433 447 451 473 477 496 512 63 76 85 86 87 92 94
481:0 104 113 115 138 148 156 164 182 201 207 216 218 219 237 240 241 244 247 263 347 369 374 412 416 433 447 451 473 477 496 512 58 59 63 85 86 87 92 94
482:0 104 113 115 126 138 148 153 156 164 182 201 207 216 218 219 237 240 241 244 247 259 263 269 347 369 371 374 412 416 433 447 451 473 477 496 510 512 53 63 85 86 87 92 94
483:0 104 126 148 15 156 157 164 182 201 207 216 218 219 237 240 241 244 249 263 280 315 317 332 337 339 416 421 430 433 444 46 468 496 497 510 523 525 53 58 59 63 70 85 86 87 89 92
484:0 104 126 15 156 157 164 182 201 207 216 218 219 237 240 241 244 249 258 263 280 291 317 332 337 339 374 411 416 421 433 444 46 468 496 497 510 523 525 53 57 58 59 63 70 85 86 87 89 92
485:0 104 126 153 156 157 164 182 207 213 216 218 237 241 249 259 261 263 269 315 317 371 416 430 444 46 488 496 510 523 53 63 70 76 89 91 92
486:0 104 157 164 207 216 218 219 237 240 241 244 249 263 280 317 332 371 374 397 411 416 444 479 496 514 523 63 70 85 86 87 89 92
487:0 104 138 15 156 164 182 19 207 216 218 219 237 240 241 244 247 249 261 263 332 337 347 371 412 416 421 444 451 46 468 477 496 497 523 525 63 70 85 86 87 89 92 94
488:0 104 113 115 138 148 156 164 182 207 213 216 218 219 237 240 241 244 247 263 347 412 416 433 447 451 473 477 496 58 63 76 86 92 94
489:0 104 127 156 164 182 207 216 218 219 237 240 244 258 263 291 369 374 447 496 503 57 58 59 92
490:0 104 113 115 127 148 156 164 182 207 216 218 219 237 240 244 247 258 263 291 347 369 374 412 416 447 496 503 57 58 59 63 92 94
491:0 104 138 14 148 15 156 157 164 168 182 188 207 216 218 237 240 241 244 247 249 259 261 263 269 280 317 332 347 371 373 374 398 404 411 416 421 451 496 510 514 555 58 59 63 70 85 86 87 92 94
492:0 104 14 148 156 164 182 207 216 218 219 237 241 244 263 412 416 447 496 63 76 92 94
493:0 104 113 115 126 127 138 14 148 15 156 157 164 182 188 19 201 207 216 218 219 237 240 241 244 247 249 258 261 263 280 315 317 332 337 347 371 398 404 411 412 416 421 430 433 444 447 451 46 468 473 477 496 497 510 511 514 523 526 53 555 57 58 59 63 70 76 85 86 87 89 92 94
494:0 104 113 126 148 156 164 182 207 216 218 219 237 241 244 247 249 261 263 269 280 315 369 373 374 411 412 416 433 447 451 473 477 488 496 510 526 528 53 63 76 85 86 87 92 94
495:0 104 113 115 14 148 15 156 164 182 207 213 216 218 219 237 241 259 263 269 332 347 412 447 496 76 92
496:0 104 113 115 14 148 15 156 164 182 207 213 216 218 219 237 241 259 263 269 332 347 412 447 496 76 92
497:0 104 113 115 14 148 15 156 164 182 207 213 216 218 219 237 241 249 259 263 269 332 347 412 416 447 496 525 63 70 76 92
498:0 104 126 156 164 182 207 213 216 218 237 241 249 261 263 269 315 317 360 447 46 488 496 497 510 528 53 70 76 92
499:0 104 126 156 157 164 182 207 213 216 218 237 241 249 261 263 269 280 315 317 360 374 398 411 444 447 46 488 490 496 497 510 523 526 528 53 70 76 92
500:0 104 126 156 157 164 182 207 213 216 218 237 241 249 261 263 269 280 315 317 339 360 374 398 411 416 444 447 46 479 488 490 496 497 503 510 523 526 528 53 63 70 76 89 92
501:0 104 127 14 15 156 164 182 206 207 213 216 218 237 240 249 258 263 269 291 332 374 404 447 496 503 514 57 58 59 91 92
502:0 104 127 14 15 156 164 182 206 207 213 216 218 237 240 249 258 263 269 291 332 374 404 447 496 503 514 57 58 59 91 92
503:0 104 127 14 15 156 164 182 206 207 213 216 218 237 240 249 258 263 269 291 332 374 404 416 447 496 503 514 525 57 58 59 63 70 91 92
504:0 104 14 15 156 164 182 207 213 216 218 237 240 241 247 263 374 447 496 514 526 85 91 92
505:0 104 113 138 14 148 15 156 164 182 207 213 216 218 237 240 241 244 247 249 263 374 411 416 447 496 514 526 53 63 70 85 86 87 91 92
506:0 104 156 164 182 207 213 216 218 237 240 241 247 249 263 317 332 416 46 496 514 526 528 555 85 86 91 92
507:0 104 156 164 182 207 213 216 218 237 240 241 247 249 263 317 332 371 416 46 496 514 526 528 555 57 70 85 86 91 92
508:0 104 156 164 182 207 213 216 218 237 240 241 247 249 263 317 332 371 416 46 496 514 526 528 555 57 63 70 85 86 87 91 92
509:0 104 138 15 156 164 168 182 207 213 216 218 237 240 241 244 247 259 263 269 332 371 373 421 447 468 496 497 555 86 92
510:0 104 138 15 156 164 168 182 207 213 216 218 237 240 241 244 247 249 259 263 269 332 371 373 416 421 447 468 496 497 555 63 86 92
511:0 104 148 15 156 164 168 182 207 213 216 218 237 241 249 259 263 269 317 371 374 412 421 447 468 490 496 512 526 76 91 92
512:0 104 148 15 156 157 164 168 182 207 213 216 218 237 241 249 259 263 269 280 317 371 374 411 412 416 421 447 468 490 496 512 526 63 76 91 92
513:0 104 126 15 156 164 168 182 207 213 216 218 237 241 249 259 261 263 269 315 317 371 374 421 447 468 488 490 496 510 512 526 53 76 91 92
514:0 104 126 15 156 157 164 168 182 207 213 216 218 237 241 249 259 261 263 269 280 315 317 371 374 411 416 421 447 468 488 490 496 510 512 526 53 63 76 91 92
515:0 104 127 15 156 164 168 182 207 213 216 218 237 240 249 258 259 263 269 291 317 371 374 421 447 468 490 496 503 512 526 57 58 59 91 92
516:0 104 127 15 156 157 164 168 182 207 213 216 218 237 240 249 258 259 263 269 280 291 317 371 374 411 416 421 447 468 490 496 503 512 526 57 58 59 63 91 92
517:0 104 113 115 138 148 156 157 164 182 207 213 216 218 219 237 240 244 247 259 263 317 347 360 412 433 451 473 477 496 86 92 94
518:0 104 113 115 138 148 156 157 164 182 207 213 216 218 219 237 240 244 247 259 263 317 347 360 412 416 433 451 473 477 496 63 86 92 94
519:0 104 156 164 182 19 207 213 216 218 237 240 241 263 269 332 365 369 496 497 526 92
520:0 104 156 164 182 19 207 213 216 218 237 240 241 263 269 332 365 369 496 497 526 92
521:0 104 156 164 182 19 207 213 216 218 237 240 241 244 263 269 332 365 369 416 496 497 526 63 92
522:0 104 113 148 156 164 182 207 213 216 218 237 240 263 451 488 496 521 528 85 86 87 92
523:0 104 113 148 156 164 182 207 213 216 218 237 240 249 263 315 416 451 488 496 521 528 63 85 86 87 92
524:0 104 153 156 157 164 182 201 207 213 216 218 237 249 263 317 397 430 444 479 496 523 70 89 92
525:0 104 153 156 157 164 182 201 207 213 216 218 237 249 263 317 397 430 444 479 496 523 70 89 92
526:0 104 153 156 157 164 182 201 207 213 216 218 237 249 263 317 397 416 430 444 479 496 523 63 70 76 89 92
527:0 104 113 115 138 148 156 164 168 182 19 207 213 216 218 219 237 240 244 247 259 263 269 332 347 360 365 369 373 412 433 451 473 477 496 512 86 92 94
528:0 104 113 115 138 148 156 164 168 182 19 207 213 216 218 219 237 240 244 247 259 263 269 332 347 360 365 369 373 412 416 433 451 473 477 496 512 63 86 92 94
529:0 104 14 15 156 157 164 182 188 201 207 213 216 218 237 249 263 280 317 332 374 398 404 421 468 496 523 70 89 91 92
530:0 104 14 15 156 157 164 182 188 201 207 213 216 218 237 249 263 280 317 332 374 398 404 411 416 421 468 496 523 63 70 89 91 92
531:0 104 113 115 126 138 148 156 164 182 207 213 216 218 219 237 240 241 244 247 263 347 374 433 447 451 473 477 496 497 510 514 526 528 53 57 58 59 63 76 85 86 87 91 92 94
532:0 104 156 157 164 182 207 213 216 218 237 240 241 249 263 269 280 317 339 371 374 398 411 444 447 479 490 496 514 526 70 91 92
533:0 104 156 157 164 182 207 213 216 218 237 240 241 249 263 269 280 317 339 371 374 398 411 444 447 479 490 496 514 526 70 91 92
534:0 104 156 157 164 182 207 213 216 218 237 240 241 249 263 269 280 317 339 371 374 398 411 416 444 447 479 490 496 514 523 526 63 70 89 91 92
535:0 104 156 164 182 188 207 213 216 218 237 240 258 263 482 496 497 503 57 92
536:0 104 156 164 182 188 207 213 216 218 237 240 249 258 263 482 496 497 503 523 57 92
537:0 104 156 157 164 182 188 207 213 216 218 237 240 249 258 263 280 317 371 374 398 411 416 447 474 482 496 497 503 523 57 63 70 89 91 92
538:0 104 156 157 164 182 207 213 216 218 237 240 241 249 263 269 280 317 339 371 374 398 411 416 444 447 490 496 514 523 526 70 89 91 92
539:0 104 156 157 164 182 207 213 216 218 237 240 241 249 263 269 280 317 339 371 374 398 411 416 444 447 490 496 514 523 526 70 89 91 92
540:0 104 113 138 148 15 156 164 182 207 213 216 218 219 237 241 263 347 371 412 447 496 522 76 92
541:0 104 113 138 148 15 156 164 182 207 213 216 218 219 237 241 263 347 371 412 447 496 522 76 92
542:0 104 113 115 138 14 148 15 156 164 182 206 207 213 216 218 219 237 241 263 332 347 371 398 404 412 416 421 447 468 496 514 522 63 76 92
543:0 104 156 164 182 188 207 213 216 218 237 241 249 263 360 371 398 474 496 522 76 92
544:0 104 156 164 182 188 207 213 216 218 237 241 249 263 360 371 398 474 496 522 76 92
545:0 104 14 15 156 157 164 182 188 207 213 216 218 237 241 249 263 317 360 371 398 404 416 474 496 522 523 63 70 76 89 91 92
546:0 104 138 148 156 164 182 207 213 216 218 219 237 241 263 269 412 447 496 76 92
547:0 104 113 138 148 156 164 168 182 207 213 216 218 219 237 241 247 263 269 369 374 412 416 433 447 496 63 76 92 94
548:0 104 138 148 15 156 164 182 207 213 216 218 219 237 241 263 412 447 496 76 92
549:0 104 113 138 14 148 15 156 164 182 207 213 216 218 219 237 241 263 412 416 447 496 63 76 92
550:0 104 127 15 156 164 182 207 213 216 218 237 240 258 263 269 291 496 503 57 58 92
551:0 104 15 156 157 164 168 182 188 201 207 213 216 218 237 259 263 269 317 371 373 444 46 468 496 510 514 523 555 89 91 92
552:0 104 15 156 157 164 168 182 188 201 207 213 216 218 237 249 259 263 269 280 317 371 373 374 421 444 447 46 468 490 496 510 514 523 555 70 89 91 92
553:0 104 15 156 157 164 168 182 188 201 207 213 216 218 237 249 259 263 269 280 317 332 337 339 371 373 374 411 416 421 444 447 46 468 479 490 496 510 514 523 525 555 63 70 89 91 92
554:0 104 126 156 157 164 168 182 207 213 216 218 237 241 249 261 263 269 280 315 317 360 369 374 447 46 488 496 510 526 53 70 76 91 92
555:0 104 126 156 157 164 168 182 207 213 216 218 237 241 249 259 261 263 269 280 315 317 339 360 369 371 374 411 416 444 447 46 479 488 496 510 523 526 53 63 70 76 89 91 92 94
556:0 104 156 164 182 207 213 216 218 219 237 241 263 332 398 412 447 496 76 92
557:0 104 14 15 156 157 164 182 201 207 213 216 218 237 249 263 317 332 397 398 404 421 444 468 479 496 522 523 70 76 89 91 92
558:0 104 14 15 156 157 164 182 201 207 213 216 218 237 249 263 317 332 397 398 404 416 421 444 468 479 496 522 523 63 70 76 89 91 92
559:0 104 156 157 164 182 188 207 213 216 218 237 240 241 249 259 263 269 280 317 337 339 371 374 398 411 444 447 46 479 490 496 510 514 525 526 555 70 91 92
560:0 104 156 157 164 168 182 188 207 213 216 218 237 240 241 249 259 263 269 280 317 337 339 371 374 398 411 416 444 447 46 479 490 496 510 514 525 526 555 63 70 91 92
561:0 104 113 115 138 148 156 164 168 182 19 207 213 216 218 219 237 240 244 247 263 332 347 365 412 430 433 451 473 477 479 496 58 63 76 86 92 94
562:0 104 138 148 156 164 168 182 207 213 216 218 219 237 240 244 247 261 263 347 371 373 412 433 477 496 92 94
563:0 104 138 148 156 164 168 182 207 213 216 218 219 237 240 244 247 261 263 347 371 373 412 416 433 447 477 496 63 92 94
564:0 104 127 156 157 164 182 201 207 213 216 218 237 240 249 263 291 317 397 444 479 496 503 523 57 58 59 70 89 91 92
565:0 104 127 156 157 164 182 201 207 213 216 218 237 240 249 263 291 317 397 411 416 444 479 496 503 523 57 58 59 63 70 89 91 92
566:0 104 15 156 157 164 182 201 207 213 216 218 237 249 259 263 269 317 332 337 365 369 397 421 444 46 468 479 496 512 523 89 91 92
567:0 104 15 156 157 164 182 19 201 207 213 216 218 237 249 259 263 269 317 332 337 365 369 397 411 416 421 444 46 468 479 496 512 523 525 63 89 91 92
568:0 104 153 156 164 168 182 188 207 213 216 218 237 240 241 263 371 474 482 496 92
569:0 104 153 156 164 168 182 188 207 213 216 218 237 240 241 263 371 374 397 411 416 474 479 482 496 63 76 85 92 94
570:0 104 14 15 156 164 168 182 207 213 216 218 237 240 241 244 247 259 263 269 332 347 369 371 373 374 447 46 468 496 510 514 555 91 92
571:0 104 14 15 156 164 168 182 207 213 216 218 237 240 241 244 247 249 259 263 269 332 347 369 371 373 374 411 416 421 447 46 468 490 496 510 514 53 555 63 91 92
572:0 104 156 164 168 182 207 213 216 218 219 237 240 241 263 347 369 374 447 496 497 514 526 85 86 91 92
573:0 104 113 156 164 182 207 213 216 218 219 237 240 241 263 347 369 374 411 416 447 496 497 514 526 63 85 86 87 91 92
574:0 104 113 115 138 148 156 157 164 168 182 207 213 216 218 219 237 240 244 247 259 263 269 317 347 371 373 374 412 433 447 451 473 477 496 85 86 92 94
575:0 104 113 115 138 148 156 157 164 168 182 207 213 216 218 219 237 240 244 247 259 263 269 317 347 371 373 374 412 433 447 451 473 477 496 85 86 92 94
576:0 104 113 115 138 148 156 157 164 168 182 207 213 216 218 219 237 240 244 247 259 263 269 280 317 347 371 373 374 412 416 433 447 451 473 477 490 496 63 85 86 92 94
577:0 104 113 115 138 148 153 156 157 164 182 207 213 216 218 219 237 240 244 247 263 317 347 360 373 412 430 433 473 477 496 86 87 92 94
578:0 104 113 115 138 148 153 156 157 164 182 207 213 216 218 219 237 240 244 247 263 317 347 360 373 412 430 433 473 477 496 86 87 92 94
579:0 104 113 115 138 148 153 156 157 164 182 207 213 216 218 219 237 240 244 247 249 263 317 347 360 373 374 411 412 416 430 433 447 473 477 496 63 70 86 87 92 94
580:0 104 156 164 182 19 207 213 216 218 237 240 258 263 291 332 365 496 503 57 58 92
581:0 104 156 164 182 19 207 213 216 218 237 240 258 263 291 332 365 416 496 503 57 58 63 92
582:0 104 113 153 156 164 182 207 213 216 218 237 240 258 263 269 430 496 524 58 59 92
583:0 104 113 153 156 164 182 207 213 216 218 237 240 258 263 269 430 496 524 58 59 92
584:0 104 113 153 156 164 182 207 213 216 218 237 240 258 263 269 416 430 496 524 58 59 63 92
585:0 104 113 148 156 164 182 207 213 216 218 219 237 240 241 247 263 412 447 496 497 514 526 528 76 86 92
586:0 104 113 14 148 15 156 164 182 207 213 216 218 219 237 240 241 247 249 263 412 416 447 496 497 514 526 528 63 76 86 92
587:0 104 113 148 15 156 164 182 207 213 216 218 237 240 263 269 332 369 374 451 496 512 521 528 85 86 87 92
588:0 104 14 15 156 164 182 206 207 213 216 218 237 240 263 332 398 404 412 496 522 92
589:0 104 14 15 156 164 182 206 207 213 216 218 237 240 249 263 332 398 404 411 412 416 496 522 63 92
590:0 104 148 156 164 182 188 207 213 216 218 237 240 241 263 371 412 447 474 496 76 92
591:0 104 148 156 164 182 188 207 213 216 218 237 240 241 263 371 412 416 447 474 496 63 76 92
592:0 104 127 138 148 156 164 182 188 207 213 216 218 219 237 240 244 247 258 261 263 269 291 412 433 482 496 503 57 58 59 92 94
593:0 104 127 138 148 156 164 182 188 207 213 216 218 219 237 240 244 247 258 261 263 269 291 412 416 433 482 496 503 57 58 59 63 92 94
594:0 104 113 127 156 164 182 207 213 216 218 219 237 240 244 247 258 263 291 347 496 503 57 58 59 92 94
595:0 104 113 148 15 156 164 168 182 207 213 216 218 237 240 263 398 404 412 451 496 521 522 528 85 86 92
596:0 104 113 148 15 156 164 168 182 207 213 216 218 237 240 263 398 404 412 416 451 496 521 522 528 63 85 86 87 92
597:0 104 148 153 156 164 182 207 216 218 237 241 249 263 360 371 397 398 412 430 468 496 76 85 86 92
598:0 104 14 148 15 153 156 164 182 201 207 216 218 237 241 249 263 332 360 371 397 398 412 416 421 430 447 468 496 523 63 70 76 85 86 87 92
599:0 104 156 164 182 201 207 216 218 237 249 263 397 430 451 496 521 63 85 86 92
600:0 104 156 164 182 201 207 216 218 237 249 263 397 430 451 496 521 63 85 86 92
601:0 104 156 164 182 201 207 216 218 237 249 263 397 416 430 433 451 496 521 63 85 86 87 92
602:0 
603:0 104 113 148 156 164 182 207 213 216 218 237 240 263 369 430 451 496 512 521 528 85 86 87 92
604:0 104 113 148 15 156 157 164 182 207 213 216 218 237 240 249 263 280 317 337 369 416 430 447 451 46 468 496 512 521 525 528 53 63 70 85 86 87 92
605:0 104 113 115 138 148 156 157 164 168 182 207 213 216 218 219 237 240 244 247 263 317 347 373 412 433 451 473 477 496 497 502 85 86 92 94
606:0 104 113 115 138 148 156 157 164 168 182 207 213 216 218 219 237 240 244 247 263 317 347 373 412 416 433 451 473 477 496 497 502 63 85 86 92 94
607:0 104 126 138 148 156 164 168 182 207 213 216 218 219 237 241 244 247 261 263 269 315 347 371 373 412 433 477 488 496 510 53 76 92 94
608:0 104 126 138 148 156 164 168 182 207 213 216 218 219 237 241 244 247 261 263 269 315 347 371 373 412 433 477 488 496 510 53 76 92 94
609:0 104 126 138 148 156 164 168 182 207 213 216 218 219 237 241 244 247 261 263 269 315 347 371 373 412 416 433 477 488 496 510 53 63 76 92 94
610:0 104 14 15 156 164 182 206 207 213 216 218 237 240 241 249 263 269 317 332 337 371 374 398 404 416 46 468 496 510 70 91 92
611:0 104 14 15 156 164 182 206 207 213 216 218 237 240 241 249 263 269 317 332 337 371 374 398 404 416 421 46 468 496 510 525 70 91 92
612:0 104 14 15 156 157 164 182 206 207 213 216 218 237 240 241 249 263 269 280 317 332 337 371 374 398 404 411 416 421 447 46 468 496 510 523 525 57 63 70 89 91 92
613:0 104 15 156 164 182 207 213 216 218 237 240 249 258 263 317 332 374 421 447 468 496 497 524 57 58 59 70 91 92
614:0 104 14 15 156 157 164 182 207 213 216 218 237 240 249 258 263 269 280 291 317 332 339 374 411 416 421 444 447 46 468 496 497 523 524 57 58 59 63 70 91 92
615:0 104 113 115 153 156 164 182 207 213 216 218 237 240 258 263 398 430 496 512 524 58 59 63 76 92
616:0 104 156 164 182 188 207 213 216 218 237 240 263 412 474 496 522 92
617:0 104 156 164 182 188 201 207 213 216 218 237 240 263 369 411 412 416 474 496 522 63 92
618:0 104 148 156 157 164 182 188 201 207 213 216 218 237 240 263 317 371 444 482 496 503 523 57 85 86 87 89 91 92
619:0 104 115 14 156 157 164 182 207 213 216 218 237 240 241 244 249 263 269 280 317 332 339 347 369 371 374 398 411 444 447 490 496 512 514 526 70 91 92
620:0 104 115 14 156 157 164 182 207 213 216 218 237 240 241 244 249 263 269 280 317 332 339 347 369 371 374 398 411 416 444 447 490 496 512 514 526 63 70 91 92
621:0 104 15 156 157 164 182 188 207 213 216 218 237 240 241 249 259 263 269 317 332 337 371 374 411 416 421 430 451 46 468 479 496 510 514 523 525 53 555 57 63 70 89 91 92
622:0 104 148 156 157 164 168 182 207 216 218 219 237 240 247 249 263 280 317 360 374 397 411 447 477 490 496 523 58 70 89 92 94
623:0 104 148 156 157 164 168 182 19 207 216 218 219 237 240 247 249 263 280 317 360 374 397 411 416 430 444 447 451 477 490 496 523 58 63 70 76 85 89 92 94
624:0 104 14 15 156 164 168 182 201 206 207 213 216 218 237 240 249 259 263 269 280 317 332 371 373 374 397 398 404 421 447 468 490 496 514 555 86 91 92
625:0 104 14 15 156 164 168 182 201 206 207 213 216 218 237 240 249 259 263 269 280 317 332 371 373 374 397 398 404 411 416 421 444 447 468 490 496 514 555 63 86 91 92
626:0 104 14 15 156 157 164 182 207 213 216 218 237 240 241 249 263 269 317 332 371 398 416 444 496 514 523 526 528 57 70 89 92
627:0 104 15 156 157 164 182 19 207 213 216 218 237 240 241 249 263 317 332 339 365 369 421 468 496 507 514 526 70 92
628:0 104 15 156 157 164 182 19 207 213 216 218 237 240 241 249 263 317 332 339 365 369 416 421 468 496 507 514 526 63 70 92
629:0 104 15 156 164 168 182 19 207 213 216 218 237 240 241 244 247 249 259 263 269 317 332 365 369 371 373 496 510 514 555 92
630:0 104 15 156 164 168 182 19 207 213 216 218 237 240 241 244 247 249 259 263 269 317 332 365 369 371 373 416 496 510 514 555 63 92
631:0 104 126 15 156 164 168 182 207 213 216 218 237 240 241 249 261 263 269 317 332 374 411 416 421 468 496 510 53 76 91 92
632:0 104 15 156 157 164 182 201 207 213 216 218 237 249 263 317 332 397 404 412 416 421 430 444 468 496 514 522 70 86 91 92
633:0 104 156 164 168 182 207 213 216 218 237 240 241 244 249 259 263 269 46 496 510 525 526 70 86 92
634:0 104 156 164 168 182 207 213 216 218 237 240 241 244 249 259 263 269 46 496 510 525 526 70 86 92
635:0 104 115 126 156 157 164 168 182 19 207 213 216 218 237 240 241 244 249 259 263 269 317 369 371 411 416 430 444 451 46 496 497 510 512 523 525 526 53 57 63 70 86 89 92
636:0 104 113 126 156 164 182 207 216 218 219 237 241 261 263 315 347 369 488 496 510 512 522 528 53 76 92 94
637:0 104 113 126 156 164 182 19 207 216 218 219 237 241 261 263 315 332 347 369 398 416 488 496 510 512 522 528 53 63 76 92 94
638:0 104 115 14 15 156 164 182 201 206 207 216 218 219 237 244 249 263 269 332 347 397 398 404 411 416 430 444 46 468 496 514 521 526 63 70 86 92
639:0 104 115 14 15 156 157 164 182 201 206 207 216 218 219 237 244 249 263 269 317 332 347 397 398 404 411 416 444 46 479 496 514 523 526 63 70 89 92
640:0 104 113 115 14 148 15 156 164 182 206 207 216 218 219 237 241 244 249 263 269 332 347 404 411 412 416 444 447 46 496 514 526 63 70 76 92
641:0 104 156 164 168 182 188 19 207 213 216 218 237 240 249 259 263 269 280 332 339 369 371 373 374 411 416 447 479 482 496 507 510 512 63 70 92 94
642:0 104 156 164 168 182 188 19 207 213 216 218 237 240 249 259 263 269 280 339 369 371 373 374 411 416 430 447 451 479 482 496 507 510 521 528 63 70 85 86 87 92 94
643:0 104 113 115 126 15 156 157 164 182 19 207 216 218 219 237 241 247 249 261 263 315 317 337 371 374 411 416 421 444 468 488 496 497 510 525 53 63 70 76 92 94
644:0 104 113 115 148 15 156 157 164 182 19 207 216 218 219 237 240 247 249 263 317 337 371 374 411 416 421 430 444 451 468 496 497 521 525 528 63 70 85 86 87 92 94
645:0 104 14 153 156 157 164 182 188 19 201 207 213 216 218 237 249 263 280 317 339 347 369 371 374 397 411 416 444 447 479 482 496 523 63 70 89 91 92 94
646:0 104 113 115 15 156 157 164 182 19 207 216 218 219 237 240 241 247 249 258 263 317 337 371 374 411 416 421 430 444 468 496 497 525 58 59 63 70 92 94
647:0 104 115 14 15 156 164 182 206 207 216 218 219 237 240 244 249 258 263 269 332 347 398 404 411 416 444 46 496 503 514 526 57 63 70 92
648:0 104 113 138 148 156 164 182 207 216 218 219 237 240 241 244 247 249 263 280 347 369 371 373 374 411 412 416 421 433 444 447 451 468 473 477 490 496 497 512 514 526 63 70 85 86 87 92 94
649:0 104 113 115 148 153 156 164 182 19 207 216 218 237 263 332 369 397 404 412 416 421 430 451 468 488 496 522 53 58 59 63 76 85 86 87 92 94
386:1 104 113 115 138 148 15 156 157 164 182 207 216 218 219 237 240 241 244 247 249 259 263 269 280 317 332 347 374 398 411 412 416 430 433 447 451 473 477 490 496 502 58 63 70 76 85 86 87 92 94
386:2 104 113 115 138 148 15 156 157 164 182 207 216 218 219 237 240 241 244 247 249 259 263 269 280 317 332 347 374 398 411 412 416 430 433 447 451 473 477 490 496 502 58 63 70 76 85 86 87 92 94
386:3 104 113 115 138 148 15 156 157 164 182 207 216 218 219 237 240 241 244 247 249 259 263 269 280 317 332 347 374 398 411 412 416 430 433 447 451 473 477 490 496 502 58 63 70 76 85 86 87 92 94
413:1 104 138 148 156 164 168 182 201 207 213 216 218 219 237 240 241 244 247 263 317 416 474 496 522 523 63 89 91 92 94
413:2 104 138 148 156 164 168 182 207 213 216 218 219 237 240 241 244 247 263 360 416 430 474 496 522 63 92 94
492:1 104 14 148 156 164 182 207 216 218 219 237 241 244 263 412 416 447 496 63 76 92 94
487:1 104 138 15 156 164 182 19 207 216 218 219 237 240 241 244 247 249 261 263 332 337 347 371 412 416 421 444 451 46 468 477 496 497 523 525 63 70 85 86 87 89 92 94
479:2 104 113 115 138 148 156 164 168 182 207 216 218 237 240 241 244 247 261 263 451 477 496 521 85 86 87 92
479:3 104 113 115 138 148 156 164 168 182 207 216 218 237 240 241 244 247 261 263 451 477 496 521 85 86 87 92
479:4 104 113 115 138 148 156 164 168 182 207 216 218 237 240 241 244 247 261 263 451 477 496 521 85 86 87 92
479:5 104 113 115 138 148 156 164 168 182 207 216 218 237 240 241 244 247 261 263 451 477 496 521 85 86 87 92
479:1 104 113 115 138 148 156 164 168 182 207 216 218 237 240 241 244 247 261 263 451 477 496 521 85 86 87 92
555:1 104 126 156 157 164 168 182 207 213 216 218 237 241 249 259 261 263 269 280 315 317 339 360 369 371 374 411 416 444 447 46 479 488 496 510 523 526 53 63 70 76 89 91 92 94
648:1 104 113 138 148 156 164 182 207 216 218 219 237 240 241 244 247 249 263 280 347 369 371 373 374 411 412 416 421 433 444 447 451 468 473 477 490 496 497 512 514 526 63 70 85 86 87 92 94