2 1
3 2
5 4
6 5
8 7
9 8
11 10
12 11
14 13
15 14
17 16
18 17
20 19
22 21
24 23
25 172
26 25
28 27
30 29
31 30
33 32
34 33
35 173
36 35
38 37
39 174
40 39
42 41
44 43
45 44
47 46
49 48
51 50
53 52
55 54
57 56
59 58
61 60
62 61
64 63
65 64
67 66
68 67
70 69
71 70
73 72
75 74
76 75
78 77
80 79
82 81
85 84
87 86
89 88
91 90
93 92
94 93
97 96
99 98
101 100
103 102
105 104
106 236
107 236
110 109
112 111
113 440
117 116
119 118
121 120
122 439
124 238
125 239
126 240
130 129
134 133
135 133
136 133
139 138
141 140
143 446
148 147
149 148
153 152
154 153
156 155
157 156
159 158
160 159
162 161
164 163
166 165
168 167
169 42
171 170
176 175
178 177
180 179
181 180
182 44
183 298
184 183
185 438
186 61
188 187
189 188
192 191
195 194
196 133
197 133
199 79
202 360
205 204
208 95
210 209
212 123
217 216
219 218
221 220
224 223
226 458
229 228
230 117
232 231
233 137
237 236
242 113
247 246
248 247
253 252
254 253
256 255
257 256
259 258
260 259
262 261
264 263
266 265
267 266
268 265
269 268
271 270
272 271
274 273
275 274
277 276
279 278
281 280
282 281
284 283
286 285
288 287
289 288
291 290
292 290
294 293
295 294
297 296
301 300
305 304
306 305
308 307
310 309
315 406
317 316
319 318
321 320
323 322
326 325
329 328
330 329
332 331
334 333
340 339
342 341
344 343
346 345
348 347
350 349
354 353
356 355
362 361
364 363
365 364
367 366
368 366
372 371
373 372
375 374
376 375
388 387
389 388
391 390
392 391
394 393
395 394
397 396
398 397
400 399
402 401
404 403
405 404
407 315
409 408
411 410
413 412
416 415
419 418
421 420
423 422
424 190
426 425
428 427
429 200
430 198
432 431
435 434
437 436
444 443
445 444
448 447
450 449
452 451
454 453
457 456
460 459
461 215
462 82
463 108
464 112
465 114
466 125
467 126
468 176
469 193
470 133
471 133
472 207
473 221
474 233
475 281
476 299
477 356
478 361
490 489
502 412
503 412
