1 7
2 7
3 7
4 7
5 7
6 7
7 7
8 7
9 7
10 4
11 4
12 4
13 4
14 4
15 4
16 4
17 4
18 4
19 4
20 4
21 4
22 4
23 4
24 4
25 4
26 4
27 4
28 4
29 4
30 4
31 4
32 8
33 8
34 8
35 2
36 2
37 2
38 2
39 2
40 2
41 4
42 4
43 4
44 4
45 4
46 4
47 4
48 4
49 4
50 4
51 4
52 4
53 4
54 4
55 4
56 4
57 4
58 6
59 6
60 4
61 4
62 4
63 6
64 6
65 6
66 6
67 6
68 6
69 4
70 4
71 4
72 4
73 4
74 4
75 4
76 4
77 4
78 4
79 4
80 4
81 0
82 0
83 4
84 4
85 4
86 4
87 4
88 4
89 4
90 4
91 4
92 4
93 4
94 4
95 4
96 4
97 4
98 4
99 4
100 0
101 0
102 4
103 4
104 4
105 4
106 8
107 8
108 4
109 4
110 4
111 4
112 4
113 0
114 4
115 0
116 4
117 4
118 4
119 4
120 0
121 0
122 4
123 4
124 0
125 6
126 6
127 4
128 8
129 4
130 4
131 4
132 0
133 7
134 7
135 7
136 7
137 0
138 7
139 7
140 7
141 7
142 7
143 7
144 0
145 0
146 0
147 4
148 4
149 4
150 0
151 0
152 7
153 7
154 7
155 7
156 7
157 7
158 7
159 7
160 7
161 4
162 4
163 4
164 4
165 4
166 4
167 4
168 4
169 4
170 4
171 4
172 4
173 2
174 2
175 7
176 7
177 4
178 4
179 4
180 4
181 4
182 4
183 4
184 4
185 4
186 4
187 4
188 4
189 4
190 4
191 4
192 4
193 4
194 4
195 4
196 7
197 7
198 4
199 4
200 4
201 0
202 4
203 4
204 4
205 4
206 4
207 4
208 4
209 2
210 2
211 4
212 4
213 4
214 4
215 4
216 4
217 4
218 4
219 4
220 4
221 4
222 2
223 4
224 4
225 4
226 4
227 4
228 4
229 4
230 4
231 4
232 4
233 0
234 4
235 4
236 8
237 8
238 0
239 6
240 6
241 0
242 0
243 0
244 0
245 0
246 4
247 4
248 4
249 0
250 0
251 0
