1:0 130 219|113 80 219|204 80|113 130
2:0 130 219|113 80 219|204 80|113 130
3:0 130 219|113 80 219|204 80|113 130
4:0 157 44 200|44 251|187 157|157 246 44
5:0 157 44 200|44 251|187 157|157 246 44
6:0 157 44 200|44 251|187 157|157 246 44
7:0 193 93|54 114|54 243|54 193
8:0 193 93|54 114|54 243|54 193
9:0 193 93|54 114|54 243|54 193
16:0 193 185|228 185
17:0 193 185|228 185
18:0 193 185|228 185
19:0 68 154 103 172 179 44
20:0 68 154 103 172 179 44
21:0 206 98|161 98 185
22:0 206 98|161 98 185
23:0 242 21 228 180 251
24:0 242 21 228 180 251
25:0 3 227 179 217 117
26:0 3 227 179 217 117
27:0 68 175 229 232 219
28:0 68 175 229 232 219
29:0 204 68 36 251 116 48 50
32:0 68 36 93 251 133 48 50
33:0 68 36 93 251 133 48 50
34:0 68 36 93 251 133 48 50
35:0 187 133|102 133 150
36:0 187 133|102 133 150
37:0 175 180 95 185 50
38:0 175 180 95 185 50
39:0 217 185
40:0 217 185
41:0 18 228 98 185 16
42:0 18 228 98 185 16
43:0 175 75 235|204 75 235|75 14 235
44:0 175 75 235|204 75 235|75 14 235
45:0 175 75 235|204 75 235|75 14 235
46:0 68 103|68 175 113|103 60|68 206 228 113|60 113|103 228
47:0 68 103|68 175 113|103 60|68 206 228 113|60 113|103 228
48:0 103 226
49:0 103 226
50:0 103 228 246 251 185
51:0 103 228 246 251 185
52:0 204 180 95 133
53:0 204 180 95 133
54:0 238 193 94 60 248 95 113
55:0 238 193 94 60 248 95 113
56:0 68 157 193 179 96 251
57:0 68 157 193 179 96 251
58:0 34 37 242 83 219
59:0 34 37 242 83 219
60:0 170 61 150|170 54 61 114
61:0 170 61 150|170 54 61 114
62:0 54 61 114|61 150
63:0 227 112 113
64:0 227 112 113
65:0 227 112 113
66:0 227 96 113|27 96 113
67:0 227 96 113|27 96 113
68:0 227 96 113|27 96 113
69:0 141 115 14|115 14 235|227 115 235|141 235
70:0 141 115 14|115 14 235|227 115 235|141 235
71:0 141 115 14|115 14 235|227 115 235|141 235
72:0 62 114|243 219|229 62
73:0 62 114|243 219|229 62
74:0 157 5
75:0 157 5
76:0 157 5
77:0 204 172 37 24 95 98
78:0 204 172 37 24 95 98
79:0 248 219|187 23
80:0 248 219|187 23
83:0 119 175 193 98 16
84:0 114 98 48 185|175 98|175 114 48
85:0 114 98 48 185|175 98|175 114 48
86:0 122 21 227 195 64 50
87:0 122 21 227 195 64 50
88:0 122 212 114
89:0 122 212 114
90:0 36 229 61 112|103 229 61 112|103 36 61 112
91:0 36 229 61 112|103 229 61 112|103 36 61 112
92:0 114 149|195 149
93:0 114 149|195 149
94:0 114 149|195 149
95:0 157 175
96:0 112 113
97:0 112 113
98:0 21 114|175 91
99:0 21 114|175 91
102:0 72 236|235 236|246 235|72 235
103:0 72 115 235|246 115 235|72 115 236|115 235 236
104:0 157 130 14|187 103|187 157 130|103 157 130|103 157 246|103 130 14|195 130
105:0 157 130 14|187 103|187 157 130|103 157 130|103 157 246|103 130 14|195 130
106:0 229 183
107:0 170 136 229
108:0 34 187
109:0 103 60 149 220
110:0 103 60 149 220
111:0 68 222 37 242 157 228 179
112:0 68 222 37 242 157 228 179
113:0 215 217 118
114:0 93 115|175 115|115 133
115:0 193 219|23 50|116 50|219 50
116:0 190 62|175 62|62 50|62 150|62 82|175 82 150
117:0 190 62|175 62|62 50|62 150|62 82|175 82 150
118:0 56 114|60 114
119:0 56 114|60 114
120:0 112 62 48
121:0 112 62 48
122:0 102 95 248
123:0 68 179|68 113|13 219|226 113 219
125:0 238 2 27 96|112 96
126:0 238 103 2|238 2 5|103 5 112|103 2 5
127:0 175 31
133:0 204 175
134:0 204 175
135:0 204 175
136:0 204 175
138:0 21 61 62|21 61 114 48|61 62 114 48
139:0 21 61 62|21 61 114 48|61 62 114 48
140:0 91 229 61|175 62|229 61 62|175 91 229
141:0 91 229 61|175 62|229 61 62|175 91 229
142:0 18 193|18 228
147:0 114 48|54 114
148:0 114 48|54 114
149:0 114 48|54 114
152:0 68 175|73 22 14|73 22 246|68 14|22 175
153:0 68 175|73 22 14|73 22 246|68 14|22 175
154:0 68 175|73 22 14|73 22 246|68 14|22 175
155:0 154 37 193 179 66
156:0 154 37 193 179 66
157:0 154 37 193 179 66
158:0 37 242 157 246|246 13
159:0 37 242 157 246|246 13
160:0 37 242 157 246|246 13
161:0 38 228 179 163 116
162:0 38 228 179 163 116
163:0 119 17 18 143 185|17 18 143 48|17 18 48 185
164:0 119 17 18 143 185|17 18 143 48|17 18 48 185
165:0 60 117
166:0 60 117
167:0 226 228|226 60 50|228 49
168:0 226 228|226 60 50|228 49
169:0 18 228 98 185 16
172:0 3 227 179 217 117
173:0 217 118|102 150 133 118|187 133 118
174:0 217 185
175:0 119 193 64|193 248|248 64|248 217
176:0 119 193 64|193 248|248 64|248 217
177:0 211 114 98 65 185
178:0 211 114 98 65 185
179:0 34 103 36 115 219
180:0 34 103 36 115 219
181:0 34 103 36 115 219
182:0 175 75 235|204 75 235|75 14 235
183:0 248 133|113 217|187 113 133|193 195|195 248|187 195 133|193 248 113|248 217
184:0 248 133|113 217|187 113 133|193 195|195 248|187 195 133|193 248 113|248 217
186:0 170 61 150|170 54 61 114
187:0 38 93 115|38 227 45 115 133|38 6 45 115
188:0 38 93 115|38 227 45 115 133|38 6 45 115
189:0 38 93 115|38 227 45 115 133|38 6 45 115
190:0 68 3 21 228 180 251
193:0 18 141
194:0 34 246 219
195:0 34 246 219
196:0 204 175
197:0 204 175
198:0 119 17 18 143 98|119 18 143 98 65
199:0 248 219|187 23
200:0 103 194
203:0 36 193 248 251 133
204:0 42 129 115
205:0 42 129 115
206:0 157 246 44 117
207:0 17 232 13|68 17 232
208:0 157 175
209:0 242 43 215 217 115 185 118
210:0 242 43 215 217 115 185 118
211:0 175 61 114 48
212:0 68 179|68 113|13 219|226 113 219
214:0 106 117|175 117|106 175
215:0 68 193 180 44 115
216:0 68 69 36 242 232 116
217:0 68 69 36 242 232 116
220:0 34 157 246 44
221:0 34 157 246 44
222:0 54 133 219|103 157|103 133|103 219
223:0 103 190 48|190 114 48
224:0 114 48|103 48
225:0 229 248 62 98 150
226:0 239 21 56|21 56 114|239 21 114|239 56 114
227:0 18 228 143 65
228:0 68 228 179 180 251 99 83
229:0 68 228 179 180 251 99 83
230:0 190 62|175 62|62 50|62 150|62 82|175 82 150
231:0 34 55 246 116
232:0 34 55 246 116
234:0 180 44 113 115 50
236:0 170 136 229 183
237:0 170 136 183
239:0 238 2 27 96|112 96
240:0 238 103 2|238 2 5|103 5 112|103 2 5
241:0 69 179 217
242:0 215 217 118
246:0 23 228|246 116
247:0 23 228|246 116
248:0 23 228|246 116