
294 280 78 10|280 78 10 214 335 219|228 280 78 214 335|160 280 78 214 335 219 202|294 280 265 10 214 202|57 280 10|228 160 280 265 214 335 219 202|57 228 280 214 335|280 78 368|360 160 280 335 219 202|294 228 280 202|360 280 78
294 280 78 10|280 78 10 214 335 219|228 280 78 214 335|160 280 78 214 335 219 202|294 280 265 10 214 202|57 280 10|228 160 280 265 214 335 219 202|57 228 280 214 335|280 78 368|360 160 280 335 219 202|294 228 280 202|360 280 78
228 160 265 214 335 219 202|360 78|78 368|78 10 214 335 219|57 228 214 335|228 78 214 335|294 78 10|57 10|294 265 10 214 202|360 160 335 219 202|294 228 202|160 78 214 335 219 202
273 103 137 75 32 100|273 103 137 242 11|273 103 137 242 75|273 137 75 11 32 100|273 137 70 75 29|273 103 137 70 75 11|273 137 242 75 11 32|273 137 70 28|273 137 75 28 32
273 103 137 75 32 100|273 103 137 242 11|273 103 137 242 75|273 137 75 11 32 100|273 137 70 75 29|273 103 137 70 75 11|273 137 242 75 11 32|273 137 70 28|273 137 75 28 32
103 75 32 100|70 75 29|75 11 32 100|70 28|103 70 75 11|103 242 75|75 28 32|103 242 11|242 75 11 32
315 251 13 134 254|173 260 315 13 134 254|315 148 254|124 134 254|124 12 13|315 12 13|260 262 315 148 251|260 465 12 13 134 254|260 465 262 315 148|465 315 148 12|260 262 315 13|173 148 254|173 260 465 262 254|260 315 251 13 134
315 251 13 134 254|173 260 315 13 134 254|315 148 254|124 134 254|124 12 13|315 12 13|260 262 315 148 251|260 465 12 13 134 254|260 465 262 315 148|465 315 148 12|260 262 315 13|173 148 254|173 260 465 262 254|260 315 251 13 134
315 251 13 134 254|173 260 315 13 134 254|315 148 254|124 134 254|124 12 13|315 12 13|260 262 315 148 251|260 465 12 13 134 254|260 465 262 315 148|465 315 148 12|260 262 315 13|173 148 254|173 260 465 262 254|260 315 251 13 134






123 148|123 42 305|42 148
123 148|123 42 305|42 148
123 148|123 42 305|42 148
153 341 70 233 319 135 441
153 341 70 233 319 135 441
19 123 361 127 455 441|306 19 123 361 455 441|361 455 339|306 19 361 127 455|306 361 126 127 441|306 123 361 433 441|306 123 361 127 455 441
306 123 433 441|306 19 127 455|306 19 123 455 441|455 339|19 123 127 455 441|306 123 127 455 441|306 126 127 441
409 88 364 28 283 287 305 339
409 88 364 28 283 287 305 339
428 55 124 295 114 97 319 30 134 458
428 55 124 295 114 97 319 30 134 458
70 242 259 76 335 268 134
70 242 259 335 268 134
70 88 360 57 416 144 402 28 305


70 88 174 416 10 402 28 63
70 88 174 416 10 402 28 63
70 88 174 416 10 402 28 63
385 16|295 125 385|125 10 385 29|295 125 247|295 247 458|71 125 247 458
385 16|295 125 385|125 10 385 29|295 125 247|295 247 458|71 125 247 458
187 137 88 292 123 193 134 117
187 137 88 292 123 193 134 117
295 125|125 279|295 458|71 123 125 458|123 295
295 125|125 279|295 458|71 123 125 458|123 295
123 193 455|306 123 42 455 168 305|306 78 168|123 263 42 455 305
123 193 455|306 123 42 455 168 305|306 78 168|123 263 42 455 305
418 202|428 310 202|428 134 202|310 134 202|310 57
418 202|428 310 202|428 134 202|310 134 202|310 57
418 202|428 310 202|428 134 202|310 134 202|310 57
341 74 134|341 74 7 297 219|74 7 297 407|341 74 305|70 74 134 219 407|70 242 74 7 219 305|341 70 242 74 7
341 134|341 7 297 219|341 305|7 297 407|70 242 7 219 305|341 70 242 7|70 134 219 407
341 7 27|341 431 7
341 7 27|341 431 7
341 123 11 28 319 305 441
341 123 11 28 319 305 441
17 57 193 414 10 134 304 271
17 57 193 414 10 134 304 271
154 258 73 193 465 297 315 62 148 114 219
154 258 73 193 465 297 315 62 148 114 219
70 28 148 318 114 319 370 235
70 28 148 318 114 319 370 235
187 257 37 96 335 421 132
187 257 37 96 335 421 132
194 248 385|173 248 114 254|315 248 385 114|315 248 115 254|173 315 248 385 254|194 248 114|194 248 115
194 248 385|173 248 114 254|315 248 385 114|315 248 115 254|173 315 248 385 254|194 248 114|194 248 115
173 315 385 254|173 114 254|315 115 254|315 385 114|194 114|194 115|194 385
293 165|26 114 165
293 165|26 114 165
293 165|26 114 165
70 60 370 50|70 331 60 235 50|114 370|293 235 219 50|331 235 219|70 60 114|114 235 219
70 60 370 50|70 331 60 235 50|114 370|293 235 219 50|331 235 219|70 60 114|114 235 219
70 60 370 50|70 331 60 235 50|114 370|293 235 219 50|331 235 219|70 60 114|114 235 219
228 453 202|428 228 202|114 202|428 314 202|228 314 202|314 114
228 453 202|428 228 202|114 202|428 314 202|228 314 202|314 114
228 453 202|428 228 202|114 202|428 314 202|228 314 202|314 114
62 335 251|173 262|309 62|4 62|309 23|173 23
62 335 251|173 262|309 62|4 62|309 23|173 23
171 134|78 134
171 134|78 134
171 134|78 134
257 193 57 94 96 421 186
257 193 57 94 96 421 186
260 390|29 233 390
260 390|29 233 390


306 71 127 213 78 148 252 168 134
402 252|173 123 42 252|252 134|173 123 42 402
402 252|173 123 42 252|252 134|173 123 42 402
88 124 279 364 383 199 218 405 389 186
88 124 279 364 383 199 218 405 389 186
78 350 351 234 201|173 78 350 234 218|173 383 405 389|383 78 405 389
78 350 351 234 201|173 78 350 234 218|173 383 405 389|383 78 405 389
341 26 46 322|259 46 322|341 309 259 46|341 309 26 46|341 309 322
341 26 46 322|259 46 322|341 309 259 46|341 309 26 46|341 309 322
19 88 303|173 164 303|19 173 88|19 279 164 303|19 88 164
19 88 303|173 164 303|19 173 88|19 279 164 303|19 88 164
19 88 303|173 164 303|19 173 88|19 279 164 303|19 88 164
82 134 322
17 301|26 301 165
17 301|26 301 165
173 428|428 10
173 428|428 10


223 265 214|292 265 214 202|256 223 214 202|78 214 202
223 265|78 202|256 223 202|292 265 202
204 279 11|204 360 11|341 86 94|204 341 11|204 341 29
204 279 11|204 360 11|341 86 94|204 341 11|204 341 29
70 309 226 50
309 248 183
171 78 232|37 78 10 29|171 262 78|171 370
341 297 78 164 303
341 297 78 164 303
103 70 360 75 76 196 78 232 130 319 423
103 70 360 75 76 196 78 232 130 319 423
295 245|245 16
265 214 216 115|265 134|214 134|292 10 265 214 216|292 265 214 63 216
70 335|76 335|171 70 148 390|88 335 390|148 335|96 335 390|70 88 144|171 96 148 390|171 88 390|171 70 76 390|171 144 96 390
102 104|102 385 134|104 385 134|23 385|23 134 270|88 23
102 104|102 385 134|104 385 134|23 385|23 134 270|88 23
189 297|173 297|189 173|189 37|189 260
189 297|173 297|189 173|189 37|189 260


124 263 62|124 193 418|124 447 263|154 193 263
319 48|70 319|27 335 48 219|70 219
124 458|124 263 235
73 128|331 128 235|26 235|208 73 108 331 235|108 128 235
341 208 73 108|238 226|341 26|137 226|73 108 29
60 128 151 134|306 123 128|123 128 134



315 78 148|78 133|78 186|428 315|428 78

86 428 71 57 465 125 78 134 458
86 428 71 57 465 125 78 134 458
86 428 71 57 465 125 78 134 458
86 428 71 57 465 125 78 134 458

23 431 382 402 46|173 463 431 262 402 46|173 364 262|23 364|173 463 23 431 402 46|173 364 402 46
23 431 382 402 46|173 463 431 262 402 46|173 364 262|23 364|173 463 23 431 402 46|173 364 402 46
341 23 46 134|309 134|341 309 62 46|341 309 23 46|62 134
341 23 46 134|309 134|341 309 62 46|341 309 23 46|62 134
78 148|104 305|18 455 305|148 455
78 133|70 78|78 455 305|78 96 305|57 96



402 219|104 173 254|402 254|173 402|219 254
402 219|104 173 254|402 254|173 402|219 254
402 219|104 173 254|402 254|173 402|219 254


70 265 134|444 463 265 214 216 202|70 216 202|444 463 214 134 202|70 265 216|444 463 265 134 202|444 160 265 214 216 202
70 265 134|444 463 265 214 216 202|70 216 202|444 463 214 134 202|70 265 216|444 463 265 134 202|444 160 265 214 216 202
70 265 134|444 463 265 214 216 202|70 216 202|444 463 214 134 202|70 265 216|444 463 265 134 202|444 160 265 214 216 202
153 187 137 120 71 76 94 148 319 421
153 187 137 120 71 76 94 148 319 421
153 187 137 120 71 76 94 148 319 421
99 100|242 260 450 12 99
99 100|242 260 450 12 99
242 260 450 12
17 71 57 365 144 434 96 319 305
17 71 57 365 144 434 96 319 305
361 7 127 402 252|123 361 127 267 455 252 457|361 7 402 252 457|123 361 7 127 455 252 457|123 361 402 455 457|123 361 7 402|361 7 402 455 457
7 402 455 457|123 402 455 457|123 7 402|7 127 402 252|123 127 267 455 252 457|123 7 127 455 252 457|7 402 252 457
114 30|341 297|341 30
114 30|341 297|341 30
377 305|27 305|88 431 297|431 305|88 297 27
377 305|27 305|88 431 297|431 305|88 297 27
123 193 455|306 123 42 455 168 305|306 78 168|123 263 42 455 305
7 297|10 254|341 7|341 297
7 297|10 254|341 7|341 297
426 428 55 446 124 295 114 97 319 30 134 458
125 245 10 385 29|295 125 245 247|295 245 247 458|245 385 16|71 125 245 247 458|295 125 245 385
295 125|125 279|295 458|71 123 125 458|123 295
295 263|154 223 278 302|120 278 148 302 252|154 295|278 263 302 252|223 295
295 263|154 223 278 302|120 278 148 302 252|154 295|278 263 302 252|223 295
306 315|173 123 107 127|306 123 107 127|173 127 315|306 173 123 107
306 315|173 123 107 127|306 123 107 127|173 127 315|306 173 123 107
341 37 140 416 314 335 337 271
341 37 140 416 314 335 337 271
341 37 140 416 314 335 337 271
418 202|428 310 202|428 134 202|310 134 202|310 57
10 402|402 12|37 295 219|279 12|402 219|154 315 10 12 219|10 29 219|37 279 315 29|37 279 219|37 315 10|154 295 219
10 402|402 12|37 295 219|279 12|402 219|154 315 10 12 219|10 29 219|37 279 315 29|37 279 219|37 315 10|154 295 219
172 336 82|346 82|172 346
194 248 385|173 248 114 254|315 248 385 114|315 248 115 254|173 315 248 385 254|194 248 114|194 248 115
314 298 114 16|314 10 96|314 298 10 114|10 96 114|314 298 63|314 298 96 114
314 298 114 16|314 10 96|314 298 10 114|10 96 114|314 298 63|314 298 96 114
314 298 114 16|314 10 96|314 298 10 114|10 96 114|314 298 63|314 298 96 114
70 71 124 364 28 97 305
265 407|78 407|114 407
265 407|78 407|114 407
128 455|128 319|123 128 215
70 37 312 383 94 78 335 114 405 389
70 37 312 383 94 78 335 114 405 389
86 428 71 57 465 125 78 134 458
86 428 71 57 465 125 78 134 458
341 361 42 62 455|361 107 127 62 302|361 107 42 252|361 279 127 252|361 127 455 302 252|361 107 127 455 252|361 127 42 455 252
260 390|29 233 390
85 341 240 78|341 240 78 351 201|85 240 263 78 351 201|85 341 78 351 201


154 311 416 94 10 28 148 251 458
70 431 318 134|408 70 431|408 431 336 134|408 431 281|408 293 431 336
408 70|408 336 134|408 281|70 318 134|408 293 336
19 7 78 437 30 32
128 336 268|70 128 96 268|70 242 74 7 268|242 311 7 128 27 268 457|70 242 311 7 128 268 457|293 96 336 268|7 27 96 268
82 134 322
123 295 245 314 60 370
123 295 245 314 60 370
173 402 46 134|12 134
319 48|70 319|27 335 48 219|70 219
210 261 336|261 407|210 407|4 210 261
172 126 305|172 126 318 134|126 30|172 126 96|96 318 30 134
17 70 124 314 76 93 148 32 304 305
70 242 345 73 465 75 416 60 96 29 268
70 242 345 73 465 75 416 60 96 29 268
240 3 383 78 405 389|240 78 372
240 3 383 78 405 389|240 78 372
37 259 78 96 199 133 32
37 259 78 96 199 133 32
26 10 62 202|341 10 62|78 62 254|341 26 199|341 26 62|10 78 62 202|10 78 254|265 254
173 402 270 134 322|341 402 270 134 322|451 270 322
341 402 134|173 402 134
306 154 309 124 23 194 197 385 198
173 260 450 385 439|173 364 439|364 450|173 260 364|260 450 385 251 439|364 385
18 42 455 305|18 107 455 305|107 165|18 107 42 305
307 70 128 132 319 423 304 305
307 70 128 132 319 304 305
102 104|102 385 134|104 385 134|23 385|23 134 270|88 23
70 37 174 144 198 115 133
70 37 174 144 198 115 133

120 239 88 94 421 32

70 309 226 248 183 50
226 248 183 50
124 458|124 263 235
73 128|331 128 235|26 235|208 73 108 331 235|108 128 235
341 208 73 108|238 226|341 26|137 226|73 108 29
171 345 295 91 78 96 319 304
295 245|245 16



273 18 144 78 305 390 203|273 100 390 203
273 18 144 78 305 390|273 100 390
100 390|18 144 78 305 390



260 75 214|104 75 214|160 228 214 216|75 214 216|94 214|311 228 214 216|75 76 214
260 75|75 76|160 228 216|104 75|311 228 216|75 216
260 75|75 76|160 228 216|104 75|311 228 216|75 216
70 7 76 127 128 27 319 370 268
70 7 76 127 128 27 319 370 268
70 7 76 127 128 27 319 370 268
258 315 78 251|258 78 96 441 390|70 258 251|258 78 96 32|258 465 194 78|258 465 78 390|70 258 78 441 390|70 258 465 78 441|258 465 78 368|258 315 96 441|258 315 251 32|258 315 78 390|258 465 78 96 441|258 78 32 441 390|258 78 96 368|258 465 315 32
465 78 96 441|78 96 441 390|465 78 390|70 251|315 78 390|465 315 32|465 194 78|315 78 251|78 32 441 390|78 96 368|315 251 32|70 465 78 441|70 78 441 390|78 96 32|315 96 441|465 78 368
465 78 96 441|78 96 441 390|465 78 390|70 251|315 78 390|465 315 32|465 194 78|315 78 251|78 32 441 390|78 96 368|315 251 32|70 465 78 441|70 78 441 390|78 96 32|315 96 441|465 78 368
19 71 465 196 283 130 233 217 423
19 71 465 196 283 130 233 217 423
428 57 305
428 57 305





428 134 407|428 448 134|70 448|428 310 216 407|70 310 134 407|70 310 216 407
428 134 407|428 448 134|70 448|428 310 216 407|70 310 134 407|70 310 216 407
428 134 407|428 448 134|70 448|428 310 216 407|70 310 134 407|70 310 216 407
306 292 311 126 416 263 10 216
306 292 126 416 263 10 216
306 292 126 416 10 216
361 42 455 252 305|307 361 402 252 305|361 42 402 455 305|307 361 315 252 305|307 361 42 402 305|307 361 42 252 305
42 455 252 305|307 42 252 305|42 402 455 305|307 315 252 305|307 402 252 305|307 42 402 305
450 13|450 168

85 114|85 240 88 164 351 62 234 456
85 114|85 240 88 164 351 62 234 456
85 114|85 240 88 164 351 62 234 456
189 259 248|189 297 148|189 259 148
189 259 248|189 297 148|189 259 148
125 126|447 125 57
125 126|447 125 57
171 37 365 76 78 268 305
171 37 76 78 268 305
37 76 78 268 305
123 268 48 356|48 168 356|123 168 356
123 168|123 268 48|48 168

120 171 416 370 115 372
120 171 416 370 115 372
120 171 416 370 115 372
86 70 73 128 148 50|86 70 128 148 318 50|70 123 73 108 318 50|86 108 128 148 50|70 73 108 148 318 50|70 123 73 128 318 50|123 108 128 318 50|86 123 128 148
86 70 73 128 148 50|86 70 128 148 318 50|70 123 73 108 318 50|86 108 128 148 50|70 73 108 148 318 50|70 123 73 128 318 50|123 108 128 318 50|86 123 128 148
357 428 37 125 315 114
232 96
428 258 125 27 441 458
428 258 125 27 441 458
312 128|140 263 128
428 126 298 196 283 130 165 423 304
341 37 78 390|103 37|341 174 78 390|341 370 390|103 78 390
341 37 78 390|103 37|341 174 78 390|341 370 390|103 78 390
341 37 78 390|103 37|341 174 78 390|341 370 390|103 78 390
124 108 148 50|124 27 301|124 27 148|165 301|292 124 27 165
124 108 148 50|124 27 301|124 27 148|165 301|292 124 27 165
409 75 196 78 130 441
409 75 196 78 441
357 406 458|89 406 458
357 406 458|89 406 458
434 27 114

69 382 281|69 366|310 366 214
3 78 371|85 78 371
3 78 371|85 78 371
189 96 421
189 96 421
428 37 78 96 421 13 133 82
428 37 78 96 421 13 133 82
187 37 258 465 383 11 82 405 389 339 390
187 37 258 465 383 11 82 405 389 339 390
360 465 133 118
154 120 10 251
154 120 10 251
17 88 124 434 27 114 301 370 458
306 259 168|306 144|144 134
306 259 168|306 144|144 134
306 259 168|306 144|144 134
418 370|160 228|228 263|2 228 418|70 228|70 108 263 370
418 370|160 228|228 263|2 228 418|70 228|70 108 263 370
307 103|173 127 305|307 173 7 305|7 127 305|173 292 127|103 173 7
307 103|173 127 305|307 173 7 305|7 127 305|173 292 127|103 173 7
153 70 88 242 311 93 94 78 268 134
18 409 37 383 405 389 339


189 416 421|189 379 416 134|189 421 134 100
189 416 421|189 379 416 134|189 421 134 100
37 260|242 260|37 100
37 260|242 260|37 100


312 26 251|312 78 251
312 26 251|312 78 251
341 309 337|341 74 337
341 309 337|341 74 337
173 428|173 260 254|193 62 219|428 219|173 193 254|173 260 62|260 219|104 173 254|428 62 254|62 251 219 254|260 62 251
173 428|173 260 254|193 62 219|428 219|173 193 254|173 260 62|260 219|104 173 254|428 62 254|62 251 219 254|260 62 251
154 10|154 223 88|223 10
88 124 91 312 263
85 19 88 62 148 201 305
85 19 88 62 148 201 305
85 240 123 164 201
85 240 123 164 201
364 265 216|78 216|364 78|311 364 213 216|311 265 216
154 88 78|88 193 78|154 88 193 458
18 239 123 27 78 96 234 304

88 453|382 453
88 453|382 453
465 450 383 78 13 405 133 389
465 450 383 78 13 405 133 389
465 450 383 78 13 405 133 389
260 315 62 13|37 260 262 13|262 402 13|260 402 62 13|260 262 315 13|37 315 62 13|315 26 62 13
260 315 62 13|37 260 262 13|262 402 13|260 402 62 13|260 262 315 13|37 315 62 13|315 26 62 13
260 315 62|260 262 315|315 26 62|37 315 62|260 402 62|37 260 262|262 402
262 10|450 10 232|360 262
260 450 402
102 103 130 421|102 103 130 100|102 189 130 421 100
102 103 130 421|102 103 130 100|102 189 130 421 100
102 103 100|102 103 421|102 189 421 100













37 10 401 96 405 389|428 163 10 401|37 401 96 336|428 37 401|37 163 401|401 96 336 421|10 401 421|428 383 163 401 405 389|163 10 401 96
37 10 401 96 405 389|428 163 10 401|37 401 96 336|428 37 401|37 163 401|401 96 336 421|10 401 421|428 383 163 401 405 389|163 10 401 96
163 10 96|37 163|428 37|428 163 10|37 10 96 405 389|10 421|96 336 421|428 383 163 405 389|37 96 336
34 17 70 124 144 94 114
34 17 70 124 144 94 114
34 17 70 124 144 94 114
260 465 7 93 127 402 13 134
260 465 7 93 127 402 13 134
260 465 7 93 127 402 13 134
127 148 337 151|337 151 305|19 127 151 305|96 148|127 337 305
127 148 337 151|337 151 305|19 127 151 305|96 148|127 337 305
127 148 337 151|337 151 305|19 127 151 305|96 148|127 337 305
306 153 450 96 271
306 153 450 96 271


306 187 416 196 130 268
306 187 416 196 130 268
306 187 416 196 130 268
69 382 281|69 366|310 366 214
69 382 281|69 366|310 366 214
171 364 78 390|75 364|364 78 455 390|75 78 96 421|171 75 78 390|75 78 455|75 78 421 390|171 78 96 390
171 364 78 390|75 364|364 78 455 390|75 78 96 421|171 75 78 390|75 78 455|75 78 421 390|171 78 96 390
70 78 339 322|37 339|70 144|341 37 78 96|341 70 37 78|341 144 78 96 339|341 37 78 133
70 78 339 322|37 339|70 144|341 37 78 96|341 70 37 78|341 144 78 96 339|341 37 78 133





71 140 125 82 32 134
153 365 27 97 271 152
153 365 27 97 271 152
310 160 453 407 16|310 160 265 407 16|428 310 265 407|428 310 407 16
310 160 453 407 16|310 160 265 407 16|428 310 265 407|428 310 407 16
70 251|240 465 383 78 10 405 389|240 383 78 368 405 389|465 78 10 437|465 383 78 405 133 389|78 10 251|465 383 78 10 368 405 389|70 465 383 78 10 405 389
70 251|240 465 383 78 10 405 389|240 383 78 368 405 389|465 78 10 437|465 383 78 405 133 389|78 10 251|465 383 78 10 368 405 389|70 465 383 78 10 405 389
70 71 124 364 28 97 305
240 37|85 37|85 88 173 193|85 240 88 193|85 240 173|240 88 173|88 453
240 37|85 37|85 88 173 193|85 240 88 193|85 240 173|240 88 173|88 453
409 426 124 362 125 93 197 114 131 406 134
409 124 362 125 93 114 406 134
85 341 240 78|341 240 78 351 201|85 240 263 78 351 201|85 341 78 351 201
127 42 455 252|341 42 62 455|107 42 252|127 455 302 252|107 127 62 302|279 127 252|107 127 455 252
306 18 414 125 337 32 134
306 18 414 125 337 32 134

19 173 75 96 217 371 304 305 339
19 173 75 96 217 371 304 305 339


172 336 82|346 82|172 346
124 447 57 263 179|154 193 57 263 179|124 57 263 179 62|124 193 57 179 418
295 245|245 16
263 114|7 402|263 402|263 267
85 164 201|85 164 372
37 339|242 421 339|104 96 421 339|259 96|37 242 96
37 339|242 421 339|104 96 421 339|259 96|37 242 96
37 339|242 421 339|104 96 421 339|259 96|37 242 96
70 78|78 455 305|78 96 305|57 96
34 86 73 362 7 75 248 146 183 32 50
34 73 362 7 75 248 146 183 32 50
37 363 383 78 318 405 389
37 363 383 78 318 405 389
341 123 365 268 305|7 455|341 365 455 268 305|7 365 268 305|341 365 62 268 337|341 123 7 365 268 337
341 123 365 268 305|7 455|341 365 455 268 305|7 365 268 305|341 365 62 268 337|341 123 7 365 268 337
124 108 128 235 50|124 447 235|70 124 128 235 50|70 124 447 73 108 370 50|70 124 447 73 128 370 50|124 447 108 128 370 50|70 73 128 233 50|70 447 73 108 235 50
124 108 128 235 50|124 447 235|70 124 128 235 50|70 124 447 73 108 370 50|70 124 447 73 128 370 50|124 447 108 128 370 50|70 73 128 233 50|70 447 73 108 235 50
310 364 228 216|395 310 228 366 216|395 364 366 216|395 310 364 228 366
428 385|7 297 134|57 7 385 406 134|428 134
428 385|7 297 134|57 7 385 406 134|428 134
325 260 450 385 251 439 355|325 364 385 355|325 173 260 364 355|325 173 260 450 385 439 355|325 364 450 355|325 173 364 439 355
228 163 216 390|96 390|360 390|360 163 96 216|228 163 96 216
228 163 216 390|96 390|360 390|360 163 96 216|228 163 96 216
17 70 124 314 76 93 148 32 304 305

171 78 232|37 78 10 29|171 262 78|171 370
103 70 360 75 76 196 78 232 130 319 423
265 214 216 115|265 134|214 134|292 10 265 214 216|292 265 214 63 216
73 128|331 128 235|26 235|208 73 108 331 235|108 128 235
341 208 73 108|238 226|341 26|137 226|73 108 29
295 263|154 223 278 302|120 278 148 302 252|154 295|278 263 302 252|223 295
123 215
86 428 71 57 465 125 78 134 458
86 428 71 57 465 125 78 134 458
293 96 336|70 242 311 7 128 457|242 311 7 128 27 457|7 27 96|70 242 74 7|70 128 96|128 336
37 259 78 96 199 133 32

85 114|85 240 88 164 351 62 234 456
232 96
85 240 123 164 201
88 453|382 453


























