1:0 275 174 345 437 267 80 320 133|174 345 113 80 437 267 438 133 320 219|275 174 437 267 80 320 202|275 174 437 80 320 202 203|275 345 80 438 202 203|174 437 80 133 202 203|275 174 80 438|275 130 80 320 202 203|174 345 437 80 202 203|204 80 133 202 203|204 80 320 202|174 124 80 202 203|275 345 437 267 80 320 202 203|275 345 80 438 320 202|204 345 437 80 202 203|174 80 438 133 202 203|275 437 267 80 438 133 202 203|275 345 437 80 438 202|174 130 80 202 203
2:0 275 174 345 437 267 80 320 133|174 345 113 80 437 267 438 133 320 219|275 174 437 267 80 320 202|275 174 437 80 320 202 203|275 345 80 438 202 203|174 437 80 133 202 203|275 174 80 438|275 130 80 320 202 203|174 345 437 80 202 203|204 80 133 202 203|204 80 320 202|174 124 80 202 203|275 345 437 267 80 320 202 203|275 345 80 438 320 202|204 345 437 80 202 203|174 80 438 133 202 203|275 437 267 80 438 133 202 203|275 345 437 80 438 202|174 130 80 202 203
3:0 174 130 202 203|275 345 438 320 202|204 345 437 202 203|275 437 267 438 133 202 203|275 345 437 267 320 202 203|174 345 437 202 203|204 133 202 203|174 437 133 202 203|275 174 345 113 267 437 320 133 219|174 438 133 202 203|275 174 437 267 320 202|275 174 438|204 320 202|275 130 320 202 203|275 345 437 438 202|174 345 437 267 80 438 320 133|275 345 438 202 203|275 174 437 320 202 203|174 124 202 203
4:0 394 242 349 264 44 200 406 407|68 394 242 246 264 200 406 407|68 394 264 44 232 251 200 406|394 246 264 232 200 406 407|394 242 264 232 200 406 407|68 394 246 349 264 44 232 200 406|394 242 264 44 251 200 406|394 242 246 264 44 232 200 406|187 68 394 264 232 200 406|187 68 394 242 264 200 406|68 394 242 246 44 232 200 251 407|68 394 242 246 349 264 44 200 406
5:0 394 242 349 264 44 200 406 407|68 394 242 246 264 200 406 407|68 394 264 44 232 251 200 406|394 246 264 232 200 406 407|394 242 264 232 200 406 407|68 394 246 349 264 44 232 200 406|394 242 264 44 251 200 406|394 242 246 264 44 232 200 406|187 68 394 264 232 200 406|187 68 394 242 264 200 406|68 394 242 246 44 232 200 251 407|68 394 242 246 349 264 44 200 406
6:0 68 242 246 349 264 44 200 406|246 264 232 200 406 407|68 242 246 264 200 406 407|242 349 264 44 200 406 407|68 264 44 232 251 200 406|242 264 232 200 406 407|187 68 264 232 200 406|187 68 242 264 200 406|68 246 349 264 44 232 200 406|242 264 44 251 200 406|68 394 242 246 44 232 251 200 407|242 246 264 44 232 200 406
7:0 392 54 362 175 300 114 287|54 175 362 281 114|362 243 193 330 300 287|54 193 453 114|392 362 243 175 114 287|392 54 362 243 175 300 287|54 362 193 114|54 362 243 330 300|323 362|54 362 193 287|54 362 330 281 300 114|392 362 330 300 287|362 175 330 281|54 362 175 252|362 193 281 453 287|392 54 362 243 453 287|362 193 330 281 300 287|392 243 175 193 330 281 300 453 287|392 362 453 252|392 243 175 300 114 287|392 54 362 175 281 453 300
8:0 392 54 362 175 300 114 287|54 175 362 281 114|362 243 193 330 300 287|54 193 453 114|392 362 243 175 114 287|392 54 362 243 175 300 287|54 362 193 114|54 362 243 330 300|323 362|54 362 193 287|54 362 330 281 300 114|392 362 330 300 287|362 175 330 281|54 362 175 252|362 193 281 453 287|392 54 362 243 453 287|362 193 330 281 300 287|392 243 175 193 330 281 300 453 287|392 362 453 252|392 243 175 300 114 287|392 54 362 175 281 453 300
9:0 392 54 362 175 300 114 287|54 175 362 281 114|362 243 193 330 300 287|54 193 453 114|392 362 243 175 114 287|392 54 362 243 175 300 287|54 362 193 114|54 362 243 330 300|323 362|54 362 193 287|54 362 330 281 300 114|392 362 330 300 287|362 175 330 281|54 362 175 252|362 193 281 453 287|392 54 362 243 453 287|362 193 330 281 300 287|392 243 175 193 330 281 300 453 287|392 362 453 252|392 243 175 300 114 287|392 54 362 175 281 453 300
16:0 413 193 228|413 193 432 211 314|413 193 211 253|413 193 185|413 228 432 211 314 185 253|193 432 185 253|193 314 253
17:0 413 193 228|413 193 432 211 314|413 193 211 253|413 193 185|413 228 432 211 314 185 253|193 432 185 253|193 314 253
18:0 413 193 228|413 193 432 211 314|413 193 211 253|413 193 185|413 228 432 211 314 185 253|193 432 185 253|193 314 253
19:0 154 103 387 253|154 103 515 253|68 179 387|68 103 515 382 179 44|68 154 103 172 382 179 44 253|154 382 179 387|68 154 103 515 279 179 44|68 154 103 279 387
20:0 154 103 387 253|154 103 515 253|68 179 387|68 103 515 382 179 44|68 154 103 172 382 179 44 253|154 382 179 387|68 154 103 515 279 179 44|68 154 103 279 387
21:0 211 143 297 13 98 253|18 211 143 297 98 253 185|18 310 211 143 98 253 185|211 98 184|18 206 310 143 297 161 185 253|18 310 211 297 98 253|18 310 211 143 297 253 185|18 211 143 184|211 143 161 98 253 185|18 310 211 143 297 98|18 310 297 161 98 253 185
22:0 211 143 297 13 98 253|18 211 143 297 98 253 185|18 310 211 143 98 253 185|211 98 184|18 310 211 297 98 253|18 206 310 161 297 98 185 253|18 310 211 143 297 253 185|18 211 143 184|18 310 143 297 161 253 185|211 143 161 98 253 185|18 310 211 143 297 98
23:0 180 184 389|228 180 184|231 251 184|342 21 415 228 251 184 50 305|21 231 184|21 228 231 389|289 228 231 184|289 228 231 180 251|228 251 389|228 231 50|228 231 184 389|289 342 415 231 184 389 305|289 228 231 180 389|231 180 50|21 389 305|289 415 180 231|289 231 389 50
24:0 180 184 389|228 180 184|231 251 184|342 21 415 228 251 184 50 305|21 231 184|21 228 231 389|289 228 231 184|289 228 231 180 251|228 251 389|228 231 50|228 231 184 389|289 342 415 231 184 389 305|289 228 231 180 389|231 180 50|21 389 305|289 415 180 231|289 231 389 50
25:0 381 321 203|273 227 381 268|3 516 227 381 203|175 516 321|273 3 516 227 381 217 321|3 516 227 381 9|273 3 175 227 179 9 268 217 252 321 117 203|273 516 227 203|175 516 117 203
26:0 381 321 203|273 227 381 268|3 516 227 381 203|175 516 321|273 3 516 227 381 217 321|3 516 227 381 9|273 3 175 227 179 9 268 217 252 321 117 203|273 516 227 203|175 516 117 203
27:0 306 68 498 175 431 400 203|68 306 341 175 431 400 232 219 203
28:0 68 498 175 431 400 203|68 306 341 175 431 400 232 219 203
29:0 498 116 48 50 203|204 68 36 498|342 498 231 116 203|68 36 498 251 116 48 50|130 116 203|68 204 36 228 130 251 116 48 50|68 36 498 116 48 203|36 498 228 231 116 203|204 36 228 231 203|498 130 116|68 231 130 203|68 36 498 231 130|68 498 231 251 116 203|36 130 203|68 498 228 231 116 203|342 498 251 116 50|342 228 251 50|36 498 231 116 50|68 228 231 50 203|68 36 498 231 116 203|498 231 116 48 50|204 68 36 231 116 203|342 498 228|68 228 231 251 203|68 498 231 116 50 203
32:0 36 498 133 203|498 251 389 203|342 498 231 389 203|36 498 231 133|68 36 498 48 203|68 498 133 389 203|68 498 231 251 203|36 498 93 231 203|498 48 50 203|36 498 231 389 203|498 93 389|498 93 231 133 50|68 498 231 389 50 203|498 231 48 50|68 36 498 389|36 498 231 50|68 36 498 93 251 133 48 457 50|68 36 498 231 457 203|498 93 133 50 203|498 231 133 389|498 231 133 203|342 498 251 50
33:0 36 498 133 203|498 251 389 203|342 498 231 389 203|36 498 231 133|68 36 498 48 203|68 498 133 389 203|68 498 231 251 203|36 498 93 231 203|498 48 50 203|36 498 231 389 203|498 93 389|498 93 231 133 50|68 498 231 389 50 203|498 231 48 50|68 36 498 389|36 498 231 50|68 36 498 93 251 133 48 457 50|68 36 498 231 457 203|498 93 133 50 203|498 231 133 389|498 231 133 203|342 498 251 50
34:0 36 231 133|93 389|251 389 203|68 231 251 203|36 133 203|342 251 50|231 133 203|342 231 389 203|231 133 389|68 231 389 50 203|68 36 48 203|68 133 389 203|36 93 231 203|36 231 50|36 231 389 203|68 36 389|68 36 231 457 203|231 48 50|93 231 133 50|68 36 93 251 133 48 457 50|48 50 203|93 133 50 203
35:0 313 217 150 118|217 150 321|102 273 343 313|273 343 313 321|312 150|102 321|312 321|273 217 321 118|313 150 321|102 273 313 150 133 118|102 312|187 217 133 150 118|102 313 217 118
36:0 313 217 150 118|217 150 321|102 273 343 313|273 343 313 321|312 150|102 321|312 321|273 217 321 118|313 150 321|102 273 313 150 133 118|102 312|187 217 133 150 118|102 313 217 118
37:0 175 180 506|290 257 326 394 175 384 180 95 336 185 50|290 257 394 412 175 384 95 180 336 185 50|175 541
38:0 175 180 506|290 257 326 394 175 384 180 95 336 185 50|290 257 394 412 175 384 95 180 336 185 50|175 541
39:0 195 217|445 313 195 214 387 356|313 217 185|273 445 214 217 387 356|273 343 445 313 214 387 185 356|445 313 386 185|445 214 387 217 185 356
40:0 195 217|445 313 195 214 387 356|313 217 185|273 445 214 217 387 356|273 343 445 313 214 387 185 356|445 313 386 185|445 214 387 217 185 356
41:0 18 428 413 432 228 211 98 185 202 16|18 211 95 16|428 174 432 211 98 202 16|18 174 413 228 417 95 185 16|18 428 413 432 228 211 417 202 185|174 413 211 98 16|18 428 432 211 95 202 185|211 95 98 16|18 174 413 211 228
42:0 18 428 413 432 228 211 98 185 202 16|18 211 95 16|428 174 432 211 98 202 16|18 174 413 228 417 95 185 16|18 428 413 432 228 211 417 202 185|174 413 211 98 16|18 428 432 211 95 202 185|211 95 98 16|18 174 413 211 228
43:0 75 298 267 235|290 275 75 235 321|290 75 267 235 321|175 75 267 321|175 267 235 321|495 275 235|175 75 298 267|290 275 175 235 321|204 75 321|204 290 75 235|290 275 175 75 267 235|290 75 298 235|275 175 267 321|290 275 298 235|204 175 75 298
44:0 75 298 267 235|290 275 75 235 321|290 75 267 235 321|175 75 267 321|175 267 235 321|495 275 235|175 75 298 267|290 275 175 235 321|204 75 321|204 290 75 235|290 275 175 75 267 235|290 75 298 235|275 175 267 321|290 275 298 235|204 175 75 298
45:0 75 298 267 235|290 275 75 235 321|290 75 267 235 321|175 75 267 321|175 267 235 321|495 275 235|175 75 298 267|290 275 175 235 321|204 75 321|204 290 75 235|290 275 175 75 267 235|290 75 298 235|275 175 267 321|290 275 298 235|204 175 75 298
46:0 103 175 363 450 440 203|68 103 175 440 203|68 73 363 230 440 203|103 175 228 450 440 203|68 228 232 97 440 203|68 175 73 363 230 440|363 228 232 97 440|363 450 230 60 97 440 203|103 228 450 97 440|103 363 228 450 440|68 175 228 440 203|228 450 232 97 440|103 450 60 97 440|68 175 363 450 440 203|73 363 228 440|103 175 450 97 440 203|363 228 450 97 440 203|103 363 450 232 97 440 203|68 103 175 60 230 113 232 97 440|73 363 450 230 440 203|68 175 363 230 440 203|73 232 440
47:0 68 103 175 60 230 232 113 97|103 175 228 450 203|68 103 175 60 230 232 97 440|68 73 363 230 203|73 232|68 103 175 203|68 228 232 97 203|363 450 230 60 97 203|68 73 175 363 230|103 450 60 97|68 175 363 450 203|228 450 232 97|103 175 450 97 203|103 363 228 450|103 228 450 97|363 228 450 97 203|73 363 450 230 203|73 363 228|103 363 450 232 97 203|103 175 363 450 203|363 228 232 97|68 175 363 230 203|68 175 228 203
48:0 97 234|476 103 450 97 202|290 103 226 450 97 202|103 226 450 97 390|290 226 450 97 202 390|476 290 450 285 234 202
49:0 97 234|476 103 450 97 202|290 103 226 450 97 202|103 226 450 97 390|290 226 450 97 202 390|476 290 450 285 234 202
50:0 103 310 228 246 29|103 262 203|103 228 29 251 185 203|103 29 253 203|103 515 179 251|103 310 228 262|103 310 228 246 179 251 253 185|426 103 228 246 179 251 253 185|262 228 185|103 515 228 179|426 103 246 29 185 203|228 179 29 253 185 203|103 228 246 203|103 515 179 29 203|103 515 228 253|103 262 29
51:0 103 310 228 246 29|103 262 203|103 228 29 251 185 203|103 29 253 203|103 515 179 251|103 310 228 262|103 310 228 246 179 251 253 185|426 103 228 246 179 251 253 185|262 228 185|103 515 228 179|426 103 246 29 185 203|228 179 29 253 185 203|103 228 246 203|103 515 179 29 203|103 515 228 253|103 262 29
52:0 289 204 274 175 39 95 387|39 231 133|175 39 231 316|175 39 316 387|204 274 231 133|289 316 492|289 274 231 180 386|204 274 95 231|204 175 316 231 387|204 316 492|316 180 386 492|175 39 180 231 95|316 231 492|289 39 492|289 386 492|204 231 387 133|204 274 39 231|289 204 274 492|289 316 133|175 231 133|204 274 387 133|289 204 175 39 231 180 387|204 274 39 175 95 316 386 133
53:0 289 204 274 175 39 95 387|39 231 133|175 39 231 316|175 39 316 387|204 274 231 133|289 316 492|289 274 231 180 386|204 274 95 231|204 175 316 231 387|204 316 492|316 180 386 492|175 39 180 231 95|316 231 492|289 39 492|289 386 492|204 231 387 133|204 274 39 231|289 204 274 492|289 316 133|175 231 133|204 274 387 133|289 204 175 39 231 180 387|204 274 39 175 95 316 386 133
54:0 109 281 485|238 290|290 109 60|290 227 281 214|426 95 214|290 109 214 95 287|193 109 214 287|290 426 95|238 227 214|238 193 214|290 193 60 214|109 60 214|290 109 281 214|426 227 281 214|238 426 193 227 109 281 60 248 95 113 287|290 485 281 60 214 248 95|426 290 193 281 214 287
55:0 109 281 485|238 290|290 109 60|290 227 281 214|426 95 214|290 109 214 95 287|193 109 214 287|290 426 95|238 227 214|238 193 214|290 193 60 214|109 60 214|290 109 281 214|426 227 281 214|238 426 193 227 109 281 60 248 95 113 287|290 485 281 60 214 248 95|426 290 193 281 214 287
56:0 68 227 193 279 179 265 96 370 251|227 193 264|68 193 179 264 214 370|68 264 179 214 265|68 193 279 264 214 251|68 227 264 179 214 370
57:0 68 227 193 279 179 265 96 370 251|227 193 264|68 193 179 264 214 370|68 264 179 214 265|68 193 279 264 214 251|68 227 264 179 214 370
58:0 37 24 231|37 38 24 234 83|34 37 38 336 234 219 83|394 343 37 38 24 336|343 37 242 38 370|34 37 24|343 231 83|34 38 231 336 83|343 231 234|34 38 231 234|343 38 231|343 37 231 370|34 38 24 83|24 231 370 83|34 343 37 38 336|34 38 24 231 370
59:0 37 24 231|37 38 24 234 83|34 37 38 336 234 219 83|394 343 37 38 24 336|343 37 242 38 370|34 37 24|343 231 83|34 38 231 336 83|343 231 234|34 38 231 234|343 38 231|343 37 231 370|34 38 24 83|24 231 370 83|34 343 37 38 336|34 38 24 231 370
60:0 170 341 227 61 352 287|170 341 227 61 283 301 150 287|170 346 227 283 114 150 287|170 341 227 61 352 301|170 341 227 61 283 114 150 287|170 341 54 227 61 114|170 341 61 283 352 301 287 203|170 341 227 61 301 203|170 341 54 61 352 114 150 287 203|170 54 346 114 352 150 287 203
61:0 170 341 227 61 352 287|170 341 227 61 283 301 150 287|170 346 227 283 114 150 287|170 341 227 61 352 301|170 341 227 61 283 114 150 287|170 341 54 227 61 114|170 341 61 283 352 301 287 203|170 341 227 61 301 203|170 341 54 61 352 114 150 287 203|170 54 346 114 352 150 287 203
62:0 341 227 61 352 301|341 227 61 283 301 150 287|170 227 283 301 150 287|341 54 61 352 114 150 287 203|341 61 283 352 301 287 203|346 227 283 114 150 287|341 227 61 352 287|341 54 227 61 114|341 227 61 283 114 150 287|54 346 114 352 150 287 203|341 227 61 301 203
63:0 227 7 112 385|227 8 112 385|227 9 112 385|227 7 8 9|379 227 385|7 282|8 282|9 282|379 7 8 9 385|227 112 385 285|7 8 9 112
64:0 227 7 112 385|227 8 112 385|227 9 112 385|227 7 8 9|379 227 385|7 282|8 282|9 282|379 7 8 9 385|227 112 385 285|7 8 9 112
65:0 227 7 112 385|227 8 112 385|227 9 112 385|227 7 8 9|379 227 385|7 282|8 282|9 282|379 7 8 9 385|227 112 385 285|7 8 9 112
66:0 68 7 8 9 418 370|379 227|68 227 96 321|68 9 265|68 7 8 9 27 96|68 484 418 282 265 370|484 9 282 265 370|484 8 282 265 370|7 484 282 265 370|227 265|68 265 27 96 113 370|68 227 7 9 370|227 7 96 321|227 8 96 321|227 9 96 321|227 7 8 9|68 379 7 8 9 96|68 418 27 96 370|379 7 8 9 418 96|282 27 96 370|418 265 96
67:0 68 7 8 9 418 370|379 227|68 227 96 321|68 9 265|68 7 8 9 27 96|68 484 418 282 265 370|484 9 282 265 370|484 8 282 265 370|7 484 282 265 370|227 265|68 265 27 96 113 370|68 227 7 9 370|227 7 96 321|227 8 96 321|227 9 96 321|227 7 8 9|68 379 7 8 9 96|68 418 27 96 370|379 7 8 9 418 96|282 27 96 370|418 265 96
68:0 68 7 8 9 418 370|379 227|68 227 96 321|68 9 265|68 7 8 9 27 96|68 484 418 282 265 370|484 9 282 265 370|484 8 282 265 370|7 484 282 265 370|227 265|68 265 27 96 113 370|68 227 7 9 370|227 7 96 321|227 8 96 321|227 9 96 321|227 7 8 9|68 379 7 8 9 96|68 418 27 96 370|379 7 8 9 418 96|282 27 96 370|418 265 96
69:0 275 345 363 331 388 235 321 202|275 499 235 202|345 311 227 115|275 363 438 235 321|275 363 227 331 388 235 202|275 345 363 331 438 388 235 202|275 363 438 321 202|275 345 311 363 331 388 235 202|275 363 438 388 321|275 363 331 438 321|363 227 321 202|275 141 363 331 388 235 202
70:0 275 345 363 331 388 235 321 202|275 499 235 202|345 311 227 115|275 363 438 235 321|275 363 227 331 388 235 202|275 345 363 331 438 388 235 202|275 363 438 321 202|275 345 311 363 331 388 235 202|275 363 438 388 321|275 363 331 438 321|363 227 321 202|275 141 363 331 388 235 202
71:0 275 345 363 331 388 235 321 202|275 499 235 202|345 311 227 115|275 363 438 235 321|275 363 227 331 388 235 202|275 345 363 331 438 388 235 202|275 363 438 321 202|275 345 311 363 331 388 235 202|275 363 438 388 321|275 363 331 438 321|363 227 321 202|275 141 363 331 388 235 202
72:0 330 114 321|392 62|392 243 109 145|109 282 367|229 282|145 282 321|62 114 321|330 62 321|145 114 321|109 229 62 219|109 321
73:0 330 114 321|392 62|392 243 109 145|109 282 367|229 282|145 282 321|62 114 321|330 62 321|145 114 321|109 229 62 219|109 321
74:0 359 175 264 335|359 174 175 335 203|174 175 335 475|359 175 5 335|359 174 5 264|174 203 475|174 431 475
75:0 359 175 264 335|359 174 175 335 203|174 175 335 475|359 175 5 335|359 174 5 264|174 203 475|174 431 475
76:0 359 175 264 335|359 174 175 335 203|174 175 335 475|359 175 5 335|359 174 5 264|174 203 475|174 431 475
77:0 204 445 95|445 37 38 24 67|204 37 445|445 37 24 95|445 37 38 24 32|445 37 38 95|204 37 67|204 445 38 24|37 38 95 67|204 37 38 24 95 234 32|204 445 38 234
78:0 204 445 95|445 37 38 24 67|204 37 445|445 37 24 95|445 37 38 24 32|445 37 38 95|204 37 67|204 445 38 24|37 38 95 67|204 37 38 24 95 234 32|204 445 38 234
79:0 187 173 214 335|173 472|173 23 214 335|300 472|23 382 300|173 23 214 300|300 335|248 214 472|187 173 23 382 214|23 382 335
80:0 187 173 214 335|173 472|173 23 214 335|300 472|23 382 300|173 23 214 300|300 335|248 214 472|187 173 23 382 214|23 382 335
83:0 189 376 343 174 175 348 400 98|189 211 98 355 16|119 189 297 400 98 355 16|119 189 211 297 400 98 355|189 175 355|189 174 279|376 174 175 355|376 279|119 193 211 297 400 98 355 16|189 343 193 98|189 193 279 400 98|343 193 279|174 211 98 355 16|189 175 211 297|119 343 174 175 193 348 297 400 98 16|189 193 211 297 98 355
84:0 119 363 48|119 413 363|413 363 114 98 48 185|119 363 372 185|119 413 114 372 185|363 114 372 185|119 413 48|119 175 413 98|48 372|119 363 114
85:0 119 363 48|119 413 363|413 363 114 98 48 185|119 363 372 185|119 413 114 372 185|363 114 372 185|119 413 48|119 175 413 98|48 372|119 363 114
86:0 324 195 231 352|324 122 231 214 352 252 50|255 324 256 231 254 50|255 324 256 21 214 254|255 324 256 231 214 352 254|324 231 32 50|324 333 352|324 195 214 352 32|324 21 231 214 352|255 256 324 122 21 227 195 333 252 32 254 50|255 324 256 21 231 254|324 21 231 214 252|255 324 256 122 231 214 254
87:0 255 256 21 231 254|255 256 231 214 352 254|195 231 352|255 256 122 21 227 195 333 252 32 254 50|255 256 231 254 50|255 256 21 214 254|195 214 352 32|324 21 231 214 352|231 32 50|122 231 214 352 252 50|324 21 231 214 252|255 256 122 231 214 254|333 352|255 324 256 122 21 195 333 252 32 254 50
88:0 425 255 256 325 174 212 254|255 256 174 491 254|325 122 174 212 114 184|255 256 174 114 254|425 325 174 212 286|174 212 114 184 286
89:0 425 255 256 325 174 212 254|255 256 174 491 254|325 122 174 212 114 184|255 256 174 114 254|425 325 174 212 286|174 212 114 184 286
90:0 103 341 229 112 61 350|229 61 419|103 229 350 352|392 103 112 350 61 352|103 41|341 350 61 352|103 229 112 61 352
91:0 103 341 229 112 61 350|229 61 419|103 229 350 352|392 103 112 350 61 352|103 41|341 350 61 352|103 229 112 61 352
92:0 310 123 499 114|310 7 8 9 114 50|310 195 114 50 288|310 7 195 8 9 149 288|310 7 8 9 50 288|123 499 114 149 288|310 114 184 288 50|7 8 9 114 149 288|310 7 8 9 149 50
93:0 310 123 499 114|310 7 8 9 114 50|310 195 114 50 288|310 7 195 8 9 149 288|310 7 8 9 50 288|123 499 114 149 288|310 114 184 288 50|7 8 9 114 149 288|310 7 8 9 149 50
94:0 310 123 499 114|310 7 8 9 114 50|310 195 114 50 288|310 7 195 8 9 149 288|310 7 8 9 50 288|123 499 114 149 288|310 114 184 288 50|7 8 9 114 149 288|310 7 8 9 149 50
95:0 205 431 484 111 350|205 175 484 111 350 335
96:0 290 260|260 9|272 427 7 112 385|272 427 112 385 285|272 427 8 112 385|272 290 112 385|272 427 9 112 385|274 427 385|272 427 7 8 9 112|272 260|272 290 427 7 8 9 385|272 290 274 7 9|290 7 8 9 112|260 8
97:0 290 260|260 9|272 427 7 112 385|272 427 112 385 285|272 427 8 112 385|272 290 112 385|272 427 9 112 385|274 427 385|272 427 7 8 9 112|272 260|272 290 427 7 8 9 385|272 290 274 7 9|290 7 8 9 112|260 8
98:0 175 246 282 117 321|246 282 97|246 133 321 203|498 246 282|21 114 133|21 246 114 321|246 282 203
99:0 175 246 282 117 321|246 282 97|246 133 321 203|498 246 282|21 114 133|21 246 114 321|246 282 203
102:0 275 381 267 437 235 236 202|381 246 437 267 285 235 202|275 246 384 437 267 285 235 202|275 246 335 437 235|275 174 437 267 235 202|275 174 246 437 285 235 202|275 174 335 437 235 202|275 381 246 437 285 235 202 236|275 246 384 335 437 267 202|275 335 437 267 235 202
103:0 275 174 437 267 235 202|275 174 335 235 202|275 246 384 335 267 202|275 246 384 267 285 235 202|275 335 267 235 202|275 381 267 437 235 236 202|381 246 267 285 235 202|275 246 335 235|275 381 246 285 235 202 236|275 174 246 285 235 202
104:0 195 203|130 203|442 103 498 246 203|442 187 103 195 197 130|103 24 197 203|498 130|187 103 498 203|195 246|498 24 203|442 187 103 498
105:0 195 203|130 203|442 103 498 246 203|442 187 103 195 197 130|103 24 197 203|498 130|187 103 498 203|195 246|498 24 203|442 187 103 498
106:0 68 410 364 228 229 418 183|68 170 136 410 228 229 418 183
107:0 170 136 68 229 418 183 203|170 136 364 229 418 203|68 170 136 364 229 203
108:0 428 173 330 214|34 359 173 174 330 214|359 428 173 214 265|34 187 428 173 174 214 133|359 174 330 265 133|34 174 265|222 359 174|34 428 173 214 265|359 428 173 174 214
109:0 255 256 103 174 254|103 174 194 60 180 149 288 220|255 256 180 254|255 256 174 220 254
110:0 255 256 103 174 254|103 174 194 60 180 149 288 220|255 256 180 254|255 256 174 220 254
111:0 306 68 242 431 231|174 231 130|306 68 174 431 179|242 179 231 422 424|306 242 431 422 424|68 306 222 242 174 179 130 422 423 407 424|68 242 231 424 407|174 231 407|306 68 174 431 231|68 179 231|174 431 130|242 431 231 424 407|68 242 174 431 231 422 423 424|242 431 179 422 424|68 222 231 422 424|68 431 231 130
112:0 306 68 242 431 231|174 231 130|306 68 174 431 179|242 179 231 422 424|306 242 431 422 424|68 306 222 242 174 179 130 422 423 407 424|68 242 231 424 407|174 231 407|306 68 174 431 231|68 179 231|174 431 130|242 431 231 424 407|68 242 174 431 231 422 423 424|242 431 179 422 424|68 222 231 422 424|68 431 231 130
113:0 68 363 387 270 118 203|217 387 118|68 363 215 387 217 270 203 356|215 356 118|387 356 118|68 356 118|312 217|312 356 118|217 118 356|203 356 118|270 356 118|426 215|215 387 118|363 356 118|363 312 270 203
114:0 73 384 437 267 133|175 73 267 202|476 73 93 133 202|175 73 437 267|476 175 73 202|175 437 267 202|73 437 267 133 202|73 283 437 267 202|73 93 384 437 267 202|73 93 267 437 133
115:0 68 376 50|376 23 50|376 264 50|23 264 50|68 38 264 116 253|68 306 38 193 23 116 219 50|306 68 359 23|359 38 23 264 283 116 253|306 68 38 264 283|68 359 38 23 193 264 283 253|376 38 50|359 23 50|23 253 509
116:0 330 150|352 13|175 62 82 150|200 13 82|324 352 150|324 175 352 200|175 352 200 150 82|324 190 175 62 352|175 330 352|499 330 352|330 62 352|225 175 352 150|225 352 200 82|324 330 352 200|324 62 352 50
117:0 330 150|352 13|175 62 82 150|200 13 82|324 352 150|324 175 352 200|175 352 200 150 82|324 190 175 62 352|175 330 352|499 330 352|330 62 352|225 175 352 150|225 352 200 82|324 330 352 200|324 62 352 50
118:0 341 189 56 401 214 300|189 56 401 214 300 130|34 56 300|324 56 214|324 189 60|324 56 401 114|324 60 214|324 56 60|34 56 214 401|341 324 60 114
119:0 341 189 56 401 214 300|189 56 401 214 300 130|34 56 300|324 56 214|324 189 60|324 56 401 114|324 60 214|324 56 60|34 56 214 401|341 324 60 114
122:0 417 95 248|298 196 95 252 271|109 196 252|204 358 361 417 298 95 252 271|196 417|109 417 252 271
123:0 211 405|68 179 113 405 219 203|226 432 400 318 13 405 203|211 432 318 203
124:0 358 417 96 252|445 8 96 252|357 445|445 417 96|445 417 252|273 417 96|273 252
125:0 238 223 364 7 27 96|7 364 8 264 27 96|238 2 223 7 8 264 27 96|359 7|223 7 8 264 112 96|238 7 364 8 264|223 7 364 8 264 96
126:0 238 103 223 2 5 9 231|103 223 5 9 112 231|238 223 2 5 9 116|187 5 9 116|223 5 9 183|238 187 223 9 116|394 9 231 183 116|5 9 231 183|238 187 223 9 231|238 187 103 2 223 9
127:0 364 450 370 31|364 450 98 185|175 364 98 185|175 364 450 185|364 382 98|175 364 370 31 185|175 382 450|175 450 31 185
131:0 174 214 248|32 406|174 32|246 349 214 419 250 406|214 419 250 287 321 406|246 32|193 248 287|419 32|174 214 321|174 349|174 246 214 419 250 406|174 193 246 214 419 250 287|246 214 321|246 250 321|214 32|174 90 246 214 419|250 32
133:0 204 273 343 174 175 363 313 281 197 321 203|174 500 281 485|313 485|363 485 203|204 500
134:0 204 273 343 174 175 363 313 281 197 321 203|174 500 281 485|313 485|363 485 203|204 500
135:0 204 273 343 174 175 363 313 281 197 321 203|174 500 281 485|313 485|363 485 203|204 500
136:0 204 273 343 174 175 363 313 281 197 321 203|174 500 281 485|313 485|363 485 203|204 500
138:0 191 378 21 330 61 62 48 390|378 61 250 352 48 390|378 61 62 114 352 48 390|330 352 250 48|378 330 61 62 352 48 390|21 352 250 117|378 282 61 352 48 390|21 61 250|378 330 61 114 352 48 390|21 62 352|21 330 114 352|21 61 114 352 48|21 330 114 250|21 282 61 117|330 250 352 114|330 352 250 117|378 61 62 250 352|21 114 352 250 48|282 61 352 250 48 117|191 61 62 250 352 48 390
139:0 191 378 21 330 61 62 48 390|378 61 250 352 48 390|378 61 62 114 352 48 390|330 352 250 48|378 330 61 62 352 48 390|21 352 250 117|378 282 61 352 48 390|21 61 250|378 330 61 114 352 48 390|21 62 352|21 330 114 352|21 61 114 352 48|21 330 114 250|21 282 61 117|330 250 352 114|330 352 250 117|378 61 62 250 352|21 114 352 250 48|282 61 352 250 48 117|191 61 62 250 352 48 390
140:0 103 196 61|175 229 196|341 175 193 229|109 229 196 61|109 202|103 229 61 282|193 229 196|103 109 196|341 103 175 109 229 61 62|103 61 202|341 103 193 109|196 61 62|175 196 61 282|175 61 202|103 175 196|103 109 61 282|341 193 196 61 202|175 109 196
141:0 103 196 61|175 229 196|341 175 193 229|109 229 196 61|109 202|103 229 61 282|193 229 196|103 109 196|341 103 175 109 229 61 62|103 61 202|341 103 193 109|196 61 62|175 196 61 282|175 61 202|103 175 196|103 109 61 282|341 193 196 61 202|175 109 196
142:0 174 211 366 355|18 174 228 211|18 193 211 366 355|174 193|18 228 211 366 372 355|18 193 228 366 355|225 228 211 366 355
143:0 68 428 174|18 428 174 38 228|68 428 38|68 18 38|68 174 38 90|68 38 228|204 38
147:0 54 349 231 352 48 406 407|54 349 453 352 114 407|349 231 453 352 406 407|54 349 231 453 352 407|245 349 231 352 406 407|54 225 349 231 352 114 406 407|54 349 114 48 407|54 349 453 352 48 407|349 231 352 114 48 406 407
148:0 54 349 231 352 48 406 407|54 349 453 352 114 407|349 231 453 352 406 407|54 349 231 453 352 407|245 349 231 352 406 407|54 225 349 231 352 114 406 407|54 349 114 48 407|54 349 453 352 48 407|349 231 352 114 48 406 407
149:0 54 349 231 352 48 406 407|54 349 453 352 114 407|349 231 453 352 406 407|54 349 231 453 352 407|245 349 231 352 406 407|54 225 349 231 352 114 406 407|54 349 114 48 407|54 349 453 352 48 407|349 231 352 114 48 406 407
152:0 34 68 275 378 175 73 437 267 320|437 267 287|34 68 73 22 246 320|34 68 275 73 246 320|275 73 22 312 246 267 437 320|68 505|73 505|34 68 275 175 22 246 267|68 73 287|34 68 246 287|73 246 437 287|34 68 175 287|275 378 175 73 22 246 437 267|34 68 275 73 22 246 267|68 275 378 175 73 312 267 437 320|68 378 287|275 378 22 73 320
153:0 34 68 275 378 175 73 437 267 320|437 267 287|34 68 73 22 246 320|34 68 275 73 246 320|275 73 22 312 246 267 437 320|68 505|73 505|34 68 275 175 22 246 267|68 73 287|34 68 246 287|73 246 437 287|34 68 175 287|275 378 175 73 22 246 437 267|34 68 275 73 22 246 267|68 275 378 175 73 312 267 437 320|68 378 287|275 378 22 73 320
154:0 34 68 275 378 175 73 437 267 320|437 267 287|34 68 73 22 246 320|34 68 275 73 246 320|275 73 22 312 246 267 437 320|68 505|73 505|34 68 275 175 22 246 267|68 73 287|34 68 246 287|73 246 437 287|34 68 175 287|275 378 175 73 22 246 437 267|34 68 275 73 22 246 267|68 275 378 175 73 312 267 437 320|68 378 287|275 378 22 73 320
155:0 326 267|37 394 343 481 24 179 98 336|154 343 481|394 326 481 98 336|343 394 37 38 481 24 179 336|306 154 394 343 326 37 38 193 24 179 98 336|24 267
156:0 326 267|37 394 343 481 24 179 98 336|154 343 481|394 326 481 98 336|343 394 37 38 481 24 179 336|306 154 394 343 326 37 38 193 24 179 98 336|24 267
157:0 326 267|37 394 343 481 24 179 98 336|154 343 481|394 326 481 98 336|343 394 37 38 481 24 179 336|306 154 394 343 326 37 38 193 24 179 98 336|24 267
158:0 37 242 349 453 352|346 246 8 300 453 232 352 337|37 242 232 335|37 242 346 313|37 242 246 8 349 352 335|37 242 300 352 335|37 242 346 246 8 453 300 232 352|37 242 246 349 232
159:0 37 242 349 453 352|346 246 8 300 453 232 352 337|37 242 232 335|37 242 346 313|37 242 246 8 349 352 335|37 242 300 352 335|37 242 346 246 8 453 300 232 352|37 242 246 349 232
160:0 37 242 349 453 352|37 242 232 335|37 242 346 313|37 242 246 8 349 352 335|37 242 300 352 335|37 242 346 246 8 453 300 232 352|37 242 246 349 232
161:0 204 38 363 228 231 387|204 343 163 387|343 163 231|204 38 363 179 231|204 274 343 38 363|343 38 363 228 179 163 116|204 274 163 387|204 274 343 38 387|38 228 231 163 116|204 274 343 38 228 179 163 116 271|343 38 179 231|204 343 363 163|38 363 179 163 387 116|38 363 231 163 387 271|204 343 363 228 231 387|204 274 363 163|204 38 363 231 387 116|274 363 228 163 231|204 228 179 387|343 231 116|38 363 228 231 163 387|204 38 363 231 387 271|274 363 231 116|204 274 163 231|204 343 363 231 387 271|204 274 343 38 231|204 231 163 387|38 228 179 387 116
162:0 204 38 363 228 231 387|204 343 163 387|343 163 231|204 38 363 179 231|204 274 343 38 363|343 38 363 228 179 163 116|204 274 163 387|204 274 343 38 387|38 228 231 163 116|204 274 343 38 228 179 163 116 271|343 38 179 231|204 343 363 163|38 363 179 163 387 116|38 363 231 163 387 271|204 343 363 228 231 387|204 274 363 163|204 38 363 231 387 116|274 363 228 163 231|204 228 179 387|343 231 116|38 363 228 231 163 387|204 38 363 231 387 271|274 363 231 116|204 274 163 231|204 343 363 231 387 271|204 274 343 38 231|204 231 163 387|38 228 179 387 116
163:0 119 432 143 297 97 48|17 432 143 185 101|17 18 432 143 97 48|143 97 48 185|119 432 143 297 101|119 17 18 143 432 297 97 185|119 17 18 143 297 97 48 101|17 18 432 143 48 185|119 17 432 143 97 48|119 17 18 143 297 185 101
164:0 17 18 432 48 185|17 432 185 101|119 432 297 97 48|17 18 432 97 48|97 48 185|119 432 297 101|119 17 18 143 432 297 97 185|119 17 18 143 297 97 48 101|119 17 432 97 48|119 17 18 143 297 185 101
165:0 227 450 282 318 405 117|227 146 318 405|103 450 282 318 405 117|264 318 405|103 450 60 318 405|409 318 405
166:0 227 450 282 318 405 117|227 146 318 405|103 450 282 318 405 117|264 318 405|103 450 60 318 405|409 318 405
167:0 324 226 60 50 390|226 60 49 390|324 228 400 49|527 324 50|228 400 390|226 228 400|226 228 41 390|476 228|527 324 228|476 324 60 50
168:0 324 226 60 50 390|226 60 49 390|324 228 400 49|527 324 50|228 400 390|226 228 400|226 228 41 390|476 228|527 324 228|476 324 60 50
169:0 18 428 413 432 228 211 98 185 202 16|18 211 95 16|428 174 432 211 98 202 16|18 174 413 228 417 95 185 16|18 428 413 432 228 211 417 202 185|174 413 211 98 16|18 428 432 211 95 202 185|211 95 98 16|18 174 413 211 228
170:0 103 175 60 352|362 60 250 352|175 60 97 352 250|54 362 352 250 133|103 362 250 352 97|362 351
171:0 103 175 60 352|362 60 250 352|175 60 97 352 250|54 362 352 250 133|103 362 250 352 97|362 351
172:0 381 321 203|273 227 381 268|3 516 227 381 203|273 3 344 175 227 9 179 268 217 252 321 117 203|175 516 321|273 3 516 227 381 217 321|3 516 227 381 9|273 516 227 203|175 516 117 203
173:0 273 500 217 321 118|102 500 321 118|102 273 343 313 500 118|102 273 313 500 133 150 118|312 500 321 118|102 500 313 217 118|102 312 500 118|187 500 217 133 150 118|500 217 150 321 118|500 313 217 150 118|312 500 150 118|273 343 313 500 321 118|313 500 150 321 118
174:0 195 217|445 313 195 214 387 356|313 217 185|273 445 214 217 387 356|273 343 445 313 214 387 185 356|445 313 386 185|445 214 387 217 185 356
175:0 290 417 64|290 381 234|119 375 326 193 64|500 381 217|290 417 217|248 217|375 290 381 500 248 64|119 290 64|290 375 326 193 64|375 193 381 417 217 64|119 375 417 64|119 375 500
176:0 290 417 64|290 381 234|119 375 326 193 64|500 381 217|290 417 217|248 217|375 290 381 500 248 64|119 290 64|290 375 326 193 64|375 193 381 417 217 64|119 375 417 64|119 375 500
177:0 211 297 485 355|211 297 98 65 185 355|428 297 485 185 355|211 98 287 355|211 297 114 287 355|485 285|211 114 185 389|297 114 98 65 185|428 211 485 355|428 211 114 98 185 355|297 114 65 355 389 185|297 98 287 355
178:0 211 297 485 355|211 297 98 65 185 355|428 297 485 185 355|211 98 287 355|211 297 114 287 355|485 285|211 114 185 389|297 114 98 65 185|428 211 485 355|428 211 114 98 185 355|297 114 65 355 389 185|297 98 287 355
179:0 103 36 28 97|495 231 97|36 316 28 97|34 103 495 316|103 495 231 28|34 36 231 28 97|34 36 316 231 97|34 103 36 260 316 231 28 115 219|34 103 28 97|103 231 28 97|34 103 231 97
180:0 103 36 28 97|495 231 97|36 316 28 97|34 103 495 316|103 495 231 28|34 36 231 28 97|34 36 316 231 97|34 103 36 260 316 231 28 115 219|34 103 28 97|103 231 28 97|34 103 231 97
181:0 103 36 28 97|495 231 97|36 316 28 97|34 103 495 316|103 495 231 28|34 36 231 28 97|34 36 316 231 97|34 103 36 260 316 231 28 115 219|34 103 28 97|103 231 28 97|34 103 231 97
182:0 75 298 267 235|290 275 75 235 321|290 75 267 235 321|175 75 267 321|175 267 235 321|495 275 235|175 75 298 267|290 275 175 235 321|204 75 321|204 290 75 235|290 275 175 75 267 235|290 75 298 235|275 175 267 321|290 275 298 235|204 175 75 298
183:0 276 346 313|34 276 48|346 487 48|21 346 227 248 453 487 133 287|34 195 248 47 287|227 313 47 133|34 48 133 287|34 276 330 287|34 227 313 47 287 321|21 276 346 453|34 195 47 287 321|34 330 133 287|34 21 346 227 453|34 227 330 133|346 330 133|34 21 346 453 487 133|34 276 346|21 330 48 321|21 346 453 487 287 321|34 187 346 227 195 287|187 21 195 453 217 133 287|21 346 227 195 453|34 346 227 313|187 227 217 47 133|330 453 287|34 313 217 47|21 330 48 133 287|227 313 217 47|276 346 133|187 195 453 113 217 133 287|21 346 453 48|227 248 217|34 313 195 47|34 195 217 47|227 217 47 321
184:0 276 346 313|34 276 48|346 487 48|21 346 227 248 453 487 133 287|34 195 248 47 287|227 313 47 133|34 48 133 287|34 276 330 287|34 227 313 47 287 321|21 276 346 453|34 195 47 287 321|34 330 133 287|34 21 346 227 453|34 227 330 133|346 330 133|34 21 346 453 487 133|34 276 346|21 330 48 321|21 346 453 487 287 321|34 187 346 227 195 287|187 21 195 453 217 133 287|21 346 227 195 453|34 346 227 313|187 227 217 47 133|330 453 287|34 313 217 47|21 330 48 133 287|227 313 217 47|276 346 133|187 195 453 113 217 133 287|21 346 453 48|227 248 217|34 313 195 47|34 195 217 47|227 217 47 321
185:0 120 446 106 29 203|446 174 106 328 29|446 174 106 328 203|120 106 446 174 328|205 120 446 111 29 203|205 446 174 106 328 111|205 120 446 106 111 203|205 120 446 174 111 203|205 120 174 446 106
186:0 170 341 227 61 352 287|170 341 227 61 283 301 150 287|170 346 227 283 114 150 287|170 341 227 61 352 301|170 341 227 61 283 114 150 287|170 341 54 227 61 114|170 341 61 283 352 301 287 203|170 341 227 61 301 203|170 341 54 61 352 114 150 287 203|170 54 346 114 352 150 287 203
187:0 38 244 227 115 133 270|38 227 270 203|38 227 402 203|38 402 133 203|227 402 270|227 312|38 312 402 203|402 538|38 93 402 203|227 538 270|93 133|312 402 270 203
188:0 38 244 227 115 133 270|38 227 270 203|38 227 402 203|38 402 133 203|227 402 270|227 312|38 312 402 203|402 538|38 93 402 203|227 538 270|93 133|312 402 270 203
189:0 38 244 227 115 133 270|38 227 270 203|38 227 402 203|38 402 133 203|227 402 270|227 312|38 312 402 203|402 538|38 93 402 203|227 538 270|93 133|312 402 270 203
190:0 68 343 279 97 251|68 279 228 180 97 251 252|68 103 343 279 251|415 180 252|21 279 228|68 340 97|343 415 228|340 228|103 21 228 415 251|340 415 252|340 3 252|343 228 180|68 103 343 3 21 228 251 252|68 343 3 21 228 97 251 252|68 103 228 279 180 251 252
191:0 275 73 363 230 267 234 320 270 203|230 117 203|267 117 203|363 267 117|174 73 363 230 203|227 363 230 203|363 227 270|275 174 73 363 230 267 320
192:0 275 73 363 230 267 234 320 270 203|230 117 203|267 117 203|363 267 117|174 73 363 230 203|227 363 230 203|363 227 270|275 174 73 363 230 267 320
193:0 290 364 179|18 364 185|324 141 364 185|324 290 18 38 364 318|324 38 141 364 318|18 38 141 364 318|290 38 141 364 318 185|324 290 141 364 318|38 364 179 185
194:0 255 256 214 491 254|68 34 174 246 214|68 34 174 24 214|34 105 214|255 34 256 491 254|68 34 495 227|34 105 246|68 34 174 227 214|255 34 256 246 254|68 227 24 214|68 495 227 214|105 246 214|68 34 255 256 105 174 227 24 219 254|255 34 256 174 227 214 254|105 174 246
195:0 255 256 214 491 254|68 34 174 246 214|68 34 174 24 214|34 105 214|255 34 256 491 254|68 34 495 227|34 105 246|68 34 174 227 214|255 34 256 246 254|68 227 24 214|68 495 227 214|105 246 214|68 34 255 256 105 174 227 24 219 254|255 34 256 174 227 214 254|105 174 246
196:0 204 273 343 174 175 363 313 281 197 321 203|174 500 281 485|313 485|363 485 203|204 500
197:0 204 273 343 174 175 363 313 281 197 321 203|174 500 281 485|313 485|363 485 203|204 500
198:0 119 18 143 297 65 185 355|18 103 413 143 109 185 355|17 119 18 375 143 297 355|119 18 375 103 413 143 109 297 195 65 185|17 119 18 375 103 413 143 109 297 195 65|119 18 375 103 413 143 109 297 195 65 372|119 18 375 143 297 185 355|119 143 195 297 355|375 109 297 65 355|119 18 413 297 185 355
199:0 187 173 214 335|173 472|173 23 214 335|300 472|23 382 300|173 23 214 300|300 335|248 214 472|187 173 23 382 214|23 382 335
200:0 425 103 174 194 262 417 286|425 103 174 466 262 285 286 389|425 103 174 466 194 285 286 389|425 174 466 262 194 417 285 286 389|472 285 286|103 174 466 262 194 285 389
203:0 193 212|290 248 133|290 193 133|290 248 13|290 193 251|290 193 24|212 248 13|290 277 243 193|290 273 36 277 248 285|277 243 248 133|277 251|290 273 36 212|290 277 24|290 273 36 24|290 24 13|290 273 36 243|273 36 243 193 24 248 13 251 133|290 36 133|277 248 13
204:0 68 446 175 129 390 203|68 446 175 279 390 203|68 38 379 328 279 390|68 446 42 129 203 390|38 379 328 279 129 390|68 446 175 328 390 203|38 446 379 328 129 390 203
205:0 68 446 175 279 203|38 446 379 328 129 203|68 379 328 279 390|68 446 175 129 203|68 38 379 328 279|38 379 328 279 129|68 446 42 129 203|68 446 175 328 203
206:0 290 376 173 174 277 214 44 29|376 310 174 44 97 117|290 173 310 214 44 29|290 173 214 29 97 117|290 310 277 97|44 506|290 376 173 174 214 44 29 97|173 310 97|290 173 310 277 214 29|290 173 277 214 29 97|173 310 174 214|310 29 97|310 214 97
207:0 38 328 226 379 364 400 232 97 13 440|431 400 97 440|17 226 364 400 232 97 13|68 38 364 400|68 400 232 97 440|226 431 400 232 97|17 38 364 400 232 97 13|68 38 328 379 400|342 38 226 431 400 97|68 17 364 400 232 97 13|342 400 97 440
208:0 205 431 484 111 350|205 175 484 111 350 335
209:0 173 242 38 370 422 423 185 424|102 242 217 422 423 424 118|102 173 242 38 264 422 423 185 424 118|265 217 115 370 185 118|242 38 215 422 423 424 118|102 173 242 38 264 370 422 423 424|242 265 370 217 422 423 185 424 118|242 38 265 422 423 185 424|102 173 242 38 264 215 217 422 423 185 424|102 173 242 38 264 265 422 423 424|242 264 265 370 422 423 424
210:0 173 242 38 370 422 423 185 424|102 242 217 422 423 424 118|102 173 242 38 264 422 423 185 424 118|265 217 115 370 185 118|242 38 215 422 423 424 118|102 173 242 38 264 370 422 423 424|242 265 370 217 422 423 185 424 118|242 38 265 422 423 185 424|102 173 242 38 264 215 217 422 423 185 424|102 173 242 38 264 265 422 423 424|242 264 265 370 422 423 424
211:0 175 61 453|310 352|175 453 352|324 175 61 114 352 48|324 61 352 114 491
212:0 211 405|68 179 113 405 219 203|226 432 400 318 13 405 203|211 432 318 203
213:0 328 282|189 230|51 189 515|328 350|189 282 367|189 328|189 270
214:0 206 106 175 279 117|38 175 279 117|38 264|69 38 106 279|69 106 175 279|38 175 228|106 38 228|69 106 279 264|38 228 117
215:0 68 306 274 193 228 8 44 180 419 386 115 252 458|68 364 228 44 420 386|68 306 364 228 420|274 364 180 44 386 252|68 274 364 386 252|306 68 274 193 228 8 180 44 419 420 386 252 458|364 8 252|364 228 180 44|68 193 364 44|68 193 364 8
216:0 68 69 36 242 38 214|187 36 313 281 214|36 498 214|36 38 498|238 187 68 69 36 242 38 313 281 400 232 370|38 400 214 232|242 38 400 214|68 36 242 498|281 214 232|68 498 400 281 214|69 36 498|68 400 214 232 370|36 242 38 313 281 214|68 69 38 498 281 214|68 69 38 214 232|238 68 69 214 370|68 69 38 214 370
217:0 68 69 36 242 38 214|187 36 313 281 214|36 498 214|36 38 498|238 187 68 69 36 242 38 313 281 400 232 370|38 400 214 232|242 38 400 214|68 36 242 498|281 214 232|68 498 400 281 214|69 36 498|68 400 214 232 370|36 242 38 313 281 214|68 69 38 498 281 214|68 69 38 214 232|238 68 69 214 370|68 69 38 214 370
218:0 205 151|255 256 174 262 151 254|255 256 174 108 262 151|174 517 262 151|257 174 262 517|255 256 174 108 262 254|205 174 108 262|255 205 256 254
219:0 205 151|255 256 174 262 151 254|255 256 174 108 262 151|174 517 262 151|257 174 262 517|255 256 174 108 262 254|205 174 108 262|255 205 256 254
220:0 34 36 38 246 44 419|34 36 38 446 174 90 246 44|174 246 44 419|341 446 246|246 419 556|34 341 36 38 174 90 246 333 44|446 246 419
221:0 34 341 174 38 90 246 333 44|34 446 38 174 90 246 44|419 556|341 446|34 36 38 44 419|174 44 419|446 419|34 341 36 38 174 90 333 44|34 36 38 446 174 90 44
222:0 54 352 117|54 174 352 133|103 333 112 352|133 457|54 267 352|392 109 112 352 133|352 457|174 352 117|54 174 109 352|392 54 174 109 112 133|103 109 352 133|392 103 109 112 352|275 174 109 112 133
223:0 190 175 350 62 114 48|341 190 173 129 350 114|341 173 190 175 350 62 48|190 173 175 129 350 114|341 190 350 62 114 48|103 190 173 350 129 62 48|103 341 190 175 350 62|190 173 175 350 129 62 48|103 190 175 350 62 48|103 190 173 175 350 62|341 190 350 114 491|190 173 350 129 62 114 48|323 173 190 350
224:0 103 173 175|173 175 129 48|103 173 129 48|341 173 175 48|341 173 129 114|323 173|173 129 114 48|103 341 175 62|341 114 491|175 62 114 48|341 62 114 48|190 175 350 114 48|103 175 62 48|173 175 129 114
225:0 196 150|229 8 196 252|516 196|196 248 98|8 196 420 98 252|196 62 301|8 196 301|516 98|229 8 248 62 301 420 98 252 150|196 62 98|196 62 420 252
226:0 243 300 133|324 239 21 243 346 300 114 150|243 346 469|21 469|346 300 133|21 346 133 150|21 300 114 133|243 469 300
227:0 143 366 385|18 174 413 228|174 143 366 203|18 413 143 228 366 203|366 385 65|366 385 203|18 228 143 366 65 372 203|18 413 228 143 366 65 372
228:0 68 228 364 179 386 251 422 99 83|68 364 179 421 422 83 424|68 228 179 386 421 422 424|364 228 180 421 422|180 386 422 99|68 228 180 422 99|68 228 364 386 251 421 422|68 228 180 386 251 421 422|180 422 83|68 228 251 421 422 99|68 364 386 421 422 83|68 364 179 251 421 422 83|68 364 228 179 386 422 99 83 424|364 180 386 421 422|228 421 422 83|68 228 179 386 251 421 422
229:0 68 228 179 386 251 421|364 180 386 421|68 228 251 421 99|68 364 179 421 422 83 424|68 228 180 386 251 421|68 228 179 386 421 422 424|68 228 364 179 386 251 99 83|180 386 99|68 364 386 421 83|68 228 364 386 251 421|364 228 180 421|68 228 180 99|180 83|68 364 228 179 386 422 99 83 424|228 421 83
230:0 330 150|352 13|175 62 82 150|200 13 82|324 352 150|324 175 352 200|175 352 200 150 82|324 190 175 62 352|175 330 352|499 330 352|330 62 352|225 175 352 150|225 352 200 82|324 330 352 200|324 62 352 50
231:0 34 173 90 484|34 484 457|68 34 189 173 90 246 283 420 116 457
232:0 34 173 90 484|34 484 457|68 34 189 173 90 246 283 420 116 457
234:0 24 300|37 180 99|37 44 99|180 44 50|180 44 99|326 180 50|44 300|224 180|300 50|326 224 37 24 44 50|224 37 99
236:0 68 170 136 410 364 228 229 418 183 203
237:0 170 136 68 410 229 418 183 203|68 170 136 410 364 418 183 203
238:0 273 417 96|445 417 252|358 417 96 252|357 8|8 417 96|357 445|273 252|445 8 96 252|358 8 252|358 445 252|445 417 96
239:0 238 223 364 7 27 96|7 364 8 264 27 96|238 2 223 7 8 264 27 96|359 7|223 7 8 264 112 96|238 7 364 8 264|223 7 364 8 264 96
240:0 238 103 223 2 5 9 231|103 223 5 9 112 231|238 223 2 5 9 116|187 5 9 116|223 5 9 183|238 187 223 9 116|394 9 231 183 116|5 9 231 183|238 187 223 9 231|238 187 103 2 223 9
241:0 363 214 146 203|38 146 270|359 270|531 270|363 214 386 270 203|69 359 174 38 179 146 386 217|174 38 363 214 270 203|69 359 174 38 363 179 214 386 203|38 363 146|38 146 214|69 386 270|146 270 203|38 146 203|69 38 363 179 214 217 270 203
242:0 68 363 387 270 118 203|217 387 118|68 363 215 387 217 270 203 356|215 356 118|387 356 118|68 356 118|312 217|312 356 118|217 118 356|203 356 118|270 356 118|426 215|215 387 118|363 356 118|363 312 270 203
246:0 349 231 200 116 372|442 446 174 23 228 246 231 334 200 116 372|442 446 23 246 349 231 334 200|174 23 228 349 334 200 116 372
247:0 349 231 200 116 372|442 446 174 23 228 246 231 334 200 116 372|442 446 23 246 349 231 334 200|174 23 228 349 334 200 116 372
248:0 349 231 200 116 372|442 446 174 23 228 246 231 334 200 116 372|442 446 23 246 349 231 334 200|174 23 228 349 334 200 116 372
252:0 363 24 331 283 437 235 388|242 363 331 300 283 437 235 388|242 225 363 331 283 437 235 388|306 242 345 300 437|242 73 363 331 283 437 235 388|73 345 300 437|345 73 363 331 283 437 320 388 235|306 242 363 331 283 437 235 388|73 345 363 331 283 437 13 388 235
253:0 345 73 300|242 73 363 331 283 235 388|242 225 363 331 283 235 388|306 242 363 331 283 235 388|73 345 363 331 283 13 388 235|306 242 345 300 437|345 73 363 331 283 437 320 388 235|242 363 331 300 283 235 388|363 24 331 283 235 388
254:0 345 73 300|242 73 363 331 283 235 388|242 225 363 331 283 235 388|306 242 363 331 283 235 388|73 345 363 331 283 13 388 235|306 242 345 300 437|345 73 363 331 283 437 320 388 235|242 363 331 300 283 235 388|363 24 331 283 235 388
255:0 306 68 174 400 387 203 67|306 68 174 179 400 203 67|481 179 97 203|174 364 297 400 97|174 226 364 400|174 226 97 387 203|68 306 226 364 297 179 400 265 97 387 203 67|174 481 203|481 67|174 481 400|481 364 400
256:0 306 68 174 400 387 203 67|306 68 174 179 400 203 67|481 179 97 203|174 364 297 400 97|174 226 364 400|174 226 97 387 203|68 306 226 364 297 179 400 265 97 387 203 67|174 481 203|481 67|174 481 400|481 364 400
257:0 306 68 174 400 387 203 67|306 68 174 179 400 203 67|481 179 97 203|174 364 297 400 97|174 226 364 400|174 226 97 387 203|68 306 226 364 297 179 400 265 97 387 203 67|174 481 203|481 67|174 481 400|481 364 400
258:0 426 174 246 281 419 301|426 243 469 287|426 174 38 124 246 419|426 38 246 419 287 253|68 426 174 246 281 419 253|426 174 246 44 469|68 426 174 124 281|426 174 23 246 281 419|68 426 174 38 246 419 301|68 426 174 38 281|426 246 281 44 419 287|426 174 38 124 243 281 44 301 287 253|426 174 124 246 281 419|68 426 38 243 246 419 287|68 426 174 38 23 246 419 287|426 243 246 44 419 287|426 174 243 246 419 287|68 426 38 281 44 419 287|68 426 38 246 419 301 287|68 426 174 38 23 246 44 419 253|68 426 38 243 44 419 287|426 174 38 246 281 419 253
259:0 174 124 246 281 419|174 246 44 469|68 174 38 246 419 301|243 469 287|243 246 44 419 287|174 243 246 419 287|68 174 246 281 419 253|68 174 124 281|68 174 38 23 246 44 419 253|68 174 38 281|426 174 38 243 124 281 44 301 287 253|174 246 281 419 301|174 38 246 281 419 253|68 174 38 23 246 419 287|68 38 243 44 419 287|68 38 246 419 301 287|68 38 281 44 419 287|174 38 124 246 419|38 246 419 287 253|174 23 246 281 419|246 281 44 419 287|68 38 243 246 419 287
260:0 174 124 246 281 419|174 246 44 469|68 174 38 246 419 301|243 469 287|243 246 44 419 287|174 243 246 419 287|68 174 246 281 419 253|68 174 124 281|68 174 38 23 246 44 419 253|68 174 38 281|426 174 38 243 124 281 44 301 287 253|174 246 281 419 301|174 38 246 281 419 253|68 174 38 23 246 419 287|68 38 243 44 419 287|68 38 246 419 301 287|68 38 281 44 419 287|174 38 124 246 419|38 246 419 287 253|174 23 246 281 419|246 281 44 419 287|68 38 243 246 419 287
261:0 289 343 281 214|343 281 214 423|310 382 43 214|343 281 214 424|281 214 422 423 424|343 310 382 281 43 422 423 305 424|43 214 422 423 424|289 310 214|343 281 43 214|310 214 422 423 424|289 43 214|289 214 305|310 281 43 214|289 43 422 423 424 305|343 281 214 422|289 382 43
262:0 289 343 281 214|343 281 214 423|310 382 43 214|343 281 214 424|281 214 422 423 424|343 310 382 281 43 422 423 305 424|43 214 422 423 424|289 310 214|343 281 43 214|310 214 422 423 424|289 43 214|289 214 305|310 281 43 214|289 43 422 423 424 305|343 281 214 422|289 382 43
263:0 204 493 270|189 431 214 270|204 431|189 431 228 214|204 228 270 271|204 189 228 214 321 270|204 189 214 321 270 271
264:0 204 493 270|189 431 214 270|204 431|189 431 228 214|204 228 270 271|204 189 228 214 321 270|204 189 214 321 270 271
270:0 68 73 298 235 202|73 75 230 235 202 321|175 75 298 230 202|68 175 75 230 235 202|68 73 75 230 235 202|175 230 235 202 321|75 298 230 235 202|175 73 202 321|55 175 73 75 230 321|175 75 230 202 321|68 175 73 75 230 235|68 55 175|68 175 73 230 202
271:0 68 73 298 235 202|73 75 230 235 202 321|175 75 298 230 202|68 175 75 230 235 202|68 73 75 230 235 202|175 230 235 202 321|75 298 230 235 202|175 73 202 321|55 175 73 75 230 321|175 75 230 202 321|68 175 73 75 230 235|68 55 175|68 175 73 230 202
272:0 68 73 298 235 202|73 75 230 235 202 321|175 75 298 230 202|68 175 75 230 235 202|68 73 75 230 235 202|175 230 235 202 321|75 298 230 235 202|175 73 202 321|55 175 73 75 230 321|175 75 230 202 321|68 175 73 75 230 235|68 55 175|68 175 73 230 202
273:0 417 251 13 492|206 36 73 417 384 98 13 133|73 331 417 384 13 388|73 417 251 13|417 98 251 13|432 417 13|36 73 331 417 13 133 388|36 331 417 98 13 388|36 417 384 251 13 133
274:0 73 331 417 384 388|417 251 492|73 417 251|36 331 417 98 388|206 36 73 417 384 98 13 133|432 417|417 98 251|36 73 331 417 133 388|36 417 384 251 13 133
275:0 251 492|36 73 331 133 388|73 251|73 331 384 388|206 36 73 417 384 98 13 133|36 331 98 388|36 384 251 13 133|98 251
276:0 119 18 287 355|119 432 228 211 143 99 48 355|119 18 413 432 228 211 143 355|119 413 432 228 211 143 99 355|18 413 432 228 211 143 48 355|119 413 228 48 99|413 432 228 211 143 99 48 355|119 18 413 143 228 48 287|119 432 228 211 143 99 287 355|119 18 143 48 355
277:0 119 18 287 355|119 432 228 211 143 99 48 355|119 18 413 432 228 211 143 355|119 413 432 228 211 143 99 355|18 413 432 228 211 143 48 355|119 413 228 48 99|413 432 228 211 143 99 48 355|119 18 413 228 143 48 287|119 432 228 211 143 99 287 355|119 18 143 48 355
278:0 392 239 362 346 282 97|392 362 346 97 16|239 362 346 282 16
279:0 392 54 362 16|392 239 54 362 282|392 239 362 346 282|239 54 362 282 16|392 362 346 16|239 362 346 282 16|392 239 362 282 97
280:0 227 194 285|425 261 194 262 109 212 285 50 288|485 285 50
281:0 227 194 285|425 261 194 262 109 212 285 50 288|485 285 50
282:0 227 194 285|425 261 194 262 109 212 285 50 288|485 285 50
283:0 324 56 193 453 203|56 193 60 453|341 56 193 60|341 324 56 193 450 203|341 193 453 203|324 341 60|170 341 324 56 450 203|324 56 193 450 60 203
284:0 324 56 193 453 203|56 193 60 453|341 56 193 60|341 324 56 193 450 203|341 193 453 203|324 341 60|170 341 324 56 450 203|324 56 193 450 60 203
285:0 363 331 270|204 409 358 363 313 264 270|409 363 331 264|204 409 363 331
286:0 363 331 270|204 409 358 363 313 264 270|409 363 331 264|204 409 363 331
287:0 34 359 173 174 228 214 163 321|34 306 359 173 174 228 400 163 214|495 359 214 163 321|495 359 173 163|34 495 359 163|495 359 228 163
288:0 34 306 359 173 174 228 400 163 214|495 359 228|34 495 359|495 359 173|495 359 214 321|34 359 173 174 228 214 321
289:0 495 214 321|495 173|34 495|34 306 359 173 174 228 400 163 214|34 173 174 228 214 321|495 228
290:0 515 450 405 203|450 400 318 405 185 16|450 318 405 16 203|450 400 318 405 185 203|450 318 185 16 203
291:0 318 185 16 203|400 318 405 185 16|318 405 16 203|515 405 203|400 318 405 185 203
292:0 450 318 203|450 405 203|450 16 203|450 400 185 203
293:0 359 36 326 173 108 265 283|359 36 173 313|313 283|326 313
294:0 359 36 326 173 108 265 283|359 36 173 313|313 283|326 313
295:0 359 36 326 173 108 265 283|359 36 173 313|313 283|326 313
296:0 68 193 364 279 418 469 197 270|193 364 279 264 469 270|238 364 264 270|68 238 223 193 364 279 197 185|238 358 223 364 279 418 185|68 223 279 264 185|68 238 364 279 418 185|223 193 364 279 469 270|279 185 270|68 238 223 193 279 418 469|68 238 223 279 418 185|238 68 193 364 197 418|238 68 223 264 185 270|193 197 185 270|238 223 193 279 469 270|193 264 197 185|68 223 364 279 418 185|238 223 193 279 264 469|68 223 193 364 279 264 418 197 270
297:0 68 193 364 279 418 469 197 270|193 364 279 264 469 270|238 364 264 270|68 238 223 193 364 279 197 185|238 358 223 364 279 418 185|68 223 279 264 185|68 238 364 279 418 185|223 193 364 279 469 270|279 185 270|68 238 223 193 279 418 469|68 238 223 279 418 185|238 68 193 364 197 418|238 68 223 264 185 270|193 197 185 270|238 223 193 279 469 270|193 264 197 185|68 223 364 279 418 185|238 223 193 279 264 469|68 223 193 364 279 264 418 197 270
298:0 34 21 330 287|34 346 487|21 330 321|21 346 227 487 287|34 21 227 330|34 227 313 47 321 287|34 346 227 287|346 487 321 287|34 346 227 313|346 330
299:0 222 205 38 446 203
300:0 493 273 387 270|426 428|273 252 321 270 253|428 226 253|226 270 389 253|387 253 389|273 226 313 387 253 270|226 387 321 253|428 226 389|273 226 313 252 389 253|273 426 226 313 252 321 253|387 321 270 253|426 253 389|273 226 313 387 252 389 321 270|273 428 226 313 387 321 270|428 253 389
301:0 493 273 387 270|426 428|273 252 321 270 253|428 226 253|226 270 389 253|387 253 389|273 226 313 387 253 270|226 387 321 253|428 226 389|273 226 313 252 389 253|273 426 226 313 252 321 253|387 321 270 253|426 253 389|273 226 313 387 252 389 321 270|273 428 226 313 387 321 270|428 253 389
302:0 445 364 417|445 236|445 260 417|445 105 364 271|236 271|105 364 417|417 271|260 364 417
303:0 445 21 321|445 422 423 424|445 305|445 422 321|445 386|445 385 321|206 244 385 386 422 321 423 305 424|445 321 424|445 21 246 422 424|445 246 423|445 423 321|21 422 423 305 424
304:0 442 34 103 174 23 265 457|442 103 446 276 174 23 283 457|34 276 446 174 23 283|442 103 23 265 283|174 23 407|34 446 407|442 34 103 446 276 174 23
305:0 442 34 103 174 23 265 457|442 103 446 276 174 23 283 457|34 276 446 174 23 283|442 103 23 265 283|174 23 407|34 446 407|442 34 103 446 276 174 23
306:0 442 34 103 174 23 265 457|442 103 446 276 174 23 283 457|34 276 446 174 23 283|442 103 23 265 283|174 23 407|34 446 407|442 34 103 446 276 174 23
307:0 409 290 226 193 7 8 9 252|409 290 226 7 8 9 384 385 252|409 290 223 193 7 8 9 418 252|409 290 223 226 7 8 9 252|409 290 427 7 8 9 385|223 226 193 7 8 9 385 252|223 427 7 8 9|409 290 427 226 7 8 9 252
308:0 409 290 427 226 7 8 9 252|409 290 226 7 8 9 384 385 252|223 427|223 226 193 7 8 9 385 252|409 290 223 226 7 8 9 252|409 290 226 193 7 8 9 252|409 290 427 385|409 290 223 193 7 8 9 418 252
309:0 242 415 129 29 423 424|481 129 29 424|242 481 129 424|174 129 29 423 424|242 129 351 424|174 351 29 253 424|174 129 351 29 424|242 174 29 422 423 424|242 481 29 424|486 129 351 29 253 424|415 351 29 424|242 174 415 422 423 253 424|174 481 424|242 351 29 253 423 424
310:0 174 481|486 129 351 29 253|481 129 29|242 481 129|415 351 29|174 351 29 253|242 174 29 422 423 424|174 129 351 29|242 129 351|174 129 29 423|242 351 29 253 423|242 174 415 422 423 253 424|242 481 29|242 415 129 29 423
311:0 273 381 435 186|273 381 47 186
312:0 273 381 435 186|273 381 47 186
313:0 226 227 146 318 405|69 226 227 271|69 146|226 227 146 271
314:0 226 109 318 405|445 226 318 405|226 227 109 318|226 227 313|445 74|445 226 227|445 109
315:0 326 75 402 437|363 178 79|191 363 178 42 402|326 363 75 437|178 402 79|170 363 402|363 75 402 79 437 320|363 75 178 320|191 178 79 437 320
316:0 189 174 123 194 220|189 174 151|174 123 151 220|189 151 220
317:0 189 174 123 194 220|189 174 151|174 123 151 220|189 151 220
318:0 37 38 56 362 246 129
319:0 37 38 56 362 246 129
320:0 34 392 37 174 38 90 111 321|37 38 487|34 428 173 38 111 214|34 173 174 90 111 214|428 173 90 214 321|34 392 173 174 111 214|34 392 214 487|111 487|34 173 37 38 111 214|34 392 173 174 90 111|428 173 37 90 321|428 173 38 90 321|34 173 38 90 111 214|34 37 428|34 392 173 174 38 214 321|34 428 487|428 38 487|428 173 487|34 428 173 174 38 214 321|392 38 487|392 173 487|428 214 487|34 173 174 38 90 214|428 173 37 38 214|428 174 111 214|392 487 321|34 173 174 38 111 214
321:0 34 392 37 174 38 90 111 321|37 38 487|34 428 173 38 111 214|34 173 174 90 111 214|428 173 90 214 321|34 392 173 174 111 214|34 392 214 487|111 487|34 173 37 38 111 214|34 392 173 174 90 111|428 173 37 90 321|428 173 38 90 321|34 173 38 90 111 214|34 37 428|34 392 173 174 38 214 321|34 428 487|428 38 487|428 173 487|34 428 173 174 38 214 321|392 38 487|392 173 487|428 214 487|34 173 174 38 90 214|428 173 37 38 214|428 174 111 214|392 487 321|34 173 174 38 111 214
322:0 442 205|426 281 203|205 426 281|255 34 256 184 203 254|34 205 257 281 203|336 184 203|205 246 281 111 203|442 23 184|442 255 34 256 281 203 254|34 205 246 281 111|257 281 184 203|34 257 184 203|23 184 203|442 257|34 426 246 184 203|34 205 23 111 336 203|255 426 256 203 254|257 23|205 23 184|255 34 256 257 254|34 205 257 111 336 203|34 205 246 111 184 203|34 255 426 256 23 246 281 111 336 184 254|442 255 256 246 254|426 246 111 184 203|442 34 111
323:0 442 205|426 281 203|205 426 281|255 34 256 184 203 254|34 205 257 281 203|336 184 203|205 246 281 111 203|442 23 184|442 255 34 256 281 203 254|34 205 246 281 111|257 281 184 203|34 257 184 203|23 184 203|442 257|34 426 246 184 203|34 205 23 111 336 203|255 426 256 203 254|257 23|205 23 184|255 34 256 257 254|34 205 257 111 336 203|34 205 246 111 184 203|34 255 426 256 23 246 281 111 336 184 254|442 255 256 246 254|426 246 111 184 203|442 34 111
324:0 90 281 214 130 284 203|481 281 214|481 90 214 284|481 90 281 284 203|481 214 203
325:0 243 203|18 326 133|326 243 248 133|248 285 203 271|133 271|133 203|381 203|18 326 203|381 248
326:0 243 203|18 326 133|326 243 248 133|248 285 203 271|133 271|133 203|381 203|18 326 203|381 248
327:0 272 273 226 313 271|273 274 427 226 227 265 252 50 271|196 265 352|272 427 226 252 271|227 196 352 252 50|272 427 227 271 50|273 274 226 313 252|427 196|272 226 265|272 226 227 196 252 271|229 196 252|427 352|274 196 252|272 265 252|272 229 252|272 274 50|272 274 227 252|226 227 313 252|274 352 252|273 226 313 196 352|274 227 313 252|272 196 352 252 271 50
328:0 341 324 450 98 16 203|341 210 450 98 16 203|324 175 450 203|324 210 450|341 175 98|175 98 116|175 210 450 116 203|210 450 98 116 203
329:0 341 324 450 98 16 203|341 210 450 98 16 203|324 175 450 203|324 210 450|341 175 98|175 98 116|175 210 450 116 203|210 450 98 116 203
330:0 341 324 450 98 16 203|341 210 450 98 16 203|324 175 450 203|324 210 450|341 175 98|175 98 116|175 210 450 116 203|210 450 98 116 203
331:0 345 402 320 388 67|68 345 402 320 388|223 415 417 50|298 265 402 388 67|68 415 417 50|298 265 50|415 417 50 67|345 402 335 320 388|68 223 402 320 388 67|345 417 402 388 67|68 223 417 265 402 388 67|223 345 298 417 265|68 51 223 298 402 388 67|51 345 298 402 388 67
332:0 345 402 320 388 67|68 345 402 320 388|223 415 417 50|298 265 402 388 67|68 415 417 50|298 265 50|415 417 50 67|345 402 335 320 388|68 223 402 320 388 67|345 417 402 388 67|68 223 417 265 402 388 67|223 345 298 417 265|68 51 223 298 402 388 67|51 345 298 402 388 67
333:0 228 211 297 114 355|211 297 384 114 355|211 99 355 407|304 407|211 297 97 304 355|297 384 114 97 99|211 114 97 355 407|228 211 297 97 355|228 211 114 97 99 355
334:0 228 211 297 114 355|211 297 384 114 355|211 99 355 407|304 407|211 297 97 304 355|297 384 114 97 99|211 114 97 355 407|228 211 297 97 355|228 211 114 97 99 355
335:0 68 154 364 24 231|174 175 364 400|68 364 400 13|174 364 400 13|515 400 231|154 175 364 400 231|68 154 364 400 232|364 400 231 13|68 154 364 231 50|68 154 174 175 24 400 231 232 13 50 458|68 515 364 231 232|154 515 231|68 364 24 400|68 154 515|174 364 24 400
336:0 255 256 386 254|34 515 400 386 372|415 231 386 372|386 184|515 231 386 372|515 184 372|34 255 256 415 400 231 184 372 254
339:0 36 37 175 250|36 37 56 250|36 209 175 56 250|36 37 56 209 175 349|36 56 414|37 175 56 349 250|341 175 56|341 36 56 330|341 36 37 175 330
340:0 36 37 175 250|36 37 56 250|36 209 175 56 250|36 37 56 209 175 349|36 56 414|37 175 56 349 250|341 175 56|341 36 56 330|341 36 37 175 330
341:0 276 498 246 232 300|34 276 38 246 300 283|34 276 38 349|34 376 300|34 246 349|34 276 38 246 232 300|34 276 38 498 246 300|376 38|276 498 246 349 232
342:0 276 498 246 232 300|34 276 38 246 300 283|34 276 38 349|34 376 300|34 246 349|34 276 38 246 232 300|34 276 38 498 246 300|376 38|276 498 246 349 232
345:0 105 446 243 112 203|105 446 174 243 203|105 174 243 112|446 321 203|446 72 203|112 321
346:0 105 446 243 112 203|105 446 174 243 203|105 174 243 112|446 321 203|446 72 203|112 321
347:0 174 282 334 352|103 229 28 440|103 229 282 334 28 352|103 282 334 28 352 440
348:0 174 282 334 352|103 229 28 440|103 229 282 334 28 352|103 282 334 28 352 440
349:0 445 362 114 321|54 445 231 95 114 406|445 109 231 95 406|445 362 109 300|445 231 114 321 406|445 243 109 95 300 113 114|445 243 362 231 114|54 445 225 231 114 406|445 54 362 243 300|445 109 231 300 114 406|54 445 109 231 406 321|445 225 362 406|54 445 362 231 300 114|445 362 243 231 300|54 445 362 109 406 321|54 445 243 109 231 406|54 445 362 109 231|445 54 362 243 231|445 243 109 231 300 406|54 445 231 300 114 406
350:0 54 362 109 406 321|225 362 406|54 243 109 231 406|231 114 321 406|362 243 231 300|362 109 300|54 109 231 406 321|54 362 231 300 114|54 362 109 231|109 231 95 406|54 231 95 114 406|54 362 243 300|109 231 300 114 406|243 362 231 114|362 114 321|54 362 243 231|54 231 300 114 406|243 109 95 300 113 114|54 225 231 114 406|243 109 231 300 406
351:0 499 466 506|466 381 506|381 248 133|466 381 133|466 381 248 50|466 248 506 50|466 248 133
352:0 277 417 492|289 417 252 492|289 105 277 417 146 285 252 50 271
353:0 194 441|286 50 441|425 310 193 194 109 466 228 286 50
354:0 194 441|286 50 441|425 310 193 194 109 466 228 286 50
355:0 194 262 466 399 285 286 185 288 220
356:0 194 262 466 399 285 286 185 288 220
357:0 174 73 331 29|73 331 267 437 13|174 349|21 73 348 267 437|21 174 29|349 29|174 73 331 267 437|73 331 267 437 29|349 13|21 73 348 331 29 13
358:0 273 500 248 95 285 50|105 174 248 285 50|273 105 248 95 285 50|105 174 95 285 50
359:0 428 174 38 226 277|224 428|224 174 38 226 212 386 372 185|428 38 226 185|428 277 226 372|277 386 372|428 226 212 372|428 38 277 185|428 38 226 372
361:0 205 311|311 506 50|205 313 117|311 419 50|205 313 50|205 313 335|191 311|191 335|205 191|313 506 50
362:0 205 311|311 506 50|205 313 117|311 419 50|205 313 50|205 313 335|191 311|191 335|205 191|313 506 50
363:0 392 205 324 281 214 352|392 324 174 281 214 352|392 205 174 214 352|255 392 256 174 90 346 281 254|392 205 174 90 352|205 174 281 214 352|324 392 346 281 214 352|205 174 90 281 214|255 256 174 90 281 214 352 254|205 174 90 214 352|205 174 346 281 214|205 392 346|255 324 392 256 346 214 352 254
364:0 392 205 324 281 214 352|392 324 174 281 214 352|392 205 174 214 352|255 392 256 174 90 346 281 254|392 205 174 90 352|205 174 281 214 352|324 392 346 281 214 352|205 174 90 281 214|255 256 174 90 281 214 352 254|205 174 90 214 352|205 174 346 281 214|205 392 346|255 324 392 256 346 214 352 254
365:0 392 205 324 281 214 352|392 324 174 281 214 352|392 205 174 214 352|255 392 256 174 90 346 281 254|392 205 174 90 352|205 174 281 214 352|324 392 346 281 214 352|205 174 90 281 214|255 256 174 90 281 214 352 254|205 174 90 214 352|205 174 346 281 214|205 392 346|255 324 392 256 346 214 352 254
366:0 34 392 362 330 300 352 287 203|392 362 109 330 112 300 352 48 287|34 392 362 109 300 352 48 203|34 392 362 352 48 287 203|34 392 362 109 300 352 287 203|34 392 362 109 112 352 287 203|392 362 330 352 48 203
367:0 34 392 48 287 203|392 330 48 203|34 392 109 112 287 203|34 392 330 300 287 203|34 392 109 300 287 203|34 392 109 300 48 203|392 109 330 112 300 48 287
368:0 34 362 109 300 287 203|34 362 330 300 287 203|362 330 48 203|34 362 109 300 48 203|34 362 48 287 203|392 362 330 109 112 300 48 287|34 362 109 112 287 203
369:0 341 189 362|346 401 214 130 133|428 173 362 214 133|189 346 214 401 130|341 362 330 401|341 173 362|189 173 362 346 214 401|428 362 346 133|222 189 428 173 346 214 401 133|341 362 214|189 428 173 362 330 401 214 130|341 330 214 133|341 222 189 428 173 346 330 401 133|189 173 362 330 401 214 133|341 189 173 330 214 401|341 189 173 346 214
370:0 362 346 300 48|362 150|362 346 453 505
371:0 239 349 82 406 203 424 407|239 37 82 406 203 424 407|37 56 349 82 407 424|239 37 56 349 111 82 406 203 424
372:0 239 349 82 406 203 424 407|239 37 82 406 203 424 407|37 56 349 82 407 424|239 37 56 349 111 82 406 203 424
373:0 37 56 349 82 407 424|239 349 82 406 203 407|239 37 82 406 203 407|239 37 56 349 111 82 406 203
387:0 34 37 38 276 414|255 256 276 414 74 402 388 321 254|34 256 276 38 414 402 388 133 254|34 37 38 328|276 38 414 74 402 133 388|34 74 321|34 255 256 276 38 328 74 133|37 276 414 402 133 388|34 276 38 328 414 402 388|38 74 321|37 276 38 328 414 402 388|34 276 38 74 402 388|255 34 256 38 74 402 388 254|34 276 414 74 402 388|34 276 414 402 388 321|276 414 74 402 388 133 321
388:0 34 37 38 276 414|255 256 276 414 74 402 388 321 254|34 256 276 38 414 402 388 133 254|34 37 38 328|276 38 414 74 402 133 388|34 74 321|34 255 256 276 38 328 74 133|37 276 414 402 133 388|34 276 38 328 414 402 388|38 74 321|37 276 38 328 414 402 388|34 276 38 74 402 388|255 34 256 38 74 402 388 254|34 276 414 74 402 388|34 276 414 402 388 321|276 414 74 402 388 133 321
389:0 34 37 38 276 414|255 256 276 414 74 402 388 321 254|34 256 276 38 414 402 388 133 254|34 37 38 328|276 38 414 74 402 133 388|34 74 321|255 34 256 38 276 328 74 133|37 276 414 402 133 388|34 276 38 328 414 402 388|38 74 321|37 276 38 328 414 402 388|34 276 38 74 402 388|255 34 256 38 74 402 388 254|34 276 414 74 402 388|34 276 414 402 388 321|276 414 74 402 388 133 321
390:0 68 501 252 116 270|68 7 501 264 9 252 270|68 274 257 227 24 7 264 9 299 252 116 270|68 227 501|116 66 270|227 501 252|227 501 264|68 227 7 9 116 66|227 501 270|68 501 299|264 116 66|227 7 501|227 501 9
391:0 68 501 252 116 270|68 7 501 264 9 252 270|68 274 257 227 24 7 264 9 299 252 116 270|68 227 501|116 66 270|227 501 252|227 501 264|68 227 7 9 116 66|227 501 270|68 501 299|264 116 66|227 7 501|227 501 9
392:0 68 501 252 116 270|68 7 501 264 9 252 270|68 274 257 227 24 7 264 9 299 252 116 270|68 227 501|116 66 270|227 501 252|227 501 264|68 227 7 9 116 66|227 501 270|68 501 299|264 116 66|227 7 501|227 501 9
393:0 392 189 173 175 297 281 196 300 97 48 117 458
394:0 392 189 173 175 297 281 196 300 97 48 117 458
395:0 392 189 173 175 297 281 196 300 97 48 117 458
396:0 193 211 297 28 31 355|38 228 31 253|193 228 297 28 31|38 193 355 253|38 310 228 211 355 253|38 211 28 31|28 31 253|38 310 228 211 31 355|38 297 28 355|310 228 211 297 31 253 355|193 279 28 31|193 228 297 28 355|38 211 297 355|228 211 28 31 355|211 297 197 355 253|228 211 297 28 355 253|38 193 211 355|193 211 297 28 355 253
397:0 193 211 297 28 31 355|38 228 31 253|193 228 297 28 31|38 193 355 253|38 310 228 211 355 253|38 211 28 31|28 31 253|38 310 228 211 31 355|38 297 28 355|310 228 211 297 31 253 355|193 279 28 31|193 228 297 28 355|38 211 297 355|228 211 28 31 355|211 297 197 355 253|228 211 297 28 355 253|38 193 211 355|193 211 297 28 355 253
398:0 193 211 297 28 31 355|38 228 31 253|193 228 297 28 31|38 193 355 253|38 310 228 211 355 253|38 211 28 31|28 31 253|38 310 228 211 31 355|38 297 28 355|310 228 211 297 31 253 355|193 279 28 31|193 228 297 28 355|38 211 297 355|228 211 28 31 355|211 297 197 355 253|228 211 297 28 355 253|38 193 211 355|193 211 297 28 355 253
399:0 154 431 130|38 401 214 98 203|154 431 214 316|38 346 214 98 203|38 431 111 316 214 203|38 346 214 401 130|154 346 401 316 214 98 203|38 346 431 111 401 214 203|38 431 111 401 214 130 203|154 346 431|154 38 431 111 214 98 203|154 38 346 111 316 98|154 38 111 401 214 203
400:0 154 431 130|38 401 214 98 203|154 431 214 316|38 346 214 98 203|38 431 111 316 214 203|38 346 214 401 130|154 346 401 316 214 98 203|38 346 431 111 401 214 203|38 431 111 401 214 130 203|154 346 431|154 38 431 111 214 98 203|154 38 346 111 316 98|154 38 111 401 214 203
403:0 324 36 24 129 351 98 270|36 129 98 270 424|36 400 336 98 422 423 424|24 400 129 98 270|36 336 422 423 270 424|324 336 98 424|24 129 336 98|129 351 336 98 424|351 336 98 422 423 424|36 351 336 422 423 424|129 336 98 422 423 424|36 24 336 270 424|324 36 129 98 270 423|24 400 129 351 98
404:0 324 36 24 129 351 98 270|36 129 98 270 424|36 400 336 98 422 423 424|24 400 129 98 270|36 336 422 423 270 424|324 336 98 424|24 129 336 98|129 351 336 98 424|351 336 98 422 423 424|36 351 336 422 423 424|129 336 98 422 423 424|36 24 336 270 424|324 36 129 98 270 423|24 400 129 351 98
405:0 324 36 24 129 351 98 270|36 129 98 270 424|36 400 336 98 422 423 424|24 400 129 98 270|36 336 422 423 270 424|324 336 98 424|24 129 336 98|129 351 336 98 424|351 336 98 422 423 424|36 351 336 422 423 424|129 336 98 422 423 424|36 24 336 270 424|324 36 129 98 270 423|24 400 129 351 98
406:0 363 75 178 320 235 202|326 363 75 437 320 235 202|191 178 79 437 320 235 202|191 363 178 42 402 320 235 202|363 178 79 320 235 202|170 363 402 320 235 202|363 75 402 79 437 320 235 202|326 75 402 437 320 235 202|178 402 79 320 235 202
407:0 326 75 402 437|363 178 79|191 363 178 42 402|326 363 75 437|178 402 79|170 363 402|363 75 402 79 437 320|363 75 178 320|191 178 79 437 320
408:0 442 359 174 21 23 231|442 37 242 174 38 23 231|18 359 37 21 174 38 242 23|242 38 21 231|442 359 174 38 23 231|442 18 174 21 23 231|442 242 21 231|442 18 242 174 231|442 359 242 174 23 231
409:0 442 359 174 21 23 231|442 37 242 174 38 23 231|18 359 37 21 174 38 242 23|242 38 21 231|442 359 174 38 23 231|442 18 174 21 23 231|442 242 21 231|442 18 242 174 231|442 359 242 174 23 231
410:0 68 446 174 350 29 184|68 34 103 446 38 29 184 116|34 103 174 446 90 29|34 68 103 174 38 90|68 34 174 38 90 184 116|103 446 174 38 29 184 116|34 350 184|34 68 103 174 446 38 29 184|174 469|38 350 184
411:0 68 446 174 350 29 184|68 34 103 446 38 29 184 116|34 103 174 446 90 29|34 68 103 174 38 90|68 34 174 38 90 184 116|103 446 174 38 29 184 116|34 350 184|34 68 103 174 446 38 29 184|174 469|38 350 184
417:0 205 175 39 231 268|205 175 111 44|343 175 39 516 231|205 343 313 111|205 39 313 111|343 111 231 266|39 111 44|343 260 175 313 111 44|516 111 231 266|343 39 231 268|260 231 268|205 313 44|205 39 111 231 266|205 343 175 39 516|205 516 111 266|343 516 313 111 266|343 175 39 516 111|44 231 268|205 343 39 111|343 39 175 313 44 231|205 175 111 231|205 39 111 231 268|205 313 111 231 268|44 266
418:0 392 189 226 29|154 226 415|154 226 382 29|3 226 382|392 382|154 226 210 382|189 3 541|154 189 415 316 163 29|392 189 210 29|154 226 382 163|189 210 415 29|392 3|154 189 226 382|154 210 415 316 163 29|382 316|154 392|154 189 3 226 210 163 316 29
419:0 392 189 226 29|154 226 415|154 226 382 29|3 226 382|392 382|154 226 210 382|189 3 541|154 189 415 316 163 29|392 189 210 29|154 226 382 163|189 210 415 29|392 3|154 189 226 382|154 210 415 316 163 29|382 316|154 392|154 189 3 226 210 163 316 29
420:0 205 361 111|205 363 312 75 230 402 267 320|361 312 111 321|311 312 75 230 267 320|205 363 312 75 230 402 321|363 312 75 230 505|205 363 75 230 402 267 321|361 363 111|363 75 230 111 402 320|311 363 111|363 312 75 230 267 321|205 311 363 312 75 230 402 320|75 111 267|361 505|205 363 111 321
421:0 205 361 111|205 363 312 75 230 402 267 320|361 312 111 321|311 312 75 230 267 320|205 363 312 75 230 402 321|363 312 75 230 505|205 363 75 230 402 267 321|361 363 111|363 75 230 111 402 320|311 363 111|363 312 75 230 267 321|205 311 363 312 75 230 402 320|75 111 267|361 505|205 363 111 321
422:0 376 174 362 281 133|255 68 256 54 174 281 133 254|255 256 174 124 499 262 254|362 499 281|68 54 362 281|68 54 243 362|174 243 124 281|68 174 262|255 256 174 262 281 133 254|54 174 90 362|68 255 256 174 124 90 281 133 254|54 174 243 133|255 256 54 362 254|68 376 174 281 133
423:0 376 174 362 281 133|255 68 256 54 174 281 133 254|255 256 174 124 499 262 254|362 499 281|68 54 362 281|68 54 243 362|174 243 124 281|68 174 262|255 256 174 262 281 133 254|54 174 90 362|68 255 256 174 124 90 281 133 254|54 174 243 133|255 256 54 362 254|68 376 174 281 133
424:0 68 343 279 97 251|68 279 228 180 97 251 252|68 103 343 279 251|415 180 252|21 279 228|68 340 97|343 415 228|340 228|103 21 228 415 251|340 415 252|340 3 252|343 228 180|68 103 343 3 21 228 251 252|68 343 3 21 228 97 251 252|68 103 228 279 180 251 252
425:0 194 95 114 50|499 194 95 114|311 499|34 311|499 262 194 114|34 194 262 50|194 262 114 50|311 262 114 50|194 262 95 50|34 194 95 114|34 499 262
426:0 194 95 114 50|499 194 95 114|311 499|34 311|499 262 194 114|34 194 262 50|194 262 114 50|311 262 114 50|194 262 95 50|34 194 95 114|34 499 262
427:0 415 264|175 7 383|175 8 383|175 9 383|227 7 264 9 252 67|175 264 383|227 7 383|227 8 383|227 9 383|175 7 8 264 9 67 458|383 509|175 227 313 383 252|383 252 186|313 264|8 264 252 67 458|175 227 7 8 264 9 67|175 383 67|415 67|227 264 383|327 383 67|327 7 8 264 9 252 67|327 175 227 415 313 7 8 9 252 458 186|175 227 264 9 252 186|313 67
428:0 415 264|175 7 383|175 8 383|175 9 383|227 7 264 9 252 67|175 264 383|227 7 383|227 8 383|227 9 383|175 7 8 264 9 67 458|383 509|175 227 313 383 252|383 252 186|313 264|8 264 252 67 458|175 227 7 8 264 9 67|175 383 67|415 67|227 264 383|327 383 67|327 7 8 264 9 252 67|327 175 227 415 313 7 8 9 252 458 186|175 227 264 9 252 186|313 67
429:0 425 103 174 194 262 417 286|425 103 174 466 262 285 286 389|425 103 174 466 194 285 286 389|425 174 466 262 194 417 285 286 389|472 285 286|103 174 466 262 194 285 389
430:0 119 18 143 297 65 185 355|18 103 413 143 109 185 355|17 119 18 375 143 297 355|119 18 375 103 413 143 109 297 195 65 185|17 119 18 375 103 413 143 109 297 195 65|119 18 375 103 413 143 109 297 195 65 372|119 18 375 143 297 185 355|119 143 195 297 355|375 109 297 65 355|119 18 413 297 185 355
431:0 289 39 175 313 44 28 98 387 372|358 175 39 313 387
432:0 289 39 175 313 44 28 98 387 372|358 175 39 313 387
434:0 38 481 184|242 123 43 231 492|242 38 228 231 184|310 492|242 38 481 43 231|242 38 228 43 184 492|242 231 386 114|310 228 231|310 242 231|310 242 38 123 228 43 114 386 184|242 38 231 114|242 123 228 43 386 492|38 228 43 231|242 123 38 43 492|481 228|123 38 43 231 184|310 242 481 43|228 43 386 184 492|123 481|310 38 231|242 228 43 231 114 184|310 43 231|228 43 231 386
435:0 38 481 184|242 123 43 231 492|242 38 228 231 184|310 492|242 38 481 43 231|242 38 228 43 184 492|242 231 386 114|310 228 231|310 242 231|310 242 38 123 228 43 114 386 184|242 38 231 114|242 123 228 43 386 492|38 228 43 231|242 123 38 43 492|481 228|123 38 43 231 184|310 242 481 43|228 43 386 184 492|123 481|310 38 231|242 228 43 231 114 184|310 43 231|228 43 231 386
438:0 120 446 106 29 203|446 174 106 328 29|446 174 106 328 203|120 106 446 174 328|205 120 446 111 29 203|205 446 174 106 328 111|205 120 446 106 111 203|205 120 446 174 111 203|205 120 174 446 106
439:0 417 95 248|298 196 95 252 271|109 196 252|204 358 361 417 298 95 252 271|196 417|109 417 252 271
440:0 68 363 387 270 118 203|217 387 118|68 363 215 387 217 270 203 356|215 356 118|387 356 118|68 356 118|312 217|312 356 118|217 118 356|203 356 118|270 356 118|426 215|215 387 118|363 356 118|363 312 270 203
441:0 227 417|432 417 101|97 48 101|432 211 314 417 214 48|227 432|432 211 314 214 97 48|417 214 101|227 211|211 417 101|227 214|227 314|314 417 101
442:0 425 171 445 194 286 288 220|425 445 108 194 288 220
443:0 34 37 38 328 232|34 225 38 431 231 200|442 34 239 225 38 231 200|34 442 239 38 328 431 231 232 200|34 442 37 38 328 431 231 200 184|442 239 37 225 38 431 231 200 184|34 239 38 328 231 232 200 184|34 341 38 431 231 200|442 239 37 431 231 232 200 184|34 239 37 38 225 328 231 200 184|442 34 239 37 38 200|34 442 239 431 231 200 184|442 341 239 38 431 231 200
444:0 34 37 38 328 232|34 225 38 431 231 200|442 34 239 225 38 231 200|34 442 239 38 328 431 231 232 200|34 442 37 38 328 431 231 200 184|442 239 37 225 38 431 231 200 184|34 239 38 328 231 232 200 184|34 341 38 431 231 200|442 239 37 431 231 232 200 184|34 239 37 38 225 328 231 200 184|442 34 239 37 38 200|34 442 239 431 231 200 184|442 341 239 38 431 231 200
445:0 34 37 38 328 232|34 225 38 431 231 200|442 34 239 225 38 231 200|34 442 239 38 328 431 231 232 200|34 442 37 38 328 431 231 200 184|442 239 37 225 38 431 231 200 184|34 239 38 328 231 232 200 184|34 341 38 431 231 200|442 239 37 431 231 232 200 184|34 239 37 38 225 328 231 200 184|442 34 239 37 38 200|34 442 239 431 231 200 184|442 341 239 38 431 231 200
446:0 68 428 174|68 38 174|18 428 38 174 228|68 428 38|68 18 38|68 38 228|204 38
447:0 242 197 44 509|242 197 97 67|197 97 509|410 327 418 197 97 67|170 136 410 418 299 197|170 136 410 418 197 67|136 410 327 299 197 97 67|238 170 136 327 242 299 197 44 418 266 97|170 136 299 197 67|242 197 44 67|242 197 44 334|238 418 197 67|136 242 197 67|238 410 197 67|197 334 97|197 266 67|197 44 97 67|170 136 410 327 418 197 97
448:0 136 410 327 299 97 67|136 242 67|97 509|266 67|334 97|238 418 67|242 44 67|170 136 410 327 418 97|242 44 334|238 410 67|238 170 136 327 242 299 44 418 197 266 97|242 97 67|170 136 410 418 299|242 44 509|410 327 418 97 67|170 136 299 67|44 97 67|170 136 410 418 67
449:0 34 18|18 214|34 255 256 174 279 214 303 254
450:0 34 18|18 214|34 255 256 174 279 214 303 254
451:0 103 18 228 400 163 185|103 18 109 400 163 28 97 185|103 342 400 163 28 97 185|103 228 163 97 185|103 228 41 163 185|103 400 231 163 28 185|103 342 228 41 97|228 400 163 97
452:0 103 18 228 400 163 185|103 18 109 400 163 28 97 185|103 342 400 163 28 97 185|103 228 163 97 185|103 228 41 163 185|103 400 231 163 28 185|103 342 228 41 97|228 400 163 97
453:0 68 409 410 223 364 367 96 29 252|68 238 358 223 364 265 252|409 410 223 364 418 367 96 29 252|68 410 364 418 29 252|238 358 223 364 382 265 418 96 252|238 68 223 96 29|68 410 223 364 418 252|68 238 358 223 418 96|238 358 223 29|358 265 29 252|68 358 223 364 418 265 252|68 409 223 265 29|238 358 223 410|68 364 382 29|238 364 29|68 409 364 382|68 409 410 364 418 252|358 410 265 252|238 68 410 364 382|68 410 364 382 418|68 238 364 382 418|68 238 358 223 418 265 252|68 238 358 223 265 96|68 410 364 418 96 252|68 238 358 364 418 265 252
454:0 68 409 410 223 364 367 96 29 252|68 238 358 223 364 265 252|409 410 223 364 418 367 96 29 252|68 410 364 418 29 252|238 358 223 364 382 265 418 96 252|238 68 223 96 29|68 410 223 364 418 252|68 238 358 223 418 96|238 358 223 29|358 265 29 252|68 358 223 364 418 265 252|68 409 223 265 29|238 358 223 410|68 364 382 29|238 364 29|68 409 364 382|68 409 410 364 418 252|358 410 265 252|238 68 410 364 382|68 410 364 382 418|68 238 364 382 418|68 238 358 223 418 265 252|68 238 358 223 265 96|68 410 364 418 96 252|68 238 358 364 418 265 252
455:0 345 73 75 78 79 320 388 235 202|476 73 78 79 388 235 202|21 73 78 79 388 235 202|476 21 73 78 79 202|21 73 345 75 388 235 202|21 345 75 78 79 388 235 202
456:0 175 401 321|362 175 401 97|324 175 60 97|324 362 175 60|362 150 321|324 362 175 401|362 175 401 150|175 60 97 150 321 186|324 362 60 62|204 362 175 97 150 186|324 175 60 62|324 175 401 97|324 362 175 97
457:0 175 401 321|362 175 401 97|324 175 60 97|324 362 175 60|362 150 321|324 362 175 401|362 175 401 150|175 60 97 150 321 186|324 362 60 62|204 362 175 97 150 186|324 175 60 62|324 175 401 97|324 362 175 97
458:0 324 243 346 469|324 243 469 300|324 346 300 133|324 21 300 114 133|239 324 157 21 243 346 300 114 150|324 21 469|324 21 346 133 150|324 243 300 133
459:0 38 73 363 74 331 402 419 130|38 345 73 74 363 331 419 402|38 345 23 363 74|38 73 23 363 331 402|363 23 331 402 419 130|38 23 363 331 419 402
460:0 38 73 363 74 331 402 419 130|38 345 73 74 363 331 419 402|38 345 23 363 74|38 73 23 363 331 402|363 23 331 402 419 130|38 23 363 331 419 402
461:0 68 306 274 193 228 8 44 180 419 386 115 252 458|68 364 228 44 420 386|68 306 364 228 420|274 364 180 44 386 252|68 274 364 386 252|306 68 274 193 228 8 180 44 419 420 386 252 458|364 8 252|364 228 180 44|68 193 364 44|68 193 364 8
463:0 428 173 330 214|34 359 173 174 330 214|359 428 173 214 265|34 187 428 173 174 214 133|359 174 330 265 133|34 174 265|222 359 174|34 428 173 214 265|359 428 173 174 214
464:0 306 68 242 431 231|174 231 130|306 68 174 431 179|242 179 231 422 424|306 242 431 422 424|68 306 222 242 174 179 130 422 423 407 424|68 242 231 424 407|174 231 407|306 68 174 431 231|68 179 231|174 431 130|242 431 231 424 407|68 242 174 431 231 422 423 424|242 431 179 422 424|68 222 231 422 424|68 431 231 130
465:0 73 384 437 267 133|175 73 267 202|476 73 93 133 202|175 73 437 267|476 175 73 202|175 437 267 202|73 437 267 133 202|73 283 437 267 202|73 93 384 437 267 202|73 93 267 437 133
466:0 223 7 364 8 264 96|238 7 364 8 264|238 223 364 27 96|223 7 8 264 112 96|7 364 8 264 27 96|238 223 2 7 8 264 27 96
467:0 238 187 103 2 223|187 5 116|238 187 223 231|238 187 223 116|238 223 2 5 116|5 231 183|103 223 5 112 231|223 5 183|394 231 183 116|238 103 223 2 5 231
468:0 290 417 64|290 381 234|119 375 326 193 64|500 381 217|290 417 217|248 217|375 290 381 500 248 64|119 290 64|290 375 326 193 64|375 193 381 417 217 64|119 375 417 64|119 375 500
469:0 324 141 364 185|324 38 141 318|290 38 141 364 318 185|18 364 185|324 290 18 38 318|18 38 141 318|290 179|324 290 141 318|38 364 179 185
470:0 204 273 343 174 175 363 313 281 197 321 203|174 500 281 485|313 485|363 485 203|204 500
471:0 204 273 343 174 175 363 313 281 197 321 203|174 500 281 485|313 485|363 485 203|204 500
472:0 342 38 226 431 97|226 431 232 97|38 328 226 379 364 400 232 97 13 440|68 38 364|17 226 364 232 97 13|342 97 440|68 232 97 440|17 38 364 232 97 13|68 38 379 328|68 17 364 232 97 13|431 97 440
473:0 34 341 174 38 90 246 333 44|34 446 38 174 90 246 44|419 556|341 446|34 36 38 44 419|174 44 419|446 419|34 341 36 38 174 90 333 44|34 36 38 446 174 90 44
475:0 227 194 285|425 261 194 262 109 212 285 50 288|485 285 50
476:0 222 205 38 446 203
477:0 194 262 466 399 285 286 185 288 220
478:0 205 311|311 506 50|205 313 117|311 419 50|205 313 50|205 313 335|191 311|191 335|205 191|313 506 50
495:0 137 445 363 231|445 243 363 231|137 228 231|445 345 363 230 231|137 445 228|445 363 228 212 231|239 345 363 230|137 363 228
496:0 137 445 363 231|445 243 363 231|137 228 231|445 345 363 230 231|137 445 228|445 363 228 212 231|239 345 363 230|137 363 228
497:0 137 445 363 231|445 243 363 231|137 228 231|445 345 363 230 231|137 445 228|445 363 228 212 231|239 345 363 230|137 363 228
498:0 34 276 174 281 214|37 276 281 214|34 37 343 214|343 174 276 281 214|34 222 276 214 283|222 174|37 343 281 214|34 174 214 283|37 343 276|34 174 484 214|34 37 484 214|34 222 281|34 281 283|34 37 174 484|34 343 174 281 214|34 222 484|37 343 283
499:0 34 276 174 281 214|37 276 281 214|34 37 343 214|343 174 276 281 214|34 222 276 214 283|222 174|37 343 281 214|34 174 214 283|37 343 276|34 174 484 214|34 37 484 214|34 222 281|34 281 283|34 37 174 484|34 343 174 281 214|34 222 484|37 343 283
500:0 34 276 174 281 214|37 276 281 214|34 37 343 214|343 174 276 281 214|34 222 276 214 283|222 174|37 343 281 214|34 174 214 283|37 343 276|34 174 484 214|34 37 484 214|34 222 281|34 281 283|34 37 174 484|34 343 174 281 214|34 222 484|37 343 283
501:0 103 362|400 197 372|376 400 403|376 362 197|103 383 197|103 376 197 372|362 400 372|103 400 372|403 372
502:0 103 362|400 197 372|376 400 403|376 362 197|103 383 197|103 376 197 372|362 400 372|103 400 372|403 372
503:0 103 362|400 197 372|376 400 403|376 362 197|103 383 197|103 376 197 372|362 400 372|103 400 372|403 372
504:0 175 193|103 193 279 228 231 372|103 175 228 231 372
505:0 175 193|103 193 279 228 231 372|103 175 228 231 372
506:0 122 228 422 423 424|28 336 422 423 424 203|204 189 228 281 28 422 423 424 203|189 28 336 422 423 424|189 122 422 423 424 203|281 28 336 422 423 424|204 122 281 422 423 424|204 336 422 423 424|189 336 422 423 424 203|204 122 422 423 424 203|204 189 122 422 423 424|228 336 422 423 424
507:0 122 228 422 423 424|28 336 422 423 424 203|204 189 228 281 28 422 423 424 203|189 28 336 422 423 424|189 122 422 423 424 203|281 28 336 422 423 424|204 122 281 422 423 424|204 336 422 423 424|189 336 422 423 424 203|204 122 422 423 424 203|204 189 122 422 423 424|228 336 422 423 424
508:0 189 28 336|204 336|204 189 122|189 122 203|228 336 422|122 228|204 122 281 422 423 424|189 336 423 424 203|204 189 228 281 28 422 423 424 203|28 336 203|204 122 203|281 28 336 422 423 424
509:0 204 227 281|204 227 313|204 343 313 281 185|204 6 185 492|227 313 185|204 343 6 185|343 227 281 185|313 185 492
510:0 204 227 281|204 227 313|204 343 313 281 185|204 6 185 492|227 313 185|204 343 6 185|343 227 281 185|313 185 492
511:0 343 310 417 321|343 345 331 320 321|310 417 321 67|272 310 417 67|272 310 417 321|272 343 67|331 417 437|417 437 67|345 437|272 343 321
512:0 343 310 417 321|343 345 331 320 321|310 417 321 67|272 310 417 67|272 310 417 321|272 343 67|331 417 437|417 437 67|345 437|272 343 321
513:0 343 310 417 321|310 417 321 67|272 310 417 321|272 343 67|310 7 417 321|257 343 7 214 67|310 417 214 321|257 343 214 321 83|272 343 214 321|272 257 7 417 214 83 67|272 310 7 417 214 67
514:0 343 310 417 321|310 417 321 67|272 310 417 321|272 343 67|310 7 417 321|257 343 7 214 67|310 417 214 321|257 343 214 321 83|272 343 214 321|272 257 7 417 214 83 67|272 310 7 417 214 67
515:0 343 310 417 321|343 300 321|310 417 321 67|272 310 417 321|272 343 67|272 56|392 56 300|272 310 300|392 343 56 401 321|392 310 56 321|401 300|56 67|272 310 417 401 67|272 343 321
516:0 343 310 417 321|343 300 321|310 417 321 67|272 310 417 321|272 343 67|272 56|392 56 300|272 310 300|392 343 56 401 321|392 310 56 321|401 300|56 67|272 310 417 401 67|272 343 321
517:0 290 174 226 214 129 112 270|290 226 214 129 49|290 174 226 277 214 129 270
518:0 290 174 226 214 129 112 270|290 226 214 129 49|290 174 226 277 214 129 270
519:0 273 211 381|273 516 381 234|273 516 211|211 95 253|273 516 253
520:0 273 211 381|273 516 381 234|273 516 211|211 95 253|273 516 253
521:0 273 211 381|273 516 381 234|273 516 211|211 95 253|273 516 253
522:0 103 38 382|36 382 28 99|36 24 382 28|103 36 38 99|36 38 382 28|103 382 203|103 36 38 28 203|36 382 28 203|36 38 24 28 203|103 36 99 203|38 28 99
523:0 103 38 382|36 382 28 99|36 24 382 28|103 36 38 99|36 38 382 28|103 382 203|103 36 38 28 203|36 382 28 203|36 38 24 28 203|103 36 99 203|38 28 99
524:0 36 356|222 174 484 475|174 356|36 174|199 475|222 199 356|484 356
525:0 36 356|222 174 484 475|174 356|36 174|199 475|222 199 356|484 356
526:0 36 356|222 174 484 475|174 356|36 174|199 475|222 199 356|484 356
527:0 204 313 282 270|500 485 270|204 500 270|313 485 270|313 485 48|500 485 355|485 48 355|260 48 270|204 260 313|204 355|485 282|282 48 355
528:0 204 313 282 270|500 485 270|204 500 270|313 485 270|313 485 48|500 485 355|485 48 355|260 48 270|204 260 313|204 355|485 282|282 48 355
529:0 334 319|306 414 431|414 130 334|431 130|431 334|431 319|306 130
530:0 334 319|306 414 431|414 130 334|431 130|431 334|431 319|306 130
531:0 273 214 215 186|273 361 516 227 381 133 186|273 516 227 381 281 186|273 516 227 281 215 186|361 516 227 381 214 186|381 214 133|273 516 227 281 214 186|361 516 227 381 215 186
532:0 68 179 203|409 395 179 469 265 197 203
533:0 68 179 203|409 395 179 469 265 197 203
534:0 68 179 203|409 395 179 469 265 197 203
535:0 426 54 352 287|173 54 214 300 352 287|426 54 414 300|426 54 214 300|54 414 352 287|426 54 300 352|426 54 173 300|426 173 414 214 300 352 287
536:0 426 54 352 287|173 54 214 300 352 287|426 54 414 300|426 54 214 300|54 414 352 287|426 54 300 352|426 54 173 300|426 173 414 214 300 352 287
537:0 426 54 352 287|173 54 214 300 352 287|426 54 414 300|426 54 214 300|54 414 352 287|426 54 300 352|426 54 173 300|426 173 414 214 300 352 287
540:0 170 226 318 403 97|103 226 97 13|170 103 226 97 318|103 318 403|170 226 382 97|293 318 403|226 97 403 318 13
541:0 170 226 318 403 97|103 226 97 13|170 103 226 97 318|103 318 403|170 226 382 97|293 318 403|226 97 403 318 13
542:0 170 226 318 403 97|103 226 97 13|170 103 226 97 318|103 318 403|170 226 382 97|293 318 403|226 97 403 318 13
543:0 41 42 390|36 191 42 390|36 41
544:0 41 42 390|36 191 42 390|36 41
545:0 41 42 390|36 191 42 390|36 41
546:0 363 227 320 388|363 313 388|227 262 388|363 227 321|363 388 321|363 227 313|227 313 321|363 262 388
547:0 363 227 320 388|363 313 388|227 262 388|363 227 321|363 388 321|363 227 313|227 313 321|363 262 388
548:0 275 363 230 320 388 203|204 230 320 388|275 230 320 388 117 203|361 363 388|204 363 388 320|275 363 320 388 117|204 363 230 388 203
549:0 275 363 230 320 388 203|204 230 320 388|275 230 320 388 117 203|361 363 388|204 363 388 320|275 363 320 388 117|204 363 230 388 203
550:0 362 129 250 97 99|341 97|362 279 129|341 61 129|362 279 61|362 279 250|362 61 97 250|341 362 330
551:0 116 253 424|68 251 116|68 38 431 422 253 424|68 38 431 228 116 253|251 422 253 424|68 228 251 422 424|228 251 253|68 38 422 116 424|38 228 212|38 251 422 424
552:0 116 253 424|68 251 116|68 38 431 422 253 424|68 38 431 228 116 253|251 422 253 424|68 228 251 422 424|228 251 253|68 38 422 116 424|38 228 212|38 251 422 424
553:0 116 253 424|68 251 116|68 38 431 422 253 424|68 38 431 228 116 253|251 422 253 424|68 228 251 422 424|228 251 253|68 38 422 116 424|38 228 212|38 251 422 424
554:0 36 359 227 203|36 359 227 214|36 359 281 214 203|172 359 36 214|36 359 281 264|359 227 281 264 214 116 203|359 36 264 214 203|36 359 281 116 203|172 359 36 203|359 172 227 264 214 116 203
555:0 227 281 264 214 116 203|36 227 214|36 359 281 116 203|172 36 214|36 264 214 203|172 36 203|36 359 281 214 203|172 227 264 214 116 203|36 359 281 264|36 227 203
556:0 191 73 331 402 320 388|340 73 331 402 388|73 331 452 402 320 388
557:0 191 174 203|174 328 335 203|68 400 334 203|191 174 334|68 328 400|68 191 328 334 335 203
558:0 191 174 203|174 328 335 203|68 400 334 203|191 174 334|68 328 400|68 191 328 334 335 203
559:0 428 8 133|68 7 8 9 133|68 7 9 252|68 8 252|68 409 9 197|68 7 8 9 197|409 7 8 9 252|7 8 9 349|428 252|68 428 7 8 9|68 7 9 349|133 252|409 428|409 197 252|428 349|68 428 133|68 409 7 8 9|68 428 197
560:0 428 8 133|68 7 8 9 133|68 7 9 252|68 8 252|68 409 9 197|68 7 8 9 197|409 7 8 9 252|7 8 9 349|428 252|68 428 7 8 9|68 7 9 349|133 252|409 428|409 197 252|428 349|68 428 133|68 409 7 8 9|68 428 197
561:0 375 500 211 355|375 500 246|375 500 285|211 246 355
562:0 171 377 203|171 262 417 286|262 417 286 50 203|313 203|171 262 286 50 203|377 286 203
563:0 171 377 203|171 262 417 286|262 417 286 50 203|313 203|171 262 286 50 203|377 286 203
564:0 21 175 282 117|21 175 334|34 282 334 352|34 175 334 250 352|34 21 250 352|34 21 175|21 175 250|88 282|21 175 352|175 282 334 352 250 117
565:0 21 175 282 117|21 175 334|34 282 334 352|34 175 334 250 352|34 21 250 352|34 21 175|21 175 250|88 282|21 175 352|175 282 334 352 250 117
566:0 432 211 44|414 457|211 406|432 211 282|414 44|414 282|44 406|44 282
567:0 432 211 44|414 457|211 406|432 211 282|414 44|414 282|44 406|44 282
568:0 174 114|205 120 174 191|205 120 174 350 300|191 174 350 28
569:0 174 114|205 120 174 191|205 120 174 350 300|191 174 350 28
570:0 262 399 421|68 445 399 197 421|289 68 445 399 421|445 326 399 421|445 262 421|289 262 421|68 445 326 421|289 445 399 197 421
571:0 445 326 399|289 262|289 68 445 399|68 445 399 197|262 399|289 445 399 197|445 262|68 326 445
572:0 189 39 401 282 231 214 203|189 175 39 313 401 231 214 203|189 175 39 313 282 231 214 203
573:0 189 39 401 282 231 214 203|189 175 39 313 401 231 214 203|189 175 39 313 282 231 214 203
577:0 290 151|310 109 286 151 101|290 310 109 286 271 101
578:0 290 151|310 109 286 151 101|290 310 109 286 271 101
579:0 290 151|310 109 286 151 101|290 310 109 286 271 101
580:0 362 381|362 211 314 16|381 314 382|119 211 314 16|381 211 382|381 211 314 16
581:0 362 381|362 211 314 16|381 314 382|119 211 314 16|381 211 382|381 211 314 16
582:0 393 475|363 181 420|363 475|363 334 286|334 475|393 363 334|181 352 420
583:0 393 475|363 181 420|363 475|363 334 286|334 475|393 363 334|181 352 420
584:0 393 475|363 181 420|363 475|363 334 286|334 475|393 363 334|181 352 420
585:0 226 363 316 214 97|226 363 313 214 388 320 235|226 363 313 214 97|313 316
586:0 226 363 316 214 97|226 363 313 214 388 320 235|226 363 313 214 97|313 316
587:0 204 403 355|204 343 226 231 321|204 310|343 310 226 321|310 226 231 321|231 355|226 403|310 355|231 403|343 403
589:0 68 224 450 30|68 224 282 30|68 224 228 30|103 224 228 450|68 450 185|103 228 450 282 185|68 103 282 185
590:0 205 77 78 203|34 74 111 77 203|111 77 78|205 111|34 74 380 77 78 203
591:0 205 77 78 203|34 74 111 77 203|111 77 78|205 111|34 74 380 77 78 203
592:0 132 220|109 151 220
593:0 132 220|109 151 220
594:0 54 287 321 203|54 243 287 203|203 220
595:0 40 228 42 185 440|40 42 440 50|431 40 228 42|431 40 42 440|431 40 185 440
596:0 40 228 42 185 440|40 42 440 50|431 40 228 42|431 40 42 440|431 40 185 440
597:0 446 191 431|446 73 431 331 402 388|191 73 431 331 402 388|446 431 356|73 431 331 402 388 356
598:0 73 331 402 388 356|446 356|191 73 331 402 388|446 73 331 402 388|191 446
607:0 445 151|114 151|151 203|445 499 114 203
608:0 445 151|114 151|151 203|445 499 114 203
609:0 445 151|114 151|151 203|445 499 114 203
610:0 68 400 231 283 203|68 283 116|68 106 231|13 116|68 179 231|400 231 283 13 203|68 231 116 203|106 231 203|106 231 283|231 283 116 203
611:0 68 400 231 283 203|68 283 116|68 106 231|13 116|68 179 231|400 231 283 13 203|68 231 116 203|106 231 203|106 231 283|231 283 116 203
612:0 68 400 231 283 203|68 283 116|68 106 231|13 116|68 179 231|400 231 283 13 203|68 231 116 203|106 231 203|106 231 283|231 283 116 203
613:0 8 400 264 419 372|227 281 400 372|227 419|227 264 372|281 419|227 8 281 400 264
614:0 8 400 264 419 372|227 281 400 372|227 419|227 264 372|281 419|227 8 281 400 264
616:0 38 364 228 203|189 227 470|189 38 364 203|38 226 227|226 364 228 203|227 470 203|191 38 203|189 228 364|38 226 228 203|191 38 226 228|38 227 470|170 189 38 226 203|38 226 364
617:0 38 364 228 203|189 227 470|189 38 364 203|38 226 227|226 364 228 203|227 470 203|191 38 203|189 228 364|38 226 228 203|191 38 226 228|38 227 470|170 189 38 226 203|38 226 364
618:0 414 281 220|174 310 281 214 351|174 281 220|310 174 214 180 351 220|174 414 281 214
619:0 226 382 282|364 382 67 203|364 382 282|226 382 203|233 203|226 364 382|226 364 265 282 203 67
620:0 226 382 282|364 382 67 203|364 382 282|226 382 203|233 203|226 364 382|226 364 265 282 203 67
621:0 289 137 228 231 422 424|231 232 424|306 422 424|306 228 231|289 137 342 231 422 424|137 342 228 422 424
626:0 341 29 133|442 189 29|341 189 431 29|189 130 29 133|431 130 29 133|189 431 29 133|341 189 133|442 133
629:0 211 282 184|211 282 355|211 184 355|313 282|211 212 355
630:0 211 282 184|211 282 355|211 184 355|313 282|211 212 355
631:0 34 35 400 214|34 174 228 400 214 185|34 174 228 214 321 185|34 257 214 185|257 400 214|34 257 174 214 321|35 228
632:0 103 422 185 203|103 226 431 422 185|103 226 185 203
633:0 414 458 424|457 458|310 458|103 399 372 458|103 399 422 423 424 458
634:0 414 424|103 399 422 423 424|103 399 372
635:0 414 424|103 399 422 423 424|103 399 372
636:0 106 234 203|393 203|428 193 234|428 193 203
637:0 106 234 203|393 203|428 193 234|428 193 203