
57 219|228 78 335|57 228 280 335|280 78 335 219|160 280 335 219|228 160 280|228 280 335 219
57 219|228 78 335|57 228 280 335|280 78 335 219|160 280 335 219|228 160 280|228 280 335 219
57 219|228 78 335|57 228 280 335|280 78 335 219|160 280 335 219|228 160 280|228 280 335 219
28 32|273 32 100|11 32 100
28 32|273 32 100|11 32 100
28 32|273 32 100|11 32 100
465 315|173 260 465 254|315 148 254|260 251 134|173 465 134 254|260 465 148|173 315 251|260 315 148 251|315 251 254|173 148 254
465 315|173 260 465 254|315 148 254|260 251 134|173 465 134 254|260 465 148|173 315 251|260 315 148 251|315 251 254|173 148 254
465 315|173 260 465 254|315 148 254|260 251 134|173 465 134 254|260 465 148|173 315 251|260 315 148 251|315 251 254|173 148 254






123 148|123 8 305
123 148|123 8 305
123 148|123 8 305
153 341 319 32 135 441
153 341 319 32 135 441
306 123 126|306 123 433|306 19 123|19 126
306 123 126|306 123 433|306 19 123|19 126
364 384 28 283 305
364 384 28 283 305
55 295 114 97 319 30 458
55 295 114 97 319 30 458
309 242 76 335 134
309 242 76 335 134
88 57 416 144 402 28

88 416|88 402|416 402
88 416 10 402 28 63
88 416 10 402 28 63
88 416 10 402 28 63
10 29|295 458|10 385
10 29|295 458|10 385
187 88 123 193 298 384 181 134
187 88 123 193 298 384 181 134
295 458|123 125 458|123 295
295 458|123 125 458|123 295
306 78 168|306 123 455 168 305
306 78 168|306 123 455 168 305
411 310 57|411 310 134 202
411 310 57|411 310 134 202
411 310 57|411 310 134 202
341 134|341 297 305|297 134 219 407|341 219|126 219 305|126 134
341 134|341 297 305|297 134 219 407|341 219|126 219 305|126 134
27 355|341 27|341 355
27 355|341 27|341 355
341 123 11 28 305 441
341 123 11 28 305 441
17 57 193 384 10
17 57 193 384 10
154 73 193 297 315 148 219
154 73 193 297 315 148 219
28 148 318 319 370 235
28 148 318 319 370 235
187 75 181 335 421 132
187 75 181 335 421 132
194 248 46|173 450 248 46 254|248 385 46|194 248 385|194 450 248
194 248 46|173 450 248 46 254|248 385 46|194 248 385|194 450 248
385 46|194 450|194 46|194 385|173 450 46 254
26 114
26 114
26 114
114 370|331 235 219|114 235 219
114 370|331 235 219|114 235 219
114 370|331 235 219|114 235 219
215 202|411 114 202|411 314 114|411 228 202|411 314 202
215 202|411 114 202|411 314 114|411 228 202|411 314 202
215 202|411 114 202|411 314 114|411 228 202|411 314 202
62 335 251|309 62|173 335 251|23 62|173 23|309 23
62 335 251|309 62|173 335 251|23 62|173 23|309 23



193 57 94 421 135
193 57 94 421 135
260 390|29 390
260 390|29 390


306 127 78 148 252 168 134|465 458
306 402 115|173 402 134|306 134|306 173 123 402
306 402 115|173 402 134|306 134|306 173 123 402
88 124 279 364 114 199 218 186
88 124 279 364 114 199 218 186
173 78 350 234 218|78 350 234 201
173 78 350 234 218|78 350 234 201
341 309 26 46
341 309 26 46 199|416 199
19 279 164 303|19 164 456|173 303|173 456
19 279 164 303|19 164 456|173 303|173 456
19 279 164 303|19 164 456|173 303|173 456
36 134
330 26|29 458
330 26|29 458
173 364
173 364


411 11|411 78 202|256 411 202|458 407
411 11|411 78 202|256 411 202|458 407
341 11|341 29
341 11|341 29
309 226 182
309 248 182 183
176 458|78 232|78 29
341 456|341 275 297 303|275 456
341 456|341 275 297 303|275 456
75 76 78 232 319
75 76 78 232 319
295 176|458 407
265 134|63 216|10 265 216
148 335|88 144|88 335 390|76 390|148 390|465 458|76 335
102 104|104 385 134|88 23|23 385 270|102 134
102 104|104 385 134|88 23|23 385 270|102 134
173 297|189 173|189 260
173 297|189 173|189 260


154 193
27 335 219 356
235 458|124 235
26 235|208 73 331 235
341 208 73|341 26
123 151|123 134|123 126|126 151 134



315 78 148|78 186

428 57 78 134 458
428 57 78 134 458
428 57 78 134 458
428 57 78 134 458

173 23 382 402|23 382 402 46|23 364|173 23 402 46|173 364 402 46
173 23 382 402|23 382 402 46|23 364|173 23 402 46|173 364 402 46
309 134|23 62 46|210 46|62 134|309 23 46|210 134|309 62 46
309 134|23 62 46|210 46|62 134|309 23 46|210 134|309 62 46
78 148|104 305|148 455|455 305|104 78
78 218



104 173 100 254|402 254|173 402 219|219 254
104 173 100 254|402 254|173 402 219|219 254
104 173 100 254|402 254|173 402 219|219 254


444 11 216|444 160 216|444 265 216 202|160 216 202|444 265 134 202
444 11 216|444 160 216|444 265 216 202|160 216 202|444 265 134 202
444 11 216|444 160 216|444 265 216 202|160 216 202|444 265 134 202
153 187 71 76 148 319 421
153 187 71 76 148 319 421
153 187 71 76 148 319 421
75 11 421 99|260 450 11 99|260 75 11 99|75 450 99
75 11 421 99|260 450 11 99|260 75 11 99|75 450 99
260 450 11|75 450|75 11 421|260 75 11
17 365 144 434 319 305
17 365 144 434 319 305
123 402 455 457|123 127 455 252 457
123 402 455 457|123 127 455 252 457
297 356
297 356
377 27 355|88 297 27 355|27 305|88 297 305
377 27 355|88 297 27 355|27 305|88 297 305
306 78 168|306 123 455 168 305


55 446 295 114 97 319 30 458
10 29|295 458|10 385
295 458|123 125 458|123 295
433 182|154 278|154 295|278 148 252
433 182|154 278|154 295|278 148 252
173 123 127|306 127 315|306 123 127|173 315|306 173 123 107
173 123 127|306 127 315|306 123 127|173 315|306 173 123 107
341 55 416 314 335 271
341 55 416 314 335 271
341 55 416 314 335 271
411 310 57|411 310 134 202
402 219|154 295 219|154 10 219|279 10|10 29 219|279 219|10 402
402 219|154 295 219|154 10 219|279 10|10 29 219|279 219|10 402

194 248 46|173 450 248 46 254|248 385 46|194 248 385|194 450 248
314 298 114 182|314 298 10 114|314 298 63
314 298 114 182|314 298 10 114|314 298 63
314 298 114 182|314 298 10 114|314 298 63
364 384 28 97 305
78 216|160 216|265 216|114 216 182
78 216|160 216|265 216|114 216 182
215 455|215 355 356|455 356
260 383 78 11 335 405 389
260 383 78 11 335 405 389
428 57 78 134 458
428 57 78 134 458
107 252|127 62|107 62|62 455 457|279 252|107 279|127 455 252 457
260 390|29 390
85 341 201


154 227 416 10 28 148 458
408 281|408 336|408 134
408 281|408 336|408 134
19 175 78 11 30 32
311 457|242 311
36 134
123 295 176 314 370
123 295 176 314 370
173 402 46|173 402 134
27 335 219 356

172 126 30 134
124 314 76 384 148 32
242 465 75 416
242 465 75 416


259 11 199 32
259 11 199 32
26 10 62 202|10 254|341 26 199|341 26 62|62 254
341 402 270 322|173 402 270 322
341 402 322|173 402 322
306 154 309 23 194 385
189 173 260|189 260 439|189 325 260|189 173 439|189 325 173 364|173 260 364|173 364 439
107 305|455 305
307 384 28 132 319 456 305
307 384 28 132 319 456 305
102 104|104 385 134|88 23|23 385 270|102 134
144 11 133
144 11 133

120 88 384 32

309 226 248 182 183
226 248 182 183
235 458|124 235
26 235|208 73 331 235
341 208 73|341 26
295 78 182 319
295 176|458 407



273 100|144 305|11 100|78 390|144 11
273 100|144 305|11 100|78 390|144 11
273 100|144 305|11 100|78 390|144 11



260 75|260 115|75 76|104 75
260 75|260 115|75 76|104 75
260 75|260 115|75 76|104 75
319 370
319 370
319 370
315 78 390|194 78|194 315|441 390|315 251
315 78 390|194 78|194 315|441 390|315 251
315 78 390|194 78|194 315|441 390|315 251
19 71 465 283 217
19 71 465 283 217
428 57 434 305
428 57 434 305





411 310 134 407|411 310 216 407|448 134|448 407
411 310 134 407|411 310 216 407|448 134|448 407
411 310 134 407|411 310 216 407|448 134|448 407
306 311 126 416 10 216
306 126 416 10 216
306 311 126 416 10 216
307 315 252 305|307 402 305
307 315 252 305|307 402 305
450 439|450 168
7 439|7 168
85 240 88 234 456
85 240 88 234 456
85 240 88 234 456
189 248|189 297 148|189 259 148
189 248|189 297 148|189 259 148
125 126|125 57 182
125 126|125 57 182
365 76 78 305
76 78 305
365 76 78 305
123 168 356
123 168 356

120 416 370
120 416 370
120 416 370
86 123 148 182|86 182 318|73 148 318|123 318|148 182 318
86 123 148 182|86 182 318|73 148 318|123 318|148 182 318
357 428|357 315|357 114

428 125 27 182 441 458
428 125 27 182 441 458

428 126 283 11
115 390|370 390
115 390|370 390
115 390|370 390
124 27|124 148
124 27|124 148
175 75 78 441
175 75 78 441


27 356|434 27
27 356|27 163
69 382 281
3 371|275 371
3 371|275 371
189 421
189 421
428 78 421 133
428 78 421 133
187 339 390
187 339 390
465 118
154 120 434
154 120 434
17 88 434 27 114 370 458
306 144|306 168
306 144|306 168
306 144|306 168
2 418
2 418
307 173 7 305
307 173 7 305
311 94 78 134
383 405 389




260 11|260 115
260 11|260 115


312 26 251
312 26 251


193 219|260 62|62 251 219|260 251 219
193 219|260 62|62 251 219|260 251 219

88 227 434
85 19 88 148 201
85 19 88 148 201
85 240 201|275 123 164 201|85 123 164 201|85 275 164 201|85 240 275 123 164|240 123 164 201
85 240 201|275 123 164 201|85 123 164 201|85 275 164 201|85 240 275 123 164|240 123 164 201
311 265 216|364 265 216|175 216
193 78|88 193|88 78
123 227 27 78|384 458



465 450 383 78 405 133 389
465 450 383 78 405 133 389
465 450 383 78 405 133 389
260 315 62|315 402|260 402 62|315 26 62
260 315 62|315 402|260 402 62|315 26 62
260 315 62|315 402|260 402 62|315 26 62
450 10 232
260 450 402
203 458|102 189 421 439 100
203 458|102 189 421 439 100
203 458|102 189 421 439 100
































69 382 281
















384 305|364 97|364 305|384 28




85 341|85 201|341 201
107 252|127 62|107 62|62 455 457|279 252|127 455 252 457































314 384|314 148|314 32|124 384 32

78 232|78 29|176 458

10 216|265 134|63 216|10 265|265 216
208 73 235|26 235|208 73 331|331 235
341 208|341 73|341 26|208 73
154 278|154 295|278 148 252|182 433
215 355
57 134|57 458|428 134|78 134|428 57|134 458
57 134|57 458|428 134|78 134|428 57|134 458
311 457|242 311
259 11|11 32

85 88 234 456|85 240 456|240 88 234 456

275 164 201|85 275 164|240 201|85 123 164|85 201|123 164 201|85 240 275





























