70
72
60
49
67
56
46
71
59
49
85
88
60
84
86
59
75
60
49
71
53
70
50
72
54
62
50
68
51
74
61
50
73
60
49
72
54
70
48
76
56
77
50
74
63
55
80
65
71
52
67
51
63
48
67
49
66
50
63
45
62
54
50
64
55
48
70
59
52
70
60
51
69
48
73
60
52
54
47
72
55
69
53
63
63
49
70
52
71
54
67
45
64
54
47
53
74
54
64
49
58
44
67
50
69
58
55
55
64
67
51
64
51
53
52
47
65
50
65
54
60
45
54
47
53
48
50
48
45
74
48
49
72
68
50
44
53
63
66
51
62
49
43
53
46
44
44
71
56
45
38
42
70
59
48
67
56
46
69
58
47
95
51
77
55
80
60
82
62
42
63
52
84
98
90
91
65
64
49
76
64
53
56
79
58
60
52
80
61
48
58
97
64
53
92
58
47
50
53
58
54
66
57
51
76
53
58
50
50
73
56
52
51
70
50
50
68
52
85
62
75
54
66
67
56
62
57
50
65
49
47
65
50
51
50
70
89
55
70
57
59
45
49
43
42
45
72
59
46
39
43
42
67
54
45
71
60
48
71
60
50
85
55
76
50
96
93
59
93
60
92
67
53
86
63
50
65
47
65
55
90
75
51
72
59
75
53
75
50
38
73
42
82
81
62
51
83
52
100
67
74
57
62
61
67
55
47
72
55
67
48
55
55
56
56
60
72
54
65
50
55
48
72
58
57
68
53
62
81
62
46
69
55
72
51
50
54
55
53
69
52
70
54
72
52
72
55
60
54
83
49
55
63
71
54
84
64
55
57
52
81
70
50
77
59
49
69
54
54
50
59
68
56
43
75
58
45
45
55
50
44
43
43
40
41
42
40
72
61
50
67
55
45
71
61
51
74
59
47
81
55
98
58
75
61
50
76
51
61
51
71
57
87
64
56
73
57
54
59
45
78
52
71
56
46
59
47
59
48
49
50
61
47
74
61
48
81
57
79
74
95
52
59
71
54
42
70
70
48
68
49
63
46
69
49
57
65
50
74
69
52
45
50
51
48
48
47
49
48
45
44
50
45
46
47
51
55
55
47
52
44
46
43
40
41
45
40
39
43
50
42
41
42
37
49
49
49
49
49
