0
64
64
64
9
9
9
113
113
113
86
84
14
86
84
106
45
45
45
78
78
45
45
43
43
98
98
80
80
69
69
69
69
69
69
15
15
25
25
15
15
41
41
10
10
10
22
22
14
86
80
80
66
50
16
16
118
118
43
43
120
120
120
108
108
108
31
31
31
10
10
10
11
11
76
76
76
78
78
63
63
54
54
45
78
78
111
111
100
100
85
85
48
48
48
76
42
42
37
37
95
95
10
10
76
76
50
45
65
48
48
49
49
60
10
21
107
69
107
107
39
39
95
106
63
98
24
37
43
107
43
120
50
78
120
119
25
114
107
107
107
107
76
40
70
70
70
84
84
41
70
108
64
64
64
9
9
9
113
113
113
78
78
42
42
106
106
106
106
41
119
119
98
15
15
35
35
108
108
98
98
98
10
111
111
103
120
10
10
10
78
10
10
96
16
16
108
108
42
63
48
48
83
41
103
103
82
37
76
43
43
69
106
103
106
41
66
31
53
53
63
63
35
35
104
118
107
45
21
21
107
66
103
114
43
65
31
43
63
98
24
111
60
70
70
70
31
84
79
70
70
60
64
64
64
9
9
9
113
113
113
78
43
66
66
86
84
106
84
86
107
107
107
10
10
10
31
31
45
45
108
108
108
107
43
22
22
115
118
115
14
96
123
95
95
95
111
111
111
103
15
15
45
37
103
103
103
71
71
98
98
67
56
39
63
60
51
51
77
77
121
121
63
53
122
111
111
65
37
48
48
80
80
60
60
40
84
48
48
63
63
37
37
48
48
104
104
8
8
107
55
27
13
42
42
48
70
10
48
70
83
41
41
111
111
111
85
107
107
107
107
76
76
43
11
11
11
11
11
11
48
48
18
19
3
82
70
64
64
64
9
9
9
113
113
113
45
43
43
87
87
84
106
75
75
75
60
60
57
57
103
103
84
5
106
33
70
78
107
107
10
26
101
101
110
2
2
78
15
48
42
50
111
48
100
100
48
48
103
95
60
45
70
80
80
80
66
99
99
79
79
8
8
5
5
48
107
107
107
92
92
70
54
65
49
10
58
24
35
96
47
91
37
63
1
99
103
70
91
48
48
48
48
70
70
25
89
70
48
36
36
7
60
59
48
48
48
48
48
70
70
70
5
5
82
48