0
11
11
11
9
9
9
10
10
10
6
6
6
6
6
6
0
0
0
0
0
0
0
3
3
12
12
4
4
3
3
3
3
3
3
0
0
9
9
0
0
3
3
11
11
11
6
6
6
6
4
4
0
0
10
10
1
1
9
9
10
10
10
13
13
13
1
1
1
11
11
11
10
10
5
5
5
9
9
10
10
12
12
0
0
0
10
10
3
3
10
10
7
7
7
5
13
13
10
10
12
12
11
11
4
4
1
1
0
3
3
4
4
0
11
0
10
10
10
10
10
10
13
6
14
12
9
6
0
10
10
10
0
0
10
12
9
0
5
5
5
5
5
0
14
12
9
15
15
15
13
13
11
11
11
9
9
9
10
10
10
0
0
0
0
6
6
6
6
3
10
10
12
0
0
0
0
13
13
12
12
12
11
10
10
5
10
11
11
11
0
11
11
6
10
10
13
16
16
10
7
13
13
0
6
6
0
4
8
0
0
10
6
6
6
16
0
0
9
9
14
14
10
10
10
14
10
8
16
16
10
4
4
0
0
0
1
1
14
12
9
0
0
12
9
10
5
5
5
13
9
13
11
11
11
9
9
9
10
10
10
16
16
0
0
6
6
6
6
6
10
10
10
11
11
11
0
0
10
10
13
13
13
6
6
11
11
0
0
0
6
6
6
0
0
0
1
1
0
5
0
0
16
8
8
8
8
1
1
12
12
12
12
6
6
11
3
3
10
10
10
10
9
9
9
13
13
0
4
4
4
11
11
0
15
0
3
5
5
10
10
10
10
4
4
5
5
5
5
10
10
0
0
7
7
7
7
11
13
16
13
14
14
14
14
14
10
10
10
10
10
15
15
15
8
8
8
5
14
8
15
15
10
4
15
8
13
11
11
11
9
9
9
10
10
10
0
0
0
0
0
6
6
12
12
12
11
11
5
5
5
5
6
6
6
6
6
12
10
10
11
11
10
10
0
7
7
0
0
7
16
0
0
13
3
3
8
8
5
13
0
0
7
15
15
15
0
1
1
4
4
3
3
3
3
11
10
10
10
14
14
16
12
0
4
11
12
9
0
6
11
14
4
14
0
13
5
7
14
12
13
13
13
8
10
9
0
7
13
10
10
16
11
0
12
12
12
12
12