0
0
0
0
0
0
0
0
0
0
0
0
0
0
0
0
0
0
0
31
31
0
0
84
84
0
0
0
0
0
0
0
0
0
0
0
0
0
0
0
0
0
0
0
0
0
20
20
0
0
6
6
0
0
12
12
0
0
25
25
16
16
16
41
41
41
0
0
0
0
0
0
51
51
103
103
103
25
25
65
65
103
103
41
21
21
0
0
101
101
0
0
0
0
0
103
0
0
85
85
98
98
0
0
49
49
0
0
63
0
0
76
76
82
0
81
0
0
121
121
60
60
23
0
0
0
0
0
0
0
0
85
0
0
0
0
0
0
85
85
8
8
70
111
0
0
0
0
0
0
0
0
0
0
0
0
0
0
0
0
0
45
45
45
45
21
21
42
42
0
39
39
0
0
0
82
82
21
21
0
0
0
0
34
34
76
16
0
0
0
66
0
0
14
120
120
0
0
0
65
0
0
0
21
0
0
78
80
103
78
0
107
0
0
31
45
0
0
24
24
0
0
60
0
0
35
120
103
25
25
0
0
0
0
0
0
0
0
0
0
0
81
82
0
0
0
0
0
0
0
0
0
0
0
0
0
0
0
0
0
0
0
0
0
0
0
0
0
0
0
73
73
73
21
21
21
0
0
0
0
114
114
114
0
0
0
0
0
0
0
0
0
0
0
0
0
31
31
34
54
0
0
0
43
76
76
76
0
0
49
49
0
0
106
0
69
101
101
0
0
63
63
0
0
0
65
65
0
6
0
0
0
0
0
0
0
0
0
0
0
0
85
85
0
0
0
0
0
0
0
0
0
0
0
0
0
0
0
0
0
0
0
0
0
0
0
0
0
0
76
0
0
0
0
0
0
0
0
0
0
0
0
0
0
0
0
0
0
0
0
0
0
0
0
0
0
0
0
0
0
0
0
0
43
43
43
69
69
0
0
0
0
0
0
0
0
0
66
0
0
0
0
0
0
66
0
0
0
0
0
0
65
65
0
0
0
0
0
76
23
82
0
0
0
0
0
111
41
41
0
0
0
0
20
20
0
0
0
120
0
0
0
103
63
0
0
0
0
82
0
0
0
80
0
0
0
54
0
0
0
0
0
0
0
0
0
0
0
0
0
0
0
0
0
0
0
0
0
0
0
0
0
0
0
0
0