0.0
15.2
28.7
220.5
18.7
41.9
199.5
19.8
49.6
188.5
6.4
21.8
70.5
7.1
22.0
65.0
4.0
66.1
87.1
7.7
40.8
4.4
83.8
15.2
143.3
13.0
66.0
26.0
65.0
15.4
44.1
132.3
19.8
43.0
136.7
16.5
88.2
22.0
44.0
12.0
26.0
17.0
121.0
12.0
12.0
41.0
11.9
65.0
66.1
27.6
1.8
73.4
9.3
70.5
43.0
169.0
61.7
70.5
41.9
341.7
27.3
44.1
119.0
43.0
125.0
106.0
43.0
155.0
287.0
8.8
14.1
34.2
100
121
44
232
662
66.1
209.0
79.4
173.0
13.0
132.0
33.1
86.0
188.0
198.0
265.0
66.0
66.0
8.8
292.1
0.2
0.2
89.3
463.0
71.4
166.7
14.3
132.3
23.0
147.0
5.5
264.6
14.3
99.2
109.8
110.7
144.4
2.0
21.0
254.0
265.0
76.3
7.2
176.4
18.0
55.0
33.0
86.0
76.0
176.0
120.1
123.5
71.4
66.1
98.1
121.0
194.9
22.0
518.0
48.5
8.8
14.3
63.9
54.0
55.1
80.5
16.5
77.2
25.4
89.3
130.1
1041.1
122.1
116.0
132.3
7.3
36.4
463.0
269.0
8.8
14.1
34.8
221.6
17.4
41.9
175.3
20.9
55.1
195.8
13.2
71.6
46.7
89.9
23.8
78.5
18.7
73.9
165.3
26.0
50.0
4.0
6.6
2.0
3.3
7.1
4.0
33.0
17.2
29.3
135.6
13.0
18.0
63.0
83.8
74.7
1.1
2.2
6.6
25.4
4.0
18.7
83.8
18.7
165.3
58.4
59.5
4.6
175.3
2.2
11.0
63.0
91.0
15.9
277.3
15.9
142.9
881.8
17.2
107.4
8.6
260.1
45.2
120.0
61.7
19.4
277.3
77.0
121.0
14.3
123.0
11.0
26.5
62.8
35.3
485.0
112.0
23.8
77.2
336.0
74.0
265.0
71.6
157.0
127.9
16.3
105.8
13.2
51.8
47.2
166.4
103.2
392.4
436.5
412.3
158.7
335.1
445.3
476.2
138.7
11.0
11.0
47.6
115.1
5.5
43.0
114.6
16.8
61.7
180.6
30.0
81.6
38.6
71.6
7.9
22.0
62.6
25.4
69.7
5.7
71.6
121.3
8.8
61.7
131.4
5.1
43.7
20.9
61.7
14.6
44.5
106.7
3.7
7.9
9.9
86.4
52.9
102.5
287.7
12.1
26.5
2.6
35.9
89.3
185.2
190.5
559.5
4.4
213.8
24.3
71.9
24.3
25.4
132.3
264.6
793.7
24.7
69.4
33.5
88.6
9.3
9.3
39.0
39.0
4.4
22.7
176.4
45.9
195.8
286.6
877.4
52.9
485.0
177.2
67.5
157.6
11.0
33.1
33.7
180.8
113.1
170.6
2.6
45.4
88.8
115.7
370.4
339.5
4.2
52.0
25.4
72.3
47.4
238.1
52.5
133.2
27.6
150.4
16.3
357.1
1.8
48.5
5.1
27.6
33.1
67.5
220.5
2.2
103.6
30.9
37.0
565.5
87.1
193.1
332.0
115.7
59.5
49.8
51.6
19.2
92.8
243.6
226.2
209.9
446.4
1212.5
507.1
385.8
451.9
88.2
132.3
776.0
2094.4
455.2
2.4
134.0
22.5
214
683.5
14.0
48.5
121.0
11.5
50.8
186.3
4.4
34.2
55.0
44.0
69.4
5.0
56.2
21.0
67.2
92.6
2.6
32.0
69.4
226.0
125.7
329.6
7.5
14.3
51.4
12.1
84.9
8.6
65.0
73.9
7.3
20.5
13.9
65.9
44.8
2.6
33.1
12.1
73.4
9.7
60.2
8.6
96.6
1.3
42.3
83.8
133.4
412.3
33.0
28.6
53.8
4.0
238.1
45.2
123.5
209.4
231.0
44.5
119.0
109.1
661.4
26.5
135.6
50.7
97.9
59.5
15.4
53.9
145.5
111.3
298.7
75.0
396.8
308.6
623.5
283.5
305.6
149.9
83.8
113.5
56.2
57.1
93.5
641.5
75.0
114.6
749.6
235.0
58.6
0.7
0.7
0.7
0.7
1505.7
740.8
948.0
925.9
1653.5
188.7
6.8
3.1
111.3
4.6
705.5
0.7
0.7
0.7
0.7
0.7
134.0
134.0
134.0
14.3
14.3
4.6
188.7