0:0 50 50 50 50 50 50
1:0 45 49 49 45 65 65
2:0 60 62 63 60 80 80
3:0 80 82 83 80 100 100
4:0 39 52 43 65 60 50
5:0 58 64 58 80 80 65
6:0 78 84 78 100 109 85
7:0 44 48 65 43 50 64
8:0 59 63 80 58 65 80
9:0 79 83 100 78 85 105
10:0 45 30 35 45 20 20
11:0 50 20 55 30 25 25
12:0 60 45 50 70 80 80
13:0 40 35 30 50 20 20
14:0 45 25 50 35 25 25
15:0 65 80 40 75 45 80
16:0 40 45 40 56 35 35
17:0 63 60 55 71 50 50
18:0 83 80 75 91 70 70
19:0 30 56 35 72 25 35
20:0 55 81 60 97 50 70
21:0 40 60 30 70 31 31
22:0 65 90 65 100 61 61
23:0 35 60 44 55 40 54
24:0 60 85 69 80 65 79
25:0 35 55 30 90 50 40
26:0 60 90 55 100 90 80
27:0 50 75 85 40 20 30
28:0 75 100 110 65 45 55
29:0 55 47 52 41 40 40
30:0 70 62 67 56 55 55
31:0 90 82 87 76 75 85
32:0 46 57 40 50 40 40
33:0 61 72 57 65 55 55
34:0 81 92 77 85 85 75
35:0 70 45 48 35 60 65
36:0 95 70 73 60 85 90
37:0 38 41 40 65 50 65
38:0 73 76 75 100 81 100
39:0 115 45 20 20 45 25
40:0 140 70 45 45 75 50
41:0 40 45 35 55 30 40
42:0 75 80 70 90 65 75
43:0 45 50 55 30 75 65
44:0 60 65 70 40 85 75
45:0 75 80 85 50 100 90
46:0 35 70 55 25 45 55
47:0 60 95 80 30 60 80
48:0 60 55 50 45 40 55
49:0 70 65 60 90 90 75
50:0 10 55 25 95 35 45
51:0 35 80 50 120 50 70
52:0 40 45 35 90 40 40
53:0 65 70 60 115 65 65
54:0 50 52 48 55 65 50
55:0 80 82 78 85 95 80
56:0 40 80 35 70 35 45
57:0 65 105 60 95 60 70
58:0 55 70 45 60 70 50
59:0 90 110 80 95 100 80
60:0 40 50 40 90 40 40
61:0 65 65 65 90 50 50
62:0 90 85 95 70 70 90
63:0 25 20 15 90 105 55
64:0 40 35 30 105 120 70
65:0 55 50 45 120 135 85
66:0 70 80 50 35 35 35
67:0 80 100 70 45 50 60
68:0 90 130 80 55 65 85
69:0 50 75 35 40 70 30
70:0 65 90 50 55 85 45
71:0 80 105 65 70 100 60
72:0 40 40 35 70 50 100
73:0 80 70 65 100 80 120
74:0 40 80 100 20 30 30
75:0 55 95 115 35 45 45
76:0 80 110 130 45 55 65
77:0 50 85 55 90 65 65
78:0 65 100 70 105 80 80
79:0 90 65 65 15 40 40
80:0 95 75 110 30 100 80
81:0 25 35 70 45 95 55
82:0 50 60 95 70 120 70
83:0 52 65 55 60 58 62
84:0 35 85 45 75 35 35
85:0 60 110 70 100 60 60
86:0 65 45 55 45 45 70
87:0 90 70 80 70 70 95
88:0 80 80 50 25 40 50
89:0 105 105 75 50 65 100
90:0 30 65 100 40 45 25
91:0 50 95 180 70 85 45
92:0 30 35 30 80 100 35
93:0 45 50 45 95 115 55
94:0 60 65 60 110 130 75
95:0 35 45 160 70 30 45
96:0 60 48 45 42 43 90
97:0 85 73 70 67 73 115
98:0 30 105 90 50 25 25
99:0 55 130 115 75 50 50
100:0 40 30 50 100 55 55
101:0 60 50 70 140 80 80
102:0 60 40 80 40 60 45
103:0 95 95 85 55 125 65
104:0 50 50 95 35 40 50
105:0 60 80 110 45 50 80
106:0 50 120 53 87 35 110
107:0 50 105 79 76 35 110
108:0 90 55 75 30 60 75
109:0 40 65 95 35 60 45
110:0 65 90 120 60 85 70
111:0 80 85 95 25 30 30
112:0 105 130 120 40 45 45
113:0 250 5 5 50 35 105
114:0 65 55 115 60 100 40
115:0 105 95 80 90 40 80
116:0 30 40 70 60 70 25
117:0 55 65 95 85 95 45
118:0 45 67 60 63 35 50
119:0 80 92 65 68 65 80
120:0 30 45 55 85 70 55
121:0 60 75 85 115 100 85
122:0 40 45 65 90 100 120
123:0 70 110 80 105 55 80
124:0 65 50 35 95 115 95
125:0 65 83 57 105 95 85
126:0 65 95 57 93 100 85
127:0 65 125 100 85 55 70
128:0 75 100 95 110 40 70
129:0 20 10 55 80 15 20
130:0 95 125 79 81 60 100
131:0 130 85 80 60 85 95
132:0 48 48 48 48 48 48
133:0 55 55 50 55 45 65
134:0 130 65 60 65 110 95
135:0 65 65 60 130 110 95
136:0 65 130 60 65 95 110
137:0 65 60 70 40 85 75
138:0 35 40 100 35 90 55
139:0 70 60 125 55 115 70
140:0 30 80 90 55 55 45
141:0 60 115 105 80 65 70
142:0 80 105 65 130 60 75
143:0 160 110 65 30 65 110
144:0 90 85 100 85 95 125
145:0 90 90 85 100 125 90
146:0 90 100 90 90 125 85
147:0 41 64 45 50 50 50
148:0 61 84 65 70 70 70
149:0 91 134 95 80 100 100
150:0 106 110 90 130 154 90
151:0 100 100 100 100 100 100
152:0 45 49 65 45 49 65
153:0 60 62 80 60 63 80
154:0 80 82 100 80 83 100
155:0 39 52 43 65 60 50
156:0 58 64 58 80 80 65
157:0 78 84 78 100 109 85
158:0 50 65 64 43 44 48
159:0 65 80 80 58 59 63
160:0 85 105 100 78 79 83
161:0 35 46 34 20 35 45
162:0 85 76 64 90 45 55
163:0 60 30 30 50 36 56
164:0 100 50 50 70 76 96
165:0 40 20 30 55 40 80
166:0 55 35 50 85 55 110
167:0 40 60 40 30 40 40
168:0 70 90 70 40 60 60
169:0 85 90 80 130 70 80
170:0 75 38 38 67 56 56
171:0 125 58 58 67 76 76
172:0 20 40 15 60 35 35
173:0 50 25 28 15 45 55
174:0 90 30 15 15 40 20
175:0 35 20 65 20 40 65
176:0 55 40 85 40 80 105
177:0 40 50 45 70 70 45
178:0 65 75 70 95 95 70
179:0 55 40 40 35 65 45
180:0 70 55 55 45 80 60
181:0 90 75 75 55 115 90
182:0 75 80 85 50 90 100
183:0 70 20 50 40 20 50
184:0 100 50 80 50 50 80
185:0 70 100 115 30 30 65
186:0 90 75 75 70 90 100
187:0 35 35 40 50 35 55
188:0 55 45 50 80 45 65
189:0 75 55 70 110 55 85
190:0 55 70 55 85 40 55
191:0 30 30 30 30 30 30
192:0 75 75 55 30 105 85
193:0 65 65 45 95 75 45
194:0 55 45 45 15 25 25
195:0 95 85 85 35 65 65
196:0 65 65 60 110 130 95
197:0 95 65 110 65 60 130
198:0 60 85 42 91 85 42
199:0 95 75 80 30 100 110
200:0 60 60 60 85 85 85
201:0 48 72 48 48 72 48
202:0 190 33 58 33 33 58
203:0 70 80 65 85 90 65
204:0 50 65 90 15 35 35
205:0 75 90 140 40 60 60
206:0 100 70 70 45 65 65
207:0 65 75 105 85 35 65
208:0 75 85 200 30 55 65
209:0 60 80 50 30 40 40
210:0 90 120 75 45 60 60
211:0 65 95 75 85 55 55
212:0 70 130 100 65 55 80
213:0 20 10 230 5 10 230
214:0 80 125 75 85 40 95
215:0 55 95 55 115 35 75
216:0 60 80 50 40 50 50
217:0 90 130 75 55 75 75
218:0 40 40 40 20 70 40
219:0 50 50 120 30 80 80
220:0 50 50 40 50 30 30
221:0 100 100 80 50 60 60
222:0 55 55 85 35 65 85
223:0 35 65 35 65 65 35
224:0 75 105 75 45 105 75
225:0 45 55 45 75 65 45
226:0 65 40 70 70 80 140
227:0 65 80 140 70 40 70
228:0 45 60 30 65 80 50
229:0 75 90 50 95 110 80
230:0 75 95 95 85 95 95
231:0 90 60 60 40 40 40
232:0 90 120 120 50 60 60
233:0 85 80 90 60 105 95
234:0 73 95 62 85 85 65
235:0 55 20 35 75 20 45
236:0 35 35 35 35 35 35
237:0 50 95 95 70 35 110
238:0 45 30 15 65 85 65
239:0 45 63 37 95 65 55
240:0 45 75 37 83 70 55
241:0 95 80 105 100 40 70
242:0 255 10 10 55 75 135
243:0 90 85 75 115 115 100
244:0 115 115 85 100 90 75
245:0 100 75 115 85 90 115
246:0 50 64 50 41 45 50
247:0 70 84 70 51 65 70
248:0 100 134 110 61 95 100
249:0 106 90 130 110 90 154
250:0 106 130 90 90 110 154
251:0 100 100 100 100 100 100
252:0 40 45 35 70 65 55
253:0 50 65 45 95 85 65
254:0 70 85 65 120 105 85
255:0 45 60 40 45 70 50
256:0 60 85 60 55 85 60
257:0 80 120 70 80 110 70
258:0 50 70 50 40 50 50
259:0 70 85 70 50 60 70
260:0 100 110 90 60 85 90
261:0 35 55 35 35 30 30
262:0 70 90 70 70 60 60
263:0 38 30 41 60 30 41
264:0 78 70 61 100 50 61
265:0 45 45 35 20 20 30
266:0 50 35 55 15 25 25
267:0 60 70 50 65 90 50
268:0 50 35 55 15 25 25
269:0 60 50 70 65 50 90
270:0 40 30 30 30 40 50
271:0 60 50 50 50 60 70
272:0 80 70 70 70 90 100
273:0 40 40 50 30 30 30
274:0 70 70 40 60 60 40
275:0 90 100 60 80 90 60
276:0 40 55 30 85 30 30
277:0 60 85 60 125 50 50
278:0 40 30 30 85 55 30
279:0 60 50 100 65 85 70
280:0 28 25 25 40 45 35
281:0 38 35 35 50 65 55
282:0 68 65 65 80 125 115
283:0 40 30 32 65 50 52
284:0 70 60 62 60 80 82
285:0 60 40 60 35 40 60
286:0 60 130 80 70 60 60
287:0 60 60 60 30 35 35
288:0 80 80 80 90 55 55
289:0 150 160 100 100 95 65
290:0 31 45 90 40 30 30
291:0 61 90 45 160 50 50
292:0 1 90 45 40 30 30
293:0 64 51 23 28 51 23
294:0 84 71 43 48 71 43
295:0 104 91 63 68 91 63
296:0 72 60 30 25 20 30
297:0 144 120 60 50 40 60
298:0 50 20 40 20 20 40
299:0 30 45 135 30 45 90
300:0 50 45 45 50 35 35
301:0 70 65 65 70 55 55
302:0 50 75 75 50 65 65
303:0 50 85 85 50 55 55
304:0 50 70 100 30 40 40
305:0 60 90 140 40 50 50
306:0 70 110 180 50 60 60
307:0 30 40 55 60 40 55
308:0 60 60 75 80 60 75
309:0 40 45 40 65 65 40
310:0 70 75 60 105 105 60
311:0 60 50 40 95 85 75
312:0 60 40 50 95 75 85
313:0 65 73 55 85 47 75
314:0 65 47 55 85 73 75
315:0 50 60 45 65 100 80
316:0 70 43 53 40 43 53
317:0 100 73 83 55 73 83
318:0 45 90 20 65 65 20
319:0 70 120 40 95 95 40
320:0 130 70 35 60 70 35
321:0 170 90 45 60 90 45
322:0 60 60 40 35 65 45
323:0 70 100 70 40 105 75
324:0 70 85 140 20 85 70
325:0 60 25 35 60 70 80
326:0 80 45 65 80 90 110
327:0 60 60 60 60 60 60
328:0 45 100 45 10 45 45
329:0 50 70 50 70 50 50
330:0 80 100 80 100 80 80
331:0 50 85 40 35 85 40
332:0 70 115 60 55 115 60
333:0 45 40 60 50 40 75
334:0 75 70 90 80 70 105
335:0 73 115 60 90 60 60
336:0 73 100 60 65 100 60
337:0 70 55 65 70 95 85
338:0 70 95 85 70 55 65
339:0 50 48 43 60 46 41
340:0 110 78 73 60 76 71
341:0 43 80 65 35 50 35
342:0 63 120 85 55 90 55
343:0 40 40 55 55 40 70
344:0 60 70 105 75 70 120
345:0 66 41 77 23 61 87
346:0 86 81 97 43 81 107
347:0 45 95 50 75 40 50
348:0 75 125 100 45 70 80
349:0 20 15 20 80 10 55
350:0 95 60 79 81 100 125
351:0 70 70 70 70 70 70
352:0 60 90 70 40 60 120
353:0 44 75 35 45 63 33
354:0 64 115 65 65 83 63
355:0 20 40 90 25 30 90
356:0 40 70 130 25 60 130
357:0 99 68 83 51 72 87
358:0 65 50 70 65 95 80
359:0 65 130 60 75 75 60
360:0 95 23 48 23 23 48
361:0 50 50 50 50 50 50
362:0 80 80 80 80 80 80
363:0 70 40 50 25 55 50
364:0 90 60 70 45 75 70
365:0 110 80 90 65 95 90
366:0 35 64 85 32 74 55
367:0 55 104 105 52 94 75
368:0 55 84 105 52 114 75
369:0 100 90 130 55 45 65
370:0 43 30 55 97 40 65
371:0 45 75 60 50 40 30
372:0 65 95 100 50 60 50
373:0 95 135 80 100 110 80
374:0 40 55 80 30 35 60
375:0 60 75 100 50 55 80
376:0 80 135 130 70 95 90
377:0 80 100 200 50 50 100
378:0 80 50 100 50 100 200
379:0 80 75 150 50 75 150
380:0 80 80 90 110 110 130
381:0 80 90 80 110 130 110
382:0 100 100 90 90 150 140
383:0 100 150 140 90 100 90
384:0 105 150 90 95 150 90
385:0 100 100 100 100 100 100
386:0 50 150 50 150 150 50
386:1 50 180 20 150 180 20
386:2 50 70 160 90 70 160
386:3 50 95 90 180 95 90
387:0 55 68 64 31 45 55
388:0 75 89 85 36 55 65
389:0 95 109 105 56 75 85
390:0 44 58 44 61 58 44
391:0 64 78 52 81 78 52
392:0 76 104 71 108 104 71
393:0 53 51 53 40 61 56
394:0 64 66 68 50 81 76
395:0 84 86 88 60 111 101
396:0 40 55 30 60 30 30
397:0 55 75 50 80 40 40
398:0 85 120 70 100 50 50
399:0 59 45 40 31 35 40
400:0 79 85 60 71 55 60
401:0 37 25 41 25 25 41
402:0 77 85 51 65 55 51
403:0 45 65 34 45 40 34
404:0 60 85 49 60 60 49
405:0 80 120 79 70 95 79
406:0 40 30 35 55 50 70
407:0 60 70 55 90 125 105
408:0 67 125 40 58 30 30
409:0 97 165 60 58 65 50
410:0 30 42 118 30 42 88
411:0 60 52 168 30 47 138
412:0 40 29 45 36 29 45
413:0 60 59 85 36 79 105
413:1 60 79 105 36 59 85
413:2 60 69 95 36 69 95
414:0 70 94 50 66 94 50
415:0 30 30 42 70 30 42
416:0 70 80 102 40 80 102
417:0 60 45 70 95 45 90
418:0 55 65 35 85 60 30
419:0 85 105 55 115 85 50
420:0 45 35 45 35 62 53
421:0 70 60 70 85 87 78
422:0 76 48 48 34 57 62
423:0 111 83 68 39 92 82
424:0 75 100 66 115 60 66
425:0 90 50 34 70 60 44
426:0 150 80 44 80 90 54
427:0 55 66 44 85 44 56
428:0 65 76 84 105 54 96
429:0 60 60 60 105 105 105
430:0 100 125 52 71 105 52
431:0 49 55 42 85 42 37
432:0 71 82 64 112 64 59
433:0 45 30 50 45 65 50
434:0 63 63 47 74 41 41
435:0 103 93 67 84 71 61
436:0 57 24 86 23 24 86
437:0 67 89 116 33 79 116
438:0 50 80 95 10 10 45
439:0 20 25 45 60 70 90
440:0 100 5 5 30 15 65
441:0 76 65 45 91 92 42
442:0 50 92 108 35 92 108
443:0 58 70 45 42 40 45
444:0 68 90 65 82 50 55
445:0 108 130 95 102 80 85
446:0 135 85 40 5 40 85
447:0 40 70 40 60 35 40
448:0 70 110 70 90 115 70
449:0 68 72 78 32 38 42
450:0 108 112 118 47 68 72
451:0 40 50 90 65 30 55
452:0 70 90 110 95 60 75
453:0 48 61 40 50 61 40
454:0 83 106 65 85 86 65
455:0 74 100 72 46 90 72
456:0 49 49 56 66 49 61
457:0 69 69 76 91 69 86
458:0 45 20 50 50 60 120
459:0 60 62 50 40 62 60
460:0 90 92 75 60 92 85
461:0 70 120 65 125 45 85
462:0 70 70 115 60 130 90
463:0 110 85 95 50 80 95
464:0 115 140 130 40 55 55
465:0 100 100 125 50 110 50
466:0 75 123 67 95 95 85
467:0 75 95 67 83 125 95
468:0 85 50 95 80 120 115
469:0 86 76 86 95 116 56
470:0 65 110 130 95 60 65
471:0 65 60 110 65 130 95
472:0 75 95 125 95 45 75
473:0 110 130 80 80 70 60
474:0 85 80 70 90 135 75
475:0 68 125 65 80 65 115
476:0 60 55 145 40 75 150
477:0 45 100 135 45 65 135
478:0 70 80 70 110 80 70
479:0 50 50 77 91 95 77
479:1 50 65 107 86 105 107
479:2 50 65 107 86 105 107
479:3 50 65 107 86 105 107
479:4 50 65 107 86 105 107
479:5 50 65 107 86 105 107
480:0 75 75 130 95 75 130
481:0 80 105 105 80 105 105
482:0 75 125 70 115 125 70
483:0 100 120 120 90 150 100
484:0 90 120 100 100 150 120
485:0 91 90 106 77 130 106
486:0 110 160 110 100 80 110
487:0 150 100 120 90 100 120
487:1 150 120 100 90 120 100
488:0 120 70 120 85 75 130
489:0 80 80 80 80 80 80
490:0 100 100 100 100 100 100
491:0 70 90 90 125 135 90
492:0 100 100 100 100 100 100
492:1 100 103 75 127 120 75
493:0 120 120 120 120 120 120
494:0 100 100 100 100 100 100
495:0 45 45 55 63 45 55
496:0 60 60 75 83 60 75
497:0 75 75 95 113 75 95
498:0 65 63 45 45 45 45
499:0 90 93 55 55 70 55
500:0 110 123 65 65 100 65
501:0 55 55 45 45 63 45
502:0 75 75 60 60 83 60
503:0 95 100 85 70 108 70
504:0 45 55 39 42 35 39
505:0 60 85 69 77 60 69
506:0 45 60 45 55 25 45
507:0 65 80 65 60 35 65
508:0 85 100 90 80 45 90
509:0 41 50 37 66 50 37
510:0 64 88 50 106 88 50
511:0 50 53 48 64 53 48
512:0 75 98 63 101 98 63
513:0 50 53 48 64 53 48
514:0 75 98 63 101 98 63
515:0 50 53 48 64 53 48
516:0 75 98 63 101 98 63
517:0 76 25 45 24 67 55
518:0 116 55 85 29 107 95
519:0 50 55 50 43 36 30
520:0 62 77 62 65 50 42
521:0 80 105 80 93 65 55
522:0 45 60 32 76 50 32
523:0 75 100 63 116 80 63
524:0 55 75 85 15 25 25
525:0 70 105 105 20 50 40
526:0 85 135 130 25 60 70
527:0 55 45 43 72 55 43
528:0 67 57 55 114 77 55
529:0 60 85 40 68 30 45
530:0 110 135 60 88 50 65
531:0 103 60 86 50 60 86
532:0 75 80 55 35 25 35
533:0 85 105 85 40 40 50
534:0 105 140 95 45 55 65
535:0 50 50 40 64 50 40
536:0 75 65 55 69 65 55
537:0 105 85 75 74 85 75
538:0 120 100 85 45 30 85
539:0 75 125 75 85 30 75
540:0 45 53 70 42 40 60
541:0 55 63 90 42 50 80
542:0 75 103 80 92 70 70
543:0 30 45 59 57 30 39
544:0 40 55 99 47 40 79
545:0 60 90 89 112 55 69
546:0 40 27 60 66 37 50
547:0 60 67 85 116 77 75
548:0 45 35 50 30 70 50
549:0 70 60 75 90 110 75
550:0 70 92 65 98 80 55
551:0 50 72 35 65 35 35
552:0 60 82 45 74 45 45
553:0 95 117 70 92 65 70
554:0 70 90 45 50 15 45
555:0 105 140 55 95 30 55
556:0 75 86 67 60 106 67
557:0 50 65 85 55 35 35
558:0 70 95 125 45 65 75
559:0 50 75 70 48 35 70
560:0 65 90 115 58 45 115
561:0 72 58 80 97 103 80
562:0 38 30 85 30 55 65
563:0 58 50 145 30 95 105
564:0 54 78 103 22 53 45
565:0 74 108 133 32 83 65
566:0 55 112 45 70 74 45
567:0 75 140 65 110 112 65
568:0 50 50 62 65 40 62
569:0 80 95 82 75 60 82
570:0 40 65 40 65 80 40
571:0 60 105 60 105 120 60
572:0 55 50 40 75 40 40
573:0 75 95 60 115 65 60
574:0 45 30 50 45 55 65
575:0 60 45 70 55 75 85
576:0 70 55 95 65 95 110
577:0 45 30 40 20 105 50
578:0 65 40 50 30 125 60
579:0 110 65 75 30 125 85
580:0 62 44 50 55 44 50
581:0 75 87 63 98 87 63
582:0 36 50 50 44 65 60
583:0 51 65 65 59 80 75
584:0 71 95 85 79 110 95
585:0 60 60 50 75 40 50
586:0 80 100 70 95 60 70
587:0 55 75 60 103 75 60
588:0 50 75 45 60 40 45
589:0 70 135 105 20 60 105
590:0 69 55 45 15 55 55
591:0 114 85 70 30 85 80
592:0 55 40 50 40 65 85
593:0 100 60 70 60 85 105
594:0 165 75 80 65 40 45
595:0 50 47 50 65 57 50
596:0 70 77 60 108 97 60
597:0 44 50 91 10 24 86
598:0 74 94 131 20 54 116
599:0 40 55 70 30 45 60
600:0 60 80 95 50 70 85
601:0 60 100 115 90 70 85
602:0 35 55 40 60 45 40
603:0 65 85 70 40 75 70
604:0 85 115 80 50 105 80
605:0 55 55 55 30 85 55
606:0 75 75 75 40 125 95
607:0 50 30 55 20 65 55
608:0 60 40 60 55 95 60
609:0 60 55 90 80 145 90
610:0 46 87 60 57 30 40
611:0 66 117 70 67 40 50
612:0 76 147 90 97 60 70
613:0 55 70 40 40 60 40
614:0 95 110 80 50 70 80
615:0 70 50 30 105 95 135
616:0 50 40 85 25 40 65
617:0 80 70 40 145 100 60
618:0 109 66 84 32 81 99
619:0 45 85 50 65 55 50
620:0 65 125 60 105 95 60
621:0 77 120 90 48 60 90
622:0 59 74 50 35 35 50
623:0 89 124 80 55 55 80
624:0 45 85 70 60 40 40
625:0 65 125 100 70 60 70
626:0 95 110 95 55 40 95
627:0 70 83 50 60 37 50
628:0 100 123 75 80 57 75
629:0 70 55 75 60 45 65
630:0 110 65 105 80 55 95
631:0 85 97 66 65 105 66
632:0 58 109 112 109 48 48
633:0 52 65 50 38 45 50
634:0 72 85 70 58 65 70
635:0 92 105 90 98 125 90
636:0 55 85 55 60 50 55
637:0 85 60 65 100 135 105
638:0 91 90 129 108 90 72
639:0 91 129 90 108 72 90
640:0 91 90 72 108 90 129
641:0 79 115 70 111 125 80
642:0 79 115 70 111 125 80
643:0 100 120 100 90 150 120
644:0 100 150 120 90 120 100
645:0 89 125 90 101 115 80
646:0 125 130 90 95 130 90
647:0 91 72 90 108 129 90
648:0 100 77 77 90 128 128
649:0 71 120 95 99 120 95