0:0 50 50 50 50 50 50
1:0 45 49 49 65 65 45
2:0 60 62 63 80 80 60
3:0 80 82 83 100 100 80
3:1 80 100 123 122 120 80
4:0 39 52 43 60 50 65
5:0 58 64 58 80 65 80
6:0 78 84 78 109 85 100
6:1 78 130 111 130 85 100
6:2 78 104 78 159 115 100
7:0 44 48 65 50 64 43
8:0 59 63 80 65 80 58
9:0 79 83 100 85 105 78
9:1 79 103 120 135 115 78
10:0 45 30 35 20 20 45
11:0 50 20 55 25 25 30
12:0 60 45 50 80 80 70
13:0 40 35 30 20 20 50
14:0 45 25 50 25 25 35
15:0 65 80 40 45 80 75
16:0 40 45 40 35 35 56
17:0 63 60 55 50 50 71
18:0 83 80 75 70 70 91
19:0 30 56 35 25 35 72
20:0 55 81 60 50 70 97
21:0 40 60 30 31 31 70
22:0 65 90 65 61 61 100
23:0 35 60 44 40 54 55
24:0 60 85 69 65 79 80
25:0 35 55 30 50 40 90
26:0 60 90 55 90 80 100
27:0 50 75 85 20 30 40
28:0 75 100 110 45 55 65
29:0 55 47 52 40 40 41
30:0 70 62 67 55 55 56
31:0 90 82 87 75 85 76
32:0 46 57 40 40 40 50
33:0 61 72 57 55 55 65
34:0 81 92 77 85 75 85
35:0 70 45 48 60 65 35
36:0 95 70 73 85 90 60
37:0 38 41 40 50 65 65
38:0 73 76 75 81 100 100
39:0 115 45 20 45 25 20
40:0 140 70 45 75 50 45
41:0 40 45 35 30 40 55
42:0 75 80 70 65 75 90
43:0 45 50 55 75 65 30
44:0 60 65 70 85 75 40
45:0 75 80 85 100 90 50
46:0 35 70 55 45 55 25
47:0 60 95 80 60 80 30
48:0 60 55 50 40 55 45
49:0 70 65 60 90 75 90
50:0 10 55 25 35 45 95
51:0 35 80 50 50 70 120
52:0 40 45 35 40 40 90
53:0 65 70 60 65 65 115
54:0 50 52 48 65 50 55
55:0 80 82 78 95 80 85
56:0 40 80 35 35 45 70
57:0 65 105 60 60 70 95
58:0 55 70 45 70 50 60
59:0 90 110 80 100 80 95
60:0 40 50 40 40 40 90
61:0 65 65 65 50 50 90
62:0 90 85 95 70 90 70
63:0 25 20 15 105 55 90
64:0 40 35 30 120 70 105
65:0 55 50 45 135 85 120
65:1 55 50 65 175 95 150
66:0 70 80 50 35 35 35
67:0 80 100 70 50 60 45
68:0 90 130 80 65 85 55
69:0 50 75 35 70 30 40
70:0 65 90 50 85 45 55
71:0 80 105 65 100 60 70
72:0 40 40 35 50 100 70
73:0 80 70 65 80 120 100
74:0 40 80 100 30 30 20
75:0 55 95 115 45 45 35
76:0 80 110 130 55 65 45
77:0 50 85 55 65 65 90
78:0 65 100 70 80 80 105
79:0 90 65 65 40 40 15
80:0 95 75 110 100 80 30
81:0 25 35 70 95 55 45
82:0 50 60 95 120 70 70
83:0 52 65 55 58 62 60
84:0 35 85 45 35 35 75
85:0 60 110 70 60 60 100
86:0 65 45 55 45 70 45
87:0 90 70 80 70 95 70
88:0 80 80 50 40 50 25
89:0 105 105 75 65 100 50
90:0 30 65 100 45 25 40
91:0 50 95 180 85 45 70
92:0 30 35 30 100 35 80
93:0 45 50 45 115 55 95
94:0 60 65 60 130 75 110
94:1 60 65 80 170 95 130
95:0 35 45 160 30 45 70
96:0 60 48 45 43 90 42
97:0 85 73 70 73 115 67
98:0 30 105 90 25 25 50
99:0 55 130 115 50 50 75
100:0 40 30 50 55 55 100
101:0 60 50 70 80 80 140
102:0 60 40 80 60 45 40
103:0 95 95 85 125 65 55
104:0 50 50 95 40 50 35
105:0 60 80 110 50 80 45
106:0 50 120 53 35 110 87
107:0 50 105 79 35 110 76
108:0 90 55 75 60 75 30
109:0 40 65 95 60 45 35
110:0 65 90 120 85 70 60
111:0 80 85 95 30 30 25
112:0 105 130 120 45 45 40
113:0 250 5 5 35 105 50
114:0 65 55 115 100 40 60
115:0 105 95 80 40 80 90
115:1 105 125 100 60 100 100
116:0 30 40 70 70 25 60
117:0 55 65 95 95 45 85
118:0 45 67 60 35 50 63
119:0 80 92 65 65 80 68
120:0 30 45 55 70 55 85
121:0 60 75 85 100 85 115
122:0 40 45 65 100 120 90
123:0 70 110 80 55 80 105
124:0 65 50 35 115 95 95
125:0 65 83 57 95 85 105
126:0 65 95 57 100 85 93
127:0 65 125 100 55 70 85
127:1 65 155 120 65 90 105
128:0 75 100 95 40 70 110
129:0 20 10 55 15 20 80
130:0 95 125 79 60 100 81
130:1 95 155 109 70 130 81
131:0 130 85 80 85 95 60
132:0 48 48 48 48 48 48
133:0 55 55 50 45 65 55
134:0 130 65 60 110 95 65
135:0 65 65 60 110 95 130
136:0 65 130 60 95 110 65
137:0 65 60 70 85 75 40
138:0 35 40 100 90 55 35
139:0 70 60 125 115 70 55
140:0 30 80 90 55 45 55
141:0 60 115 105 65 70 80
142:0 80 105 65 60 75 130
142:1 80 135 85 70 95 150
143:0 160 110 65 65 110 30
144:0 90 85 100 95 125 85
145:0 90 90 85 125 90 100
146:0 90 100 90 125 85 90
147:0 41 64 45 50 50 50
148:0 61 84 65 70 70 70
149:0 91 134 95 100 100 80
150:0 106 110 90 154 90 130
150:1 106 190 100 154 100 130
150:2 106 150 70 194 120 140
151:0 100 100 100 100 100 100
152:0 45 49 65 49 65 45
153:0 60 62 80 63 80 60
154:0 80 82 100 83 100 80
155:0 39 52 43 60 50 65
156:0 58 64 58 80 65 80
157:0 78 84 78 109 85 100
158:0 50 65 64 44 48 43
159:0 65 80 80 59 63 58
160:0 85 105 100 79 83 78
161:0 35 46 34 35 45 20
162:0 85 76 64 45 55 90
163:0 60 30 30 36 56 50
164:0 100 50 50 76 96 70
165:0 40 20 30 40 80 55
166:0 55 35 50 55 110 85
167:0 40 60 40 40 40 30
168:0 70 90 70 60 60 40
169:0 85 90 80 70 80 130
170:0 75 38 38 56 56 67
171:0 125 58 58 76 76 67
172:0 20 40 15 35 35 60
173:0 50 25 28 45 55 15
174:0 90 30 15 40 20 15
175:0 35 20 65 40 65 20
176:0 55 40 85 80 105 40
177:0 40 50 45 70 45 70
178:0 65 75 70 95 70 95
179:0 55 40 40 65 45 35
180:0 70 55 55 80 60 45
181:0 90 75 75 115 90 55
181:1 90 95 105 165 110 45
182:0 75 80 85 90 100 50
183:0 70 20 50 20 50 40
184:0 100 50 80 50 80 50
185:0 70 100 115 30 65 30
186:0 90 75 75 90 100 70
187:0 35 35 40 35 55 50
188:0 55 45 50 45 65 80
189:0 75 55 70 55 85 110
190:0 55 70 55 40 55 85
191:0 30 30 30 30 30 30
192:0 75 75 55 105 85 30
193:0 65 65 45 75 45 95
194:0 55 45 45 25 25 15
195:0 95 85 85 65 65 35
196:0 65 65 60 130 95 110
197:0 95 65 110 60 130 65
198:0 60 85 42 85 42 91
199:0 95 75 80 100 110 30
200:0 60 60 60 85 85 85
201:0 48 72 48 72 48 48
202:0 190 33 58 33 58 33
203:0 70 80 65 90 65 85
204:0 50 65 90 35 35 15
205:0 75 90 140 60 60 40
206:0 100 70 70 65 65 45
207:0 65 75 105 35 65 85
208:0 75 85 200 55 65 30
209:0 60 80 50 40 40 30
210:0 90 120 75 60 60 45
211:0 65 95 75 55 55 85
212:0 70 130 100 55 80 65
212:1 70 150 140 65 100 75
213:0 20 10 230 10 230 5
214:0 80 125 75 40 95 85
214:1 80 185 115 40 105 75
215:0 55 95 55 35 75 115
216:0 60 80 50 50 50 40
217:0 90 130 75 75 75 55
218:0 40 40 40 70 40 20
219:0 50 50 120 80 80 30
220:0 50 50 40 30 30 50
221:0 100 100 80 60 60 50
222:0 55 55 85 65 85 35
223:0 35 65 35 65 35 65
224:0 75 105 75 105 75 45
225:0 45 55 45 65 45 75
226:0 65 40 70 80 140 70
227:0 65 80 140 40 70 70
228:0 45 60 30 80 50 65
229:0 75 90 50 110 80 95
229:1 75 90 90 140 90 115
230:0 75 95 95 95 95 85
231:0 90 60 60 40 40 40
232:0 90 120 120 60 60 50
233:0 85 80 90 105 95 60
234:0 73 95 62 85 65 85
235:0 55 20 35 20 45 75
236:0 35 35 35 35 35 35
237:0 50 95 95 35 110 70
238:0 45 30 15 85 65 65
239:0 45 63 37 65 55 95
240:0 45 75 37 70 55 83
241:0 95 80 105 40 70 100
242:0 255 10 10 75 135 55
243:0 90 85 75 115 100 115
244:0 115 115 85 90 75 100
245:0 100 75 115 90 115 85
246:0 50 64 50 45 50 41
247:0 70 84 70 65 70 51
248:0 100 134 110 95 100 61
248:1 100 164 150 95 120 71
249:0 106 90 130 90 154 110
250:0 106 130 90 110 154 90
251:0 100 100 100 100 100 100
252:0 40 45 35 65 55 70
253:0 50 65 45 85 65 95
254:0 70 85 65 105 85 120
255:0 45 60 40 70 50 45
256:0 60 85 60 85 60 55
257:0 80 120 70 110 70 80
257:1 80 160 80 130 80 100
258:0 50 70 50 50 50 40
259:0 70 85 70 60 70 50
260:0 100 110 90 85 90 60
261:0 35 55 35 30 30 35
262:0 70 90 70 60 60 70
263:0 38 30 41 30 41 60
264:0 78 70 61 50 61 100
265:0 45 45 35 20 30 20
266:0 50 35 55 25 25 15
267:0 60 70 50 90 50 65
268:0 50 35 55 25 25 15
269:0 60 50 70 50 90 65
270:0 40 30 30 40 50 30
271:0 60 50 50 60 70 50
272:0 80 70 70 90 100 70
273:0 40 40 50 30 30 30
274:0 70 70 40 60 40 60
275:0 90 100 60 90 60 80
276:0 40 55 30 30 30 85
277:0 60 85 60 50 50 125
278:0 40 30 30 55 30 85
279:0 60 50 100 85 70 65
280:0 28 25 25 45 35 40
281:0 38 35 35 65 55 50
282:0 68 65 65 125 115 80
282:1 68 85 65 165 135 100
283:0 40 30 32 50 52 65
284:0 70 60 62 80 82 60
285:0 60 40 60 40 60 35
286:0 60 130 80 60 60 70
287:0 60 60 60 35 35 30
288:0 80 80 80 55 55 90
289:0 150 160 100 95 65 100
290:0 31 45 90 30 30 40
291:0 61 90 45 50 50 160
292:0 1 90 45 30 30 40
293:0 64 51 23 51 23 28
294:0 84 71 43 71 43 48
295:0 104 91 63 91 63 68
296:0 72 60 30 20 30 25
297:0 144 120 60 40 60 50
298:0 50 20 40 20 40 20
299:0 30 45 135 45 90 30
300:0 50 45 45 35 35 50
301:0 70 65 65 55 55 70
302:0 50 75 75 65 65 50
303:0 50 85 85 55 55 50
303:1 50 105 125 55 95 50 
304:0 50 70 100 40 40 30
305:0 60 90 140 50 50 40
306:0 70 110 180 60 60 50
306:1 70 140 230 60 80 50
307:0 30 40 55 40 55 60
308:0 60 60 75 60 75 80
308:1 60 100 85 80 85 100
309:0 40 45 40 65 40 65
310:0 70 75 60 105 60 105
310:1 70 75 80 135 80 135
311:0 60 50 40 85 75 95
312:0 60 40 50 75 85 95
313:0 65 73 55 47 75 85
314:0 65 47 55 73 75 85
315:0 50 60 45 100 80 65
316:0 70 43 53 43 53 40
317:0 100 73 83 73 83 55
318:0 45 90 20 65 20 65
319:0 70 120 40 95 40 95
320:0 130 70 35 70 35 60
321:0 170 90 45 90 45 60
322:0 60 60 40 65 45 35
323:0 70 100 70 105 75 40
324:0 70 85 140 85 70 20
325:0 60 25 35 70 80 60
326:0 80 45 65 90 110 80
327:0 60 60 60 60 60 60
328:0 45 100 45 45 45 10
329:0 50 70 50 50 50 70
330:0 80 100 80 80 80 100
331:0 50 85 40 85 40 35
332:0 70 115 60 115 60 55
333:0 45 40 60 40 75 50
334:0 75 70 90 70 105 80
335:0 73 115 60 60 60 90
336:0 73 100 60 100 60 65
337:0 70 55 65 95 85 70
338:0 70 95 85 55 65 70
339:0 50 48 43 46 41 60
340:0 110 78 73 76 71 60
341:0 43 80 65 50 35 35
342:0 63 120 85 90 55 55
343:0 40 40 55 40 70 55
344:0 60 70 105 70 120 75
345:0 66 41 77 61 87 23
346:0 86 81 97 81 107 43
347:0 45 95 50 40 50 75
348:0 75 125 100 70 80 45
448:1 70 150 70 145 70 120
349:0 20 15 20 10 55 80
350:0 95 60 79 100 125 81
351:0 70 70 70 70 70 70
352:0 60 90 70 60 120 40
353:0 44 75 35 63 33 45
354:0 64 115 65 83 63 65
354:1 64 165 75 93 83 75
355:0 20 40 90 30 90 25
356:0 40 70 130 60 130 25
357:0 99 68 83 72 87 51
358:0 65 50 70 95 80 65
359:0 65 130 60 75 60 75
359:1 65 150 60 115 60 115
360:0 95 23 48 23 48 23
361:0 50 50 50 50 50 50
362:0 80 80 80 80 80 80
363:0 70 40 50 55 50 25
364:0 90 60 70 75 70 45
365:0 110 80 90 95 90 65
366:0 35 64 85 74 55 32
367:0 55 104 105 94 75 52
368:0 55 84 105 114 75 52
369:0 100 90 130 45 65 55
370:0 43 30 55 40 65 97
371:0 45 75 60 40 30 50
372:0 65 95 100 60 50 50
373:0 95 135 80 110 80 100
374:0 40 55 80 35 60 30
375:0 60 75 100 55 80 50
376:0 80 135 130 95 90 70
377:0 80 100 200 50 100 50
378:0 80 50 100 100 200 50
379:0 80 75 150 75 150 50
380:0 80 80 90 110 130 110
381:0 80 90 80 130 110 110
382:0 100 100 90 150 140 90
383:0 100 150 140 100 90 90
384:0 105 150 90 150 90 95
385:0 100 100 100 100 100 100
386:0 50 150 50 150 50 150
386:1 50 180 20 180 20 150
386:2 50 70 160 70 160 90
386:3 50 95 90 95 90 180
387:0 55 68 64 45 55 31
388:0 75 89 85 55 65 36
389:0 95 109 105 75 85 56
390:0 44 58 44 58 44 61
391:0 64 78 52 78 52 81
392:0 76 104 71 104 71 108
393:0 53 51 53 61 56 40
394:0 64 66 68 81 76 50
395:0 84 86 88 111 101 60
396:0 40 55 30 30 30 60
397:0 55 75 50 40 40 80
398:0 85 120 70 50 50 100
399:0 59 45 40 35 40 31
400:0 79 85 60 55 60 71
401:0 37 25 41 25 41 25
402:0 77 85 51 55 51 65
403:0 45 65 34 40 34 45
404:0 60 85 49 60 49 60
405:0 80 120 79 95 79 70
406:0 40 30 35 50 70 55
407:0 60 70 55 125 105 90
408:0 67 125 40 30 30 58
409:0 97 165 60 65 50 58
410:0 30 42 118 42 88 30
411:0 60 52 168 47 138 30
412:0 40 29 45 29 45 36
413:0 60 59 85 79 105 36
413:1 60 79 105 59 85 36
413:2 60 69 95 69 95 36
414:0 70 94 50 94 50 66
415:0 30 30 42 30 42 70
416:0 70 80 102 80 102 40
417:0 60 45 70 45 90 95
418:0 55 65 35 60 30 85
419:0 85 105 55 85 50 115
420:0 45 35 45 62 53 35
421:0 70 60 70 87 78 85
422:0 76 48 48 57 62 34
423:0 111 83 68 92 82 39
424:0 75 100 66 60 66 115
425:0 90 50 34 60 44 70
426:0 150 80 44 90 54 80
427:0 55 66 44 44 56 85
428:0 65 76 84 54 96 105
429:0 60 60 60 105 105 105
430:0 100 125 52 105 52 71
431:0 49 55 42 42 37 85
432:0 71 82 64 64 59 112
433:0 45 30 50 65 50 45
434:0 63 63 47 41 41 74
435:0 103 93 67 71 61 84
436:0 57 24 86 24 86 23
437:0 67 89 116 79 116 33
438:0 50 80 95 10 45 10
439:0 20 25 45 70 90 60
440:0 100 5 5 15 65 30
441:0 76 65 45 92 42 91
442:0 50 92 108 92 108 35
443:0 58 70 45 40 45 42
444:0 68 90 65 50 55 82
445:0 108 130 95 80 85 102
445:1 108 170 115 120 95 92
446:0 135 85 40 40 85 5
447:0 40 70 40 35 40 60
448:0 70 110 70 115 70 90
448:1 70 145 88 140 70 112
449:0 68 72 78 38 42 32
450:0 108 112 118 68 72 47
451:0 40 50 90 30 55 65
452:0 70 90 110 60 75 95
453:0 48 61 40 61 40 50
454:0 83 106 65 86 65 85
455:0 74 100 72 90 72 46
456:0 49 49 56 49 61 66
457:0 69 69 76 69 86 91
458:0 45 20 50 60 120 50
459:0 60 62 50 62 60 40
460:0 90 92 75 92 85 60
460:1 90 132 105 132 105 30
461:0 70 120 65 45 85 125
462:0 70 70 115 130 90 60
463:0 110 85 95 80 95 50
464:0 115 140 130 55 55 40
465:0 100 100 125 110 50 50
466:0 75 123 67 95 85 95
467:0 75 95 67 125 95 83
468:0 85 50 95 120 115 80
469:0 86 76 86 116 56 95
470:0 65 110 130 60 65 95
471:0 65 60 110 130 95 65
472:0 75 95 125 45 75 95
473:0 110 130 80 70 60 80
474:0 85 80 70 135 75 90
475:0 68 125 65 65 115 80
476:0 60 55 145 75 150 40
477:0 45 100 135 65 135 45
478:0 70 80 70 80 70 110
479:0 50 50 77 95 77 91
479:1 50 65 107 105 107 86
479:2 50 65 107 105 107 86
479:3 50 65 107 105 107 86
479:4 50 65 107 105 107 86
479:5 50 65 107 105 107 86
480:0 75 75 130 75 130 95
481:0 80 105 105 105 105 80
482:0 75 125 70 125 70 115
483:0 100 120 120 150 100 90
484:0 90 120 100 150 120 100
485:0 91 90 106 130 106 77
486:0 110 160 110 80 110 100
487:0 150 100 120 100 120 90
487:1 150 120 100 120 100 90
488:0 120 70 120 75 130 85
489:0 80 80 80 80 80 80
490:0 100 100 100 100 100 100
491:0 70 90 90 135 90 125
492:0 100 100 100 100 100 100
492:1 100 103 75 120 75 127
493:0 120 120 120 120 120 120
494:0 100 100 100 100 100 100
495:0 45 45 55 45 55 63
496:0 60 60 75 60 75 83
497:0 75 75 95 75 95 113
498:0 65 63 45 45 45 45
499:0 90 93 55 70 55 55
500:0 110 123 65 100 65 65
501:0 55 55 45 63 45 45
502:0 75 75 60 83 60 60
503:0 95 100 85 108 70 70
504:0 45 55 39 35 39 42
505:0 60 85 69 60 69 77
506:0 45 60 45 25 45 55
507:0 65 80 65 35 65 60
508:0 85 100 90 45 90 80
509:0 41 50 37 50 37 66
510:0 64 88 50 88 50 106
511:0 50 53 48 53 48 64
512:0 75 98 63 98 63 101
513:0 50 53 48 53 48 64
514:0 75 98 63 98 63 101
515:0 50 53 48 53 48 64
516:0 75 98 63 98 63 101
517:0 76 25 45 67 55 24
518:0 116 55 85 107 95 29
519:0 50 55 50 36 30 43
520:0 62 77 62 50 42 65
521:0 80 105 80 65 55 93
522:0 45 60 32 50 32 76
523:0 75 100 63 80 63 116
524:0 55 75 85 25 25 15
525:0 70 105 105 50 40 20
526:0 85 135 130 60 70 25
527:0 55 45 43 55 43 72
528:0 67 57 55 77 55 114
529:0 60 85 40 30 45 68
530:0 110 135 60 50 65 88
531:0 103 60 86 60 86 50
532:0 75 80 55 25 35 35
533:0 85 105 85 40 50 40
534:0 105 140 95 55 65 45
535:0 50 50 40 50 40 64
536:0 75 65 55 65 55 69
537:0 105 85 75 85 75 74
538:0 120 100 85 30 85 45
539:0 75 125 75 30 75 85
540:0 45 53 70 40 60 42
541:0 55 63 90 50 80 42
542:0 75 103 80 70 70 92
543:0 30 45 59 30 39 57
544:0 40 55 99 40 79 47
545:0 60 90 89 55 69 112
546:0 40 27 60 37 50 66
547:0 60 67 85 77 75 116
548:0 45 35 50 70 50 30
549:0 70 60 75 110 75 90
550:0 70 92 65 80 55 98
551:0 50 72 35 35 35 65
552:0 60 82 45 45 45 74
553:0 95 117 70 65 70 92
554:0 70 90 45 15 45 50
555:0 105 140 55 30 55 95
555:1 105 30 105 140 105 55
556:0 75 86 67 106 67 60
557:0 50 65 85 35 35 55
558:0 70 95 125 65 75 45
559:0 50 75 70 35 70 48
560:0 65 90 115 45 115 58
561:0 72 58 80 103 80 97
562:0 38 30 85 55 65 30
563:0 58 50 145 95 105 30
564:0 54 78 103 53 45 22
565:0 74 108 133 83 65 32
566:0 55 112 45 74 45 70
567:0 75 140 65 112 65 110
568:0 50 50 62 40 62 65
569:0 80 95 82 60 82 75
570:0 40 65 40 80 40 65
571:0 60 105 60 120 60 105
572:0 55 50 40 40 40 75
573:0 75 95 60 65 60 115
574:0 45 30 50 55 65 45
575:0 60 45 70 75 85 55
576:0 70 55 95 95 110 65
577:0 45 30 40 105 50 20
578:0 65 40 50 125 60 30
579:0 110 65 75 125 85 30
580:0 62 44 50 44 50 55
581:0 75 87 63 87 63 98
582:0 36 50 50 65 60 44
583:0 51 65 65 80 75 59
584:0 71 95 85 110 95 79
585:0 60 60 50 40 50 75
586:0 80 100 70 60 70 95
587:0 55 75 60 75 60 103
588:0 50 75 45 40 45 60
589:0 70 135 105 60 105 20
590:0 69 55 45 55 55 15
591:0 114 85 70 85 80 30
592:0 55 40 50 65 85 40
593:0 100 60 70 85 105 60
594:0 165 75 80 40 45 65
595:0 50 47 50 57 50 65
596:0 70 77 60 97 60 108
597:0 44 50 91 24 86 10
598:0 74 94 131 54 116 20
599:0 40 55 70 45 60 30
600:0 60 80 95 70 85 50
601:0 60 100 115 70 85 90
602:0 35 55 40 45 40 60
603:0 65 85 70 75 70 40
604:0 85 115 80 105 80 50
605:0 55 55 55 85 55 30
606:0 75 75 75 125 95 40
607:0 50 30 55 65 55 20
608:0 60 40 60 95 60 55
609:0 60 55 90 145 90 80
610:0 46 87 60 30 40 57
611:0 66 117 70 40 50 67
612:0 76 147 90 60 70 97
613:0 55 70 40 60 40 40
614:0 95 110 80 70 80 50
615:0 70 50 30 95 135 105
616:0 50 40 85 40 65 25
617:0 80 70 40 100 60 145
618:0 109 66 84 81 99 32
619:0 45 85 50 55 50 65
620:0 65 125 60 95 60 105
621:0 77 120 90 60 90 48
622:0 59 74 50 35 50 35
623:0 89 124 80 55 80 55
624:0 45 85 70 40 40 60
625:0 65 125 100 60 70 70
626:0 95 110 95 40 95 55
627:0 70 83 50 37 50 60
628:0 100 123 75 57 75 80
629:0 70 55 75 45 65 60
630:0 110 65 105 55 95 80
631:0 85 97 66 105 66 65
632:0 58 109 112 48 48 109
633:0 52 65 50 45 50 38
634:0 72 85 70 65 70 58
635:0 92 105 90 125 90 98
636:0 55 85 55 50 55 60
637:0 85 60 65 135 105 100
638:0 91 90 129 90 72 108
639:0 91 129 90 72 90 108
640:0 91 90 72 90 129 108
641:0 79 115 70 125 80 111
641:1 79 100 80 110 90 121
642:0 79 115 70 125 80 111
642:1 79 105 70 145 80 101
643:0 100 120 100 150 120 90
644:0 100 150 120 120 100 90
645:0 89 125 90 115 80 101
645:1 89 145 90 105 80 91
646:0 125 130 90 130 90 95
646:1 125 120 90 170 100 95
646:2 125 170 100 120 90 95
647:0 91 72 90 129 90 108
648:0 100 77 77 128 128 90
648:1 100 128 90 77 77 128
649:0 71 120 95 120 95 99
650:0 56 61 65 48 45 38
651:0 61 78 95 56 58 57
652:0 88 107 122 74 75 64
653:0 40 45 40 62 60 60
654:0 59 59 58 90 70 73
655:0 75 69 72 114 100 104
656:0 41 56 40 62 44 71
657:0 54 63 52 83 56 97
658:0 72 95 67 103 71 122
659:0 38 36 38 32 36 57
660:0 85 56 77 50 77 78
661:0 45 50 43 40 38 62
662:0 62 73 55 56 52 84
663:0 78 81 71 74 69 126
664:0 38 35 40 27 25 35
665:0 45 22 60 27 30 29
666:0 80 52 50 90 50 89
667:0 62 50 58 73 54 72
668:0 86 68 72 109 66 106
669:0 44 38 39 61 79 42
670:0 54 45 47 75 98 52
671:0 78 65 68 112 154 75
672:0 66 65 48 62 57 52
673:0 123 100 62 97 81 68
674:0 67 82 62 46 48 43
675:0 95 124 78 69 71 58
676:0 75 80 60 65 90 102
677:0 62 48 54 63 60 68
678:0 74 48 76 83 81 104
679:0 45 80 100 35 37 28
680:0 59 110 150 45 49 35
681:0 60 50 150 50 150 60
681:1 60 150 50 150 50 60
682:0 78 52 60 63 65 23
683:0 101 72 72 99 89 29
684:0 62 48 66 59 57 49
685:0 82 80 86 85 75 72
686:0 53 54 53 37 46 45
687:0 86 92 88 68 75 73
688:0 42 52 67 39 56 50
689:0 72 92 115 54 86 68
690:0 50 60 60 60 60 30
691:0 65 75 90 97 123 44
692:0 50 53 62 58 63 44
693:0 71 73 88 120 89 59
694:0 44 38 33 61 43 70
695:0 62 55 52 109 94 109
696:0 58 89 77 45 45 48
697:0 82 121 119 69 59 71
698:0 77 59 50 67 63 46
699:0 123 77 72 99 92 58
700:0 95 65 65 110 130 60
701:0 78 92 75 74 63 118
702:0 67 58 57 81 67 101
703:0 50 50 150 50 150 50
704:0 45 50 35 55 75 40
705:0 68 75 53 83 113 60
706:0 90 100 70 110 150 80
707:0 57 80 91 80 87 75
708:0 43 70 48 50 60 38
709:0 85 110 76 65 82 56
710:0 49 66 70 44 55 51
710:1 54 66 70 44 55 46
710:2 44 66 70 44 55 56
710:3 56 66 70 44 55 41
711:0 65 90 122 58 75 84
711:1 75 95 122 58 75 69
711:2 55 85 122 58 75 99
711:3 85 100 122 58 75 54
712:0 55 69 85 32 35 28
713:0 95 117 184 44 46 28
714:0 40 30 35 45 40 55
715:0 85 70 80 97 80 123
716:0 126 131 95 131 98 99
717:0 126 131 95 131 98 99
718:0 108 100 121 81 95 95
