1:0 13 80 113 130 219
4:0 44 157 187 200 246 251
7:0 54 93 114 175 193 243
16:0 185 193 228
19:0 44 68 103 154 172 179
21:0 98 161 184 185 206
23:0 21 180 228 242 251
27:0 68 175 219 229 232
29:0 36 48 50 68 116 204 251
32:0 36 48 50 68 93 133 251
37:0 50 95 175 180 185
41:0 16 18 98 185 228
43:0 14 75 175 235
46:0 60 68 103 113 175 206 228
48:0 103 202 226
50:0 103 185 228 246 251
52:0 95 133 180 204
54:0 58 60 94 95 113 193 238 248
56:0 68 96 157 179 193 251
58:0 34 37 83 219 242
60:0 54 61 114 150 170
63:0 112 113 227
66:0 27 96 113 227
69:0 14 115 141 227 235
72:0 62 114 219 229 243
74:0 5 157
77:0 24 37 95 98 172 204
79:0 23 187 219 248
83:0 16 98 119 175 193
84:0 48 98 114 175 185
86:0 21 50 64 122 195 227
88:0 114 122 212
90:0 36 61 103 112 229
92:0 114 149 195
95:0 157 175
96:0 112 113
98:0 21 91 114 133 175
102:0 72 115 235 236 246
104:0 14 103 130 157 187 195 246
108:0 34 187 222
109:0 60 103 149 194 220
111:0 37 68 157 179 222 228 242
113:0 118 215 217
114:0 72 93 115 133 175
115:0 23 50 116 193 219
116:0 50 62 82 150 175 190
118:0 56 60 114
122:0 95 102 248
123:0 13 68 113 179 219 226
127:0 31 175
131:0 62 193
133:0 175 204
138:0 21 48 61 62 114
140:0 61 62 91 175 229
142:0 18 193 228
143:0 122
147:0 48 54 113 114
152:0 14 22 68 73 175 246
155:0 37 66 98 154 179 193
158:0 13 37 56 157 242 246
161:0 38 116 163 179 228
163:0 17 18 48 119 143 185
165:0 60 113 117
167:0 49 50 60 226 228
170:0 48 103 175
172:0 3 117 179 217 227
173:0 102 118 133 150 187 217
174:0 185 195 217
175:0 64 119 193 217 248
177:0 65 98 114 185 211
179:0 34 36 85 103 115 219
183:0 48 113 133 187 193 195 217 248
185:0 120
187:0 6 38 45 93 115 133 227
190:0 3 21 68 97 103 180 228 251
193:0 18 141 179
194:0 34 219 246
198:0 17 18 65 98 119 143
200:0 103 194
203:0 36 133 193 248 251
204:0 42 115 129 175
206:0 44 99 117 157 246
207:0 13 17 68 232
209:0 43 115 118 122 185 215 217 242
211:0 48 61 114 175
213:0 230
214:0 106 117 175
215:0 44 68 115 180 193
216:0 36 68 69 116 232 242
218:0 151
220:0 34 36 44 157 246
222:0 54 103 133 157 219
223:0 48 62 103 114 190
225:0 62 98 150 229 248
226:0 21 56 114 239
227:0 18 65 143 228
228:0 68 83 99 179 180 228 251
231:0 34 55 116 246
234:0 44 50 113 115 180
236:0 136 170 183 229
238:0 96
239:0 2 27 96 112 238
240:0 2 5 103 112 238
241:0 69 179 217
246:0 23 116 200 228 246
