1:0 130 219|113 80 219|204 80|113 130
4:0 157 44 200|44 251|187 157|157 246 44
7:0 193 93|54 114|54 243|54 193
16:0 193 185|228 185
19:0 68 103 154 172 179 44
21:0 206 98|161 98 185
23:0 21 242 228 180 251
27:0 68 175 229 232 219
29:0 68 204 36 251 48 116 50
32:0 68 36 93 251 48 133 50
37:0 175 95 180 185 50
41:0 18 228 98 185 16
43:0 175 75 235|204 75 235|75 14 235
46:0 68 103|68 175 113|103 60|68 206 228 113|60 113|103 228
48:0 103 226
50:0 103 228 246 251 185
52:0 204 95 180 133
54:0 238 193 58 60 94 95 248 113
56:0 68 157 193 179 96 251
58:0 34 37 242 83 219
60:0 170 61 150|170 54 61 114
63:0 227 112 113
66:0 227 96 113|27 96 113
69:0 141 115 14|115 14 235|227 115 235|141 235
72:0 62 114|243 219|229 62
74:0 157 5
77:0 204 172 37 24 95 98
79:0 248 219|187 23
83:0 119 175 193 211 98 16
84:0 114 98 48 185|175 98|175 114 48
86:0 122 21 227 195 64 50
88:0 122 212 114
90:0 36 229 61 112|103 229 61 112|103 36 61 112
92:0 114 149|195 149
95:0 157 175
96:0 112 113
98:0 21 114|175 91
102:0 72 236|235 236|246 235|72 235
104:0 157 130 14|187 103|187 157 130|103 157 130|103 157 246|103 130 14|195 130
108:0 34 187
109:0 103 60 149 220
111:0 68 222 37 157 242 228 179
113:0 217 118
114:0 93 115|175 115|115 133
115:0 193 219|23 50|116 50|219 50
116:0 190 62|175 62|62 50|62 150|62 82|175 82 150
118:0 56 114|60 114
120:0 112 62 48
122:0 102 95 248
123:0 68 179|68 113|13 219|226 113 219
127:0 175 31
133:0 204 175
138:0 21 61 62|21 61 114 48|61 62 114 48
140:0 91 229 61|175 62|229 61 62|175 91 229
142:0 18 193|18 228
147:0 114 48|54 114
152:0 68 175|73 22 14|73 22 246|68 14|22 175
155:0 154 37 193 179 98 66
158:0 37 242 157 246|246 13
161:0 38 228 179 163 116
163:0 119 17 18 143 185|17 18 143 48|17 18 48 185
165:0 60 117
167:0 226 228|226 60 50|228 49
172:0 3 227 179 217 117
173:0 217 118|102 150 133 118|187 133 118
175:0 119 193 64|193 248|248 64|248 217
177:0 211 114 98 65 185
179:0 34 85 103 36 115 219
183:0 248 133|113 217|187 113 133|193 195|195 248|193 248 113|187 195|248 217
187:0 38 93 115|38 227 45 115 133|38 6 45 115
190:0 68 103 3 21 228 180 97 251
193:0 18 141
194:0 34 246 219
198:0 119 17 18 143 98|119 18 143 98 65
200:0 103 194
203:0 36 193 248 251 133
204:0 42 129 115
206:0 157 246 44 99 117
207:0 17 232 13|68 17 232
209:0 43 115 185
211:0 175 61 114 48
214:0 106 117|175 117|106 175
215:0 68 193 44 180 115
216:0 68 69 36 242 232 116
220:0 34 36 157 246 44
222:0 54 133 219|103 157|103 133|103 219
223:0 103 190 48|190 114 48
225:0 229 248 62 98 150
226:0 239 21 56|21 56 114|239 21 114|239 56 114
227:0 18 228 143 65
228:0 68 228 179 180 251 99 83
231:0 34 55 246 116
234:0 44 180 113 115 50
236:0 170 136 229 183
239:0 238 2 27 96|112 96
240:0 238 103 2|238 2 5|103 5 112|103 2 5
241:0 69 179 217
246:0 23 228|246 116