5:0 44 157 187 200 246 251
6:0 44 157 187 200 246 251
8:0 54 93 114 175 193 243
9:0 54 93 114 175 193 243
11:0 33 81
12:0 33 81 106
14:0 40 81
15:0 40 81 106
17:0 185 193 228
18:0 185 193 228
20:0 44 68 103 116 154 172 179
22:0 98 161 184 185 206
24:0 21 180 228 242 251
25:0 3 117 179 186 204 217 227
26:0 3 21 45 86 97 113 117 179 186 204 217 227
28:0 68 175 219 229 232
30:0 36 48 50 68 116 204 251
31:0 36 40 44 45 48 50 68 116 154 204 251
33:0 36 48 50 68 93 133 251
34:0 31 32 36 43 48 50 68 93 116 133 251
35:0 102 133 150 186 187 204 217
36:0 1 45 102 107 113 133 150 186 187 204 217 227
38:0 39 50 95 175 180 185
39:0 185 186 195 204 217
40:0 1 34 38 185 186 195 204 217
42:0 16 18 98 185 228
44:0 14 75 175 235
45:0 14 51 75 77 79 175 235 236
47:0 60 68 103 113 175 206 228
49:0 103 226
51:0 103 185 228 246 251
53:0 95 133 180 204
55:0 60 94 95 113 193 238 248
57:0 68 96 157 179 193 251
59:0 34 37 44 52 83 97 219 242
61:0 54 61 114 150 170
62:0 34 54 56 61 114 145 150 187
64:0 112 113 227
65:0 112 113 227
67:0 27 96 113 227
68:0 27 96 113 227
70:0 14 115 141 227 235
71:0 14 21 35 51 74 77 78 115 141 227 235
73:0 62 114 219 229 243
75:0 5 157
76:0 5 157
78:0 24 37 95 98 172 204
80:0 23 187 219 248
85:0 48 98 114 175 185
87:0 21 50 64 122 195 227
89:0 114 122 212
91:0 33 36 43 61 103 112 128 229
93:0 114 149 195
94:0 114 149 195
97:0 112 113
99:0 21 91 114 133 175
103:0 72 73 77 78 79 115 235 236 246
105:0 14 103 130 157 187 195 246
106:0 33 183 229
107:0 33 136 170 229
110:0 60 103 149 220
112:0 37 68 157 179 222 228 242
117:0 50 62 82 150 175 190
119:0 56 60 114
121:0 55 56 106 107 113
124:0 47 93 96 186
125:0 2 27 96 112 238
126:0 2 5 103 112 238
130:0 33 150 175
134:0 36 45 175 204 226
135:0 36 44 45 175 204 226
136:0 36 45 175 204 226
139:0 21 48 61 62 114
141:0 61 62 91 175 229
148:0 48 54 113 114
149:0 48 54 113 114
153:0 14 22 68 73 175 246
154:0 14 22 68 73 175 246
156:0 37 66 154 179 193
157:0 37 66 154 179 193
159:0 13 37 157 242 246
160:0 13 37 157 242 246
162:0 33 38 116 163 179 228
164:0 17 18 48 119 143 185
166:0 60 117
168:0 49 50 60 226 228
169:0 16 18 98 185 228
171:0 103
176:0 64 119 193 217 248
178:0 65 98 114 185 211
180:0 34 36 103 115 219
181:0 34 36 103 115 219
182:0 14 51 75 77 79 175 235 236
184:0 48 113 133 187 193 195 217 248
186:0 34 54 56 61 114 145 150 170 187
188:0 6 38 45 93 115 133 227
189:0 6 38 45 93 115 133 227
192:0 72 235
195:0 34 219 246
196:0 36 44 45 175 204 226
197:0 36 44 45 175 204 226
199:0 23 133 187 219 248
205:0 42 115 129 175
208:0 157 175
210:0 43 115 118 185 215 217 242
212:0 13 17 68 113 179 219 226
217:0 36 68 69 116 232 242
219:0 151
221:0 33 34 44 157 246
224:0 48 103 114 199
229:0 68 83 99 179 180 228 251
230:0 50 62 82 150 175 190
232:0 33 34 36 38 55 116 246
233:0 159
237:0 33 136 170 183
242:0 118 215 217
247:0 23 116 200 228 246
248:0 23 116 200 228 246
424:0 3 10 21 28 39 68 85 97 103 129 154 180 226 228 251
429:0 45 60 85 103 109 149 180 194 195 212 220
430:0 17 18 64 65 98 101 114 119 143 185 212 228
461:0 10 43 44 58 68 97 98 103 115 154 163 180 185 193 232 251
462:0 33 48 49 84 85 86 103 161 192 199
463:0 21 23 34 35 48 50 53 58 85 103 111 122 187 222
464:0 23 30 31 32 36 37 39 53 58 68 85 89 157 179 184 222 228 242
465:0 20 21 22 71 72 74 77 78 79 93 115 132 133 175
466:0 2 9 27 43 85 87 96 98 103 112 113 129 238
467:0 2 5 7 43 52 53 103 108 109 112 123 126 238 241
468:0 38 45 53 64 118 119 186 193 204 217 219 227 248
469:0 17 18 33 48 49 98 103 104 141 179 193 197
470:0 28 33 36 39 44 45 98 175 204 226
471:0 28 33 36 39 44 45 98 175 204 226
472:0 12 13 17 28 40 68 98 103 106 163 185 232
473:0 30 31 33 34 36 44 54 58 59 133 157 181 203 246
474:0 33 58 60 85 97 105 111 159 160 161 176 192 199
