0 0
1 100
2 100
3 100
4 100
5 160
6 100
7 140
8 140
9 140
10 100
11 100
12 180
13 160
15 100
16 100
17 120
19 175
20 100
21 160
22 100
23 120
24 100
25 190
26 180
27 120
29 140
30 120
31 100
32 180
33 100
34 160
35 100
36 175
37 190
38 190
40 100
41 100
42 140
44 120
49 100
51 100
52 100
53 175
55 100
56 185
57 175
58 175
59 185
60 120
61 120
62 120
63 200
64 100
65 160
66 160
67 160
68 100
69 100
70 160
71 100
72 120
75 100
76 190
80 190
82 100
83 100
84 100
85 175
87 185
88 100
89 180
90 180
91 160
93 100
94 175
98 100
99 100
101 100
117 100
120 200
121 180
122 100
123 100
124 120
125 120
126 185
127 160
128 100
129 120
130 195
131 100
132 100
136 195
138 180
140 100
141 160
143 200
145 100
146 140
149 100
152 180
153 200
154 100
155 100
157 140
158 160
161 160
162 100
163 140
165 1
167 120
168 120
172 120
173 100
175 160
177 180
179 160
181 100
183 100
185 120
188 175
189 100
190 120
192 190
196 100
198 140
200 190
202 140
205 100
206 100
209 120
210 100
211 140
216 160
217 100
218 160
221 180
222 140
223 180
224 190
225 120
228 100
229 100
231 180
232 100
233 140
237 120
238 180
239 100
242 160
243 100
245 160
246 120
247 160
248 190
249 100
250 100
251 100
252 100
253 175
255 100
257 175
263 140
264 200
265 140
276 190
279 120
280 140
282 120
283 160
284 200
290 140
291 160
292 100
295 140
296 140
299 160
301 100
302 120
304 175
305 100
306 140
307 200
308 200
309 175
310 100
311 160
314 120
315 195
317 120
318 120
323 200
324 140
325 120
326 160
327 160
328 100
329 180
330 175
331 140
332 120
333 140
337 160
338 200
340 160
341 100
342 100
343 120
344 190
345 120
348 175
350 140
351 120
352 120
353 200
354 200
358 140
359 180
360 160
362 120
363 160
364 100
365 120
368 100
369 140
370 190
371 100
372 120
374 100
376 160
378 190
386 160
387 200
389 140
394 190
395 120
396 160
398 160
399 160
400 140
401 175
402 160
403 140
404 160
405 175
406 160
407 180
408 160
409 140
410 100
411 190
412 175
413 190
414 175
416 200
418 100
419 120
420 100
421 140
422 120
423 120
424 120
425 100
426 120
427 140
428 160
429 120
430 160
431 175
434 195
435 160
436 160
437 195
438 190
439 200
440 140
441 190
442 160
443 120
444 180
447 160
448 120
449 180
450 120
451 100
452 190
453 100
454 175
457 200
458 140
459 200
460 180
462 190
463 180
465 190
466 120
467 190
473 160
474 120
479 100
480 120
481 140
482 175
484 160
485 190
486 160
488 100
490 120
491 100
492 175
496 120
497 100
498 140
499 100
500 160
503 160
506 160
507 120
509 120
510 120
512 100
514 140
515 180
517 180
518 160
519 160
520 160
521 140
522 100
523 120
524 120
525 120
527 100
528 175
529 160
530 100
531 120
532 140
533 175
534 140
535 160
536 120
537 120
539 160
540 180
541 140
542 185
543 190
544 180
545 180
546 190
547 140
548 160
549 120
550 195
551 195
552 160
553 200
554 200
555 100
556 160
557 220
558 180
559 180
561 200
563 160
564 100
565 100
566 170
568 140
570 175
571 100
572 175
573 140
575 100
576 160
577 120
578 175
579 175
582 100
584 190
586 100
591 100
596 185
602 100
610 100
611 180
612 200
613 185
614 160
616 180
617 175
618 185
619 190
620 190
621 180
622 140
623 195
624 175
625 100
626 180
627 100
628 175
629 200
630 190
631 180
632 100
634 160
637 185
638 185
639 140
640 175
642 160
643 160
644 175
646 175
648 180
654 175
655 160
656 160
657 160
658 160
659 195
661 140
663 180
664 120
665 160
666 140
667 160
668 160
669 200
670 175
672 160
704 200
705 180
709 180
