1:0 80 124 130 133 174 202 203 204 267 275 320 345 437 438
4:0 44 68 187 200 232 242 246 251 264 349 394 406 407
7:0 54 114 175 193 243 252 281 287 300 323 330 362 392 453
16:0 185 193 211 228 253 314 403 413 432
19:0 44 68 103 154 172 179 253 279 382 387 515
21:0 13 18 98 143 161 184 185 211 253 297 310
23:0 21 50 180 184 228 231 251 289 305 342 389 415
27:0 68 175 203 229 232 306 341 400 431 498
29:0 36 48 50 68 116 130 203 204 228 231 251 342 498
32:0 36 48 50 68 93 133 203 231 251 342 389 457 498
37:0 50 95 175 180 185 257 290 326 336 384 394 506 541
41:0 16 18 95 98 174 185 202 211 228 413 417 428 432
43:0 75 175 204 235 267 275 290 298 321 495
46:0 60 68 73 97 103 175 203 228 230 232 363 440 450
48:0 97 103 202 226 234 285 290 324 390 450 476
50:0 29 103 179 185 203 228 246 251 253 262 310 426 515
52:0 39 95 133 175 180 204 231 274 289 316 386 387 492
54:0 60 95 109 193 214 227 238 248 281 287 290 426 485
56:0 68 96 179 193 214 227 251 264 265 279 370
58:0 24 34 37 38 83 231 234 242 257 336 343 370 394
60:0 54 61 114 150 170 203 227 283 287 301 341 346 352
63:0 7 8 9 112 227 282 285 379 385 470
66:0 7 8 9 27 68 96 227 265 282 321 370 379 418 484
69:0 141 202 227 235 275 311 321 331 345 363 388 438 499
72:0 62 109 114 145 229 243 282 321 330 367 392
74:0 5 174 175 203 264 335 359 431 475
77:0 24 32 37 38 67 95 172 204 234 445
79:0 23 173 187 214 248 300 335 382 428 472
83:0 16 98 119 174 175 189 193 211 279 297 343 348 355 376 400
84:0 48 98 114 119 175 185 283 363 372 413
86:0 21 32 50 122 195 214 227 231 252 254 255 256 324 333 352
88:0 114 122 174 184 212 254 255 256 286 325 425 491
90:0 36 41 61 103 112 229 333 341 350 352 392 419
92:0 7 8 9 50 114 123 149 184 195 288 310 499
95:0 111 175 205 335 350 431 446 484
96:0 7 8 9 112 260 272 274 285 290 385 417 427
98:0 21 97 114 117 133 175 203 246 282 321 498
102:0 174 202 235 236 246 267 275 285 335 363 381 384 437
104:0 24 103 130 187 195 197 203 246 442 498
108:0 34 133 173 174 187 214 222 265 330 359 428
109:0 60 103 149 174 180 194 220 254 255 256 288
111:0 68 130 174 179 222 231 242 306 407 422 423 424 431
113:0 68 118 203 215 217 270 312 356 363 426
114:0 72 73 93 133 175 202 267 283 363 384 437 476
115:0 23 38 50 68 116 193 253 264 283 306 359 376 509
116:0 13 50 62 82 150 175 190 200 225 324 330 352 499
118:0 34 56 60 114 130 189 214 300 324 341 401
122:0 95 102 109 196 248 252 271 298 358 417 471 478
123:0 13 68 179 203 211 226 318 400 405 432
127:0 31 98 175 185 276 364 370 382 450
131:0 32 90 174 193 214 246 248 250 287 321 349 406 419
133:0 174 175 197 203 204 273 281 313 321 343 363 485 500
138:0 21 48 61 62 114 117 191 250 282 330 352 378 390
140:0 61 62 103 109 175 193 196 202 229 282 341
142:0 18 174 193 211 225 228 355 366 372
143:0 18 38 68 90 122 174 204 228 363 495
147:0 48 54 114 225 231 245 349 352 406 407 453
152:0 22 34 68 73 175 246 267 275 287 312 320 378 437 505
155:0 24 37 38 98 154 179 193 267 306 326 336 343 394 481
158:0 8 37 56 232 242 246 300 313 335 346 349 352 453
161:0 38 116 163 179 204 228 231 271 274 343 363 387
163:0 17 18 48 97 101 119 143 185 297 432
165:0 60 103 117 146 227 264 282 318 405 409 450
167:0 41 49 50 60 226 228 324 390 400 476 527
170:0 54 60 97 103 133 175 250 351 352 362
172:0 3 9 117 175 179 203 217 227 252 268 273 321 344 381 516
173:0 102 118 133 150 187 217 273 312 313 321 343 500
174:0 185 195 214 217 273 313 343 356 386 387 445
175:0 64 119 193 217 234 248 290 326 375 381 417 500
177:0 65 98 114 185 211 285 287 297 355 389 428 485
179:0 28 34 36 97 103 231 260 268 316 495
183:0 34 48 133 187 195 217 248 276 287 330 346 453
185:0 29 106 111 120 174 203 205 328 446
187:0 38 93 133 203 227 270 312 388 402 538
190:0 3 21 68 97 103 180 228 251 252 279 340 343 415
191:0 73 117 174 203 227 230 234 267 270 275 320 363
193:0 18 38 141 179 185 228 290 318 324 364
194:0 24 34 68 105 174 214 227 246 254 255 256 300 491 495
198:0 17 18 65 103 109 119 143 185 195 297 355 372 375 413
200:0 103 174 180 194 262 285 286 389 417 425 466 472
203:0 13 24 36 133 193 212 243 248 251 273 277 285 290
204:0 38 42 68 129 175 203 279 328 379 390 446
206:0 29 44 97 117 173 174 214 246 277 290 310 376 506
207:0 13 17 38 68 97 226 232 328 342 364 379 400 431 440
209:0 38 102 118 173 185 215 217 242 264 265 370 422 423 424
211:0 48 61 114 175 310 324 352 362 453 491
213:0 51 189 230 270 282 328 350 367 515
214:0 38 69 106 117 175 224 228 264 279
215:0 8 44 68 180 193 228 252 274 306 364 386 419 420 458
216:0 36 38 68 69 187 214 232 238 242 281 313 370 400 498
218:0 108 151 174 205 254 255 256 257 262 414 517
220:0 34 36 38 44 90 174 246 333 341 419 446 556
222:0 54 103 109 112 117 133 174 267 275 333 352 392 457
223:0 48 62 103 114 129 173 175 190 323 341 350 352 491
225:0 8 62 98 150 196 229 248 252 301 420 516
226:0 21 56 114 133 150 239 243 300 346 469
227:0 18 65 143 174 203 228 372 385 413 446
228:0 68 83 99 179 180 228 251 364 386 389 417 422 424
231:0 34 68 90 116 173 189 246 283 420 457 484
234:0 24 37 44 50 99 180 224 300 326 382 428
236:0 68 136 170 183 203 228 229 270 364 410 418
238:0 8 96 252 273 357 358 417 445
239:0 2 7 8 27 96 112 223 238 264 359 364
240:0 2 5 9 103 112 116 183 187 223 231 238 394
241:0 38 69 146 174 179 203 214 217 270 359 363 386 531
246:0 23 116 174 200 228 231 246 334 349 372 442 446
252:0 13 24 73 225 235 242 283 300 306 320 331 345 363 388 437
255:0 67 68 97 174 179 203 226 265 297 306 364 387 400 481
258:0 23 38 44 68 124 174 243 246 250 253 281 287 301 419 426 469
261:0 43 214 281 289 305 310 343 382 389 422 423 424
263:0 189 204 214 228 270 271 321 431 493
270:0 55 68 73 75 175 202 230 235 298 321
273:0 13 36 73 98 133 251 331 384 388 417 432 492
276:0 18 48 99 119 143 211 228 287 355 413 432
278:0 16 54 97 239 282 346 355 362 392
280:0 50 109 194 212 227 262 285 288 425 485
283:0 56 60 170 193 203 324 341 450 453
285:0 204 264 270 313 331 358 363 388 402 409
287:0 34 163 173 174 214 228 306 321 359 400 495
290:0 16 185 203 318 400 405 450 515
293:0 36 108 173 265 283 313 326 359 509
296:0 68 185 193 197 223 238 264 270 279 358 364 418 469 498
298:0 21 34 47 227 287 313 321 330 346 487
299:0 38 203 205 222 335 446
300:0 226 252 253 270 273 313 321 387 389 426 428 445 493
302:0 105 212 236 260 271 364 368 389 417 445
303:0 21 246 305 321 368 385 386 389 422 423 424 445
304:0 23 34 103 174 265 276 283 407 442 446 457
307:0 7 8 9 193 223 226 252 290 384 385 409 418 427
309:0 29 129 174 242 253 351 415 422 423 424 435 481 486
311:0 47 186 273 381 435
312:0 47 186 273 381 435
313:0 69 146 226 227 271 318 405
314:0 74 109 226 227 313 318 405 445
315:0 42 75 79 170 178 191 202 235 320 363 402 437
316:0 123 151 174 189 194 220 441
318:0 37 38 56 129 246 362
320:0 34 37 38 90 111 173 174 214 321 392 428 487
322:0 23 34 111 184 203 205 246 254 255 256 257 281 336 426 442
324:0 90 130 203 214 281 284 481 499
325:0 18 133 203 243 248 271 285 326 381 428
327:0 50 196 226 227 229 252 265 271 272 273 274 313 352 427
328:0 16 98 116 175 203 210 324 341 414 450
331:0 50 51 67 68 223 265 298 320 335 345 388 402 415 417
333:0 97 99 114 211 228 297 304 355 384 407
335:0 13 24 50 68 154 174 175 231 232 364 400 458 515
336:0 34 184 231 254 255 256 372 378 386 400 415 515
339:0 36 37 56 175 209 250 330 341 349 414
341:0 34 38 232 246 276 282 283 300 349 376 498
345:0 72 105 112 174 203 243 321 378 446
347:0 28 103 174 229 282 334 352 440
349:0 54 95 109 114 225 231 243 300 321 362 406 445
351:0 50 133 248 381 466 499 506
352:0 50 105 146 252 271 277 285 289 417 492
353:0 50 109 193 194 228 286 310 425 441 466
355:0 185 194 220 262 285 286 288 399 466
357:0 13 21 29 73 174 235 267 331 348 349 363 437
358:0 50 95 174 248 273 285 500
359:0 38 174 185 195 212 224 226 277 372 382 386 389 428 506
361:0 50 117 191 205 311 313 335 419 506
363:0 90 174 205 214 254 255 256 281 324 346 352 392
366:0 34 48 109 112 203 287 300 330 352 362 392
369:0 130 133 173 189 214 222 330 341 346 362 401 428
370:0 48 150 300 346 362 392 445 453 505
371:0 37 56 82 111 203 239 349 406 407 424
387:0 34 37 38 74 133 254 255 256 276 321 328 388 402 414 469
390:0 7 9 24 66 68 116 227 252 257 264 270 274 299 501
393:0 48 56 97 117 173 175 189 196 281 297 300 392 458
396:0 28 31 38 193 197 211 228 253 279 297 310 355
399:0 38 98 111 130 154 203 205 214 316 346 401 431
403:0 24 36 98 129 270 324 336 351 400 422 423 424
406:0 42 75 79 170 178 191 202 235 320 326 363 402 437
408:0 18 21 23 37 38 43 174 231 242 359 442
410:0 29 34 38 68 90 103 116 174 184 350 446 469
417:0 39 44 111 175 205 231 260 266 268 313 343 516
418:0 3 29 154 163 189 210 226 316 382 392 401 415 541
420:0 75 111 205 230 267 311 312 320 321 361 363 402 505
422:0 54 68 90 124 133 174 243 254 255 256 262 281 362 376 499
425:0 34 50 95 114 194 262 311 432 499
427:0 7 8 9 67 175 186 227 252 264 313 327 383 415 458 509
431:0 28 39 44 98 175 289 313 358 372 387
433:0 50 95 105 174 248 273 285 500
434:0 38 43 114 123 184 228 231 242 310 386 481 492
438:0 29 106 111 120 174 203 205 328 446
439:0 95 102 109 196 204 248 252 271 298 358 361 417 471 478
440:0 68 118 203 215 217 270 312 356 363 387 426
441:0 48 97 101 211 214 227 314 417 432
442:0 108 171 194 220 286 288 425 445
443:0 34 37 38 184 200 225 231 232 239 328 341 431 442
446:0 18 38 68 120 122 174 204 228 363 428 495
447:0 44 67 97 136 170 197 238 242 266 299 327 334 410 418 509
449:0 18 34 174 214 254 255 256 279 303 328
451:0 18 28 41 97 103 109 163 185 228 231 342 400
453:0 29 68 96 223 238 252 265 358 364 367 382 409 410 418
455:0 21 73 75 78 79 202 235 320 345 388 476
456:0 60 62 97 150 175 186 204 321 324 362 401
458:0 21 56 114 133 150 239 243 300 324 346 469
459:0 23 38 54 73 74 130 331 345 363 402 419
495:0 137 212 228 230 231 239 243 345 363 445
498:0 34 37 174 214 222 276 281 283 343 484
501:0 103 197 362 372 376 383 400 403
504:0 103 175 193 228 231 279 372
506:0 28 122 189 203 204 228 281 336 422 423 424
509:0 6 185 204 227 281 313 343 492
511:0 67 272 310 320 321 331 343 345 417 437
513:0 7 67 83 214 257 272 310 321 343 417
515:0 56 67 272 300 310 321 343 392 401 417
517:0 49 112 129 174 214 226 270 277 290
519:0 95 211 234 253 273 381 516
522:0 24 28 36 38 99 103 203 351 382
524:0 36 174 199 222 317 356 475 484
527:0 48 204 260 270 282 313 355 485 500
529:0 66 130 229 306 319 334 414 431
531:0 133 186 214 215 227 273 281 361 381 516
532:0 4 68 179 183 193 197 203 265 395 409 469
535:0 54 173 214 287 300 352 414 426
540:0 13 97 103 170 226 293 318 382 403
543:0 36 41 42 191 390 431
546:0 227 251 262 313 320 321 363 388 415
548:0 117 203 204 230 275 320 361 363 388
550:0 61 97 99 129 250 279 330 341 362
551:0 38 68 116 212 228 251 253 422 424 431
554:0 36 116 172 203 214 227 264 281 359
556:0 73 191 320 331 340 388 402 452
557:0 68 174 191 203 328 334 335 400
559:0 7 8 9 68 133 185 197 252 349 409 428
561:0 211 246 285 355 375 500
562:0 50 171 203 262 286 313 377 417
564:0 21 34 88 117 175 250 282 334 352
566:0 44 211 282 406 414 432 457
568:0 28 114 120 174 191 205 300 350
570:0 68 197 262 289 326 389 399 445
572:0 39 175 189 203 214 231 282 313 401
574:0 212 243 253 357 399 445
577:0 101 109 151 271 286 290 310
580:0 16 119 211 314 362 381 382
582:0 181 286 334 352 363 393 420 475
585:0 97 214 226 235 313 316 320 363 388
587:0 204 226 231 310 321 343 351 355 403
588:0 30 68 103 185 224 228 282 450
590:0 34 74 77 78 111 203 205 380
592:0 54 105 109 132 151 220
594:0 54 203 220 243 287 321
595:0 40 42 50 185 228 431 440
597:0 73 191 331 356 388 402 431 446
605:0 50 100 112 285 310 384 385 417
607:0 51 114 151 203 257 445 499
610:0 13 68 106 116 179 203 231 283 400 406
613:0 8 214 227 264 281 372 400 419
616:0 38 170 189 191 203 226 227 228 364 470
618:0 174 180 209 214 220 281 310 351 414
619:0 67 203 226 233 265 282 364 382
621:0 137 185 228 231 232 289 306 342 389 422 424
624:0 29 212 228 279 389 427 446
626:0 23 29 130 133 189 341 431 442
629:0 184 211 212 282 313 355
631:0 34 35 174 185 214 228 257 321 389 400
632:0 103 185 203 226 422 431
633:0 103 310 372 399 414 422 423 424 457 458
636:0 81 106 193 203 234 393 428
656:0 390
657:0 390
658:0 390
690:0 390
691:0 390
692:0 152
693:0 152
