3:0 570
7:0 33 39 44 55 110 145 229 352
25:0 575 580
40:0 586
81:0 33
82:0 33
115:0 602
129:0 33 150
130:0 44
133:0 560
136:0 394
137:0 161
144:0 58
145:0 85
146:0 143
150:0 94 105 112 382 396 540
151:0 144
168:0 605
210:0 579
235:0 560 561 562 563 565 566 567 569 570 571 572 573 574 575 576 577 578 579 580 581 582 583 584 585 586 587 588 589 590 591 592 593 594 595 596 597 599 600 601 602 603 604 605 606 607
249:0 56 105 177
250:0 105 221 413
255:0 10
256:0 24 64 339
257:0 163 299 413
263:0 28 29 33 39 45 154 156 163 187 300 316 343 374 415 516 560 579 598 603
280:0 45 93 100 104 381
303:0 45 269 565 579
311:0 580
312:0 580
313:0 580
314:0 580
316:0 584
317:0 584
397:0 17 18 104 283
511:0 580
513:0 580
515:0 580
587:0 575
596:0 605
650:0 22 33 34 36 42 44 45 73 205 220 339 341 402 452
651:0 22 33 34 36 42 44 45 73 205 220 302 339 341 402 452
652:0 22 33 34 36 42 44 45 73 187 205 220 302 339 341 359 364 402 416 452 604
653:0 10 39 52 53 60 83 94 113 126 241 261 336 381 473 478 488
654:0 10 39 52 53 60 83 94 113 126 241 261 336 381 473 478 488
655:0 10 39 52 53 60 83 94 113 126 241 247 248 261 272 336 381 415 473 478 488 573
656:0 1 45 56 98 104 108 122 145 164 340 352 374 479 496
657:0 1 45 56 98 104 108 122 145 164 340 352 374 479 496
658:0 1 45 56 98 104 108 114 122 145 164 185 191 272 326 352 400 425 582 598
659:0 3 24 33 36 45 89 91 97 98 162 175 189 263 316 340 341
660:0 14 24 33 36 45 89 91 97 98 162 175 189 263 316 340 341 359 523 603
661:0 13 33 45 64 97 98 175 211 355 363 366 382 488 512
662:0 13 33 45 52 64 97 98 175 211 355 363 366 382 488 512
663:0 13 33 45 52 64 97 98 175 211 355 363 366 382 394 413 488 512
664:0 33 78 81 450
665:0 106 182
666:0 16 48 60 77 78 79 113 219 312 405 483 522 542 564 601
667:0 29 33 36 43 52 53 242 283 304 315 424 497 510 526 574
668:0 29 33 36 43 52 53 63 242 283 304 315 424 497 510 526 574
669:0 22 33 75 76 80 273 312 345 381 565 570 572 593 599
670:0 22 33 75 76 80 273 312 345 381 565 570 572 593 599
671:0 80 273 312 345 381 447 570 572 586 592 593 599
672:0 22 33 36 38 39 73 74 75 208 235 339 348 388 402 523 532
673:0 22 33 36 38 39 73 74 75 89 208 235 332 339 348 388 402 523 532
674:0 2 4 33 34 43 163 233 242 292 327 494 509 526 600
675:0 2 4 33 34 43 163 233 242 269 292 327 359 490 494 509 526 600
676:0 28 29 33 36 39 44 45 204 316 389 514 538 560
677:0 10 43 60 93 113 252 343 473
678:0 10 43 60 93 94 113 115 204 212 252 270 272 286 343 357 389 473 501 599
679:0 14 33 163 210 228 319 332 334 379 400 425 442 475 514 533
680:0 14 33 163 210 228 319 332 334 379 400 425 442 475 514 533
681:0 14 163 210 228 332 334 379 400 425 442 457 475 533 595
682:0 94 175 186 204 213 230 285 312 316 347 497 564 565 572 586 599
683:0 94 115 175 186 204 213 230 244 285 312 316 347 497 505 564 565 572 583 586 599
684:0 33 113 178 219 230 273 283 312 313 412 496 538 564 565 579 580
685:0 33 113 178 219 230 273 283 312 313 412 496 538 564 565 579 580
686:0 33 60 64 95 113 115 132 149 163 207 276 365 371 400 415 427 492 606
687:0 33 60 64 95 113 115 132 149 163 179 207 276 365 371 400 415 427 492 606
688:0 10 28 55 110 128 154 163 189 210 238 246 397 400 468 504 534
689:0 10 28 55 110 128 130 154 163 189 210 238 246 397 400 444 468 504 534
690:0 33 39 51 55 56 92 104 108 145 185 188 293 342 352 401 406
691:0 33 39 51 55 56 92 104 108 145 185 188 239 293 342 352 401 406 525
692:0 11 14 55 61 145 150 152 175 330 346 352 479 504
693:0 11 14 55 61 145 150 152 175 330 346 352 396 399 406 479 504 505
694:0 1 13 39 84 85 86 98 189 268 521 523 577 589
695:0 13 87 98 268 577 587 589
696:0 23 32 33 37 39 44 46 89 117 204 242 246 337 446 525
697:0 23 32 33 37 39 44 46 89 117 157 204 242 246 337 416 446 457 525
698:0 36 45 54 58 59 62 63 86 88 113 181 196 227 246 258 267 419 496
699:0 36 45 54 58 59 62 63 86 88 113 181 196 227 246 258 267 419 496 568
700:0 28 33 39 98 113 129 244 270 285 387 564 565 572 586 599
701:0 2 14 17 33 136 143 197 227 283 297 332 340 355 374 468 507 566
702:0 33 39 84 86 87 156 173 204 268 435 451 494 521 575 577 579
703:0 33 88 106 113 115 159 175 219 246 285 408 444 446 470 479 572
704:0 33 34 71 117 145 175 182 225 240 330 406
705:0 33 34 71 117 145 175 182 225 240 330 406
706:0 33 34 71 117 145 175 182 200 225 240 330 364 401 406 438
707:0 33 191 259 278 286 310 319 377 478 492 562 564 565 579 590
708:0 33 73 74 109 174 185 194 261 275 310 452 532 567 578
709:0 33 73 74 109 174 185 194 261 275 310 421 452 532 567 578
710:0 73 75 109 184 220 247 271 310 331 388 402 425 581
711:0 73 75 109 153 184 220 247 271 310 331 388 402 425 578 581
712:0 33 36 38 44 59 105 106 159 174 181 196 229 301 419 423
713:0 33 36 38 44 59 105 106 130 159 174 181 196 229 242 301 334 419 423
714:0 13 16 17 18 33 44 48 97 103 141 162 314 355 366 403 542
715:0 13 16 17 18 33 44 48 97 103 141 162 236 314 355 366 403 406 542 561
716:0 36 62 113 200 224 244 267 275 312 356 370 400 416 505 532 569 572 599
717:0 13 50 63 94 104 143 269 355 389 399 403 407 411 492 542 555 576 578
718:0 20 44 89 91 114 137 200 201 219 225 242 245 293 349 406 489 523 596
