10:0 33
11:0 106
12:0 79
13:0 40
14:0 106
15:0 14
81:0 85
82:0 85
100:0 85
101:0 85
120:0 57
121:0 57
130:0 57
132:0 144
137:0 85
144:0 58
145:0 85
146:0 53
151:0 14
201:0 237
202:0 227
233:0 126
235:0 166
251:0 202
265:0 33
266:0 106
267:0 332
268:0 106
269:0 332
336:0 53
337:0 94
338:0 94
360:0 227
374:0 442
375:0 89
376:0 89
377:0 86
378:0 58
379:0 86
382:0 57
383:0 89
401:0 117
402:0 182
412:0 182
413:0 182
413:1 182
413:2 182
414:0 94
415:0 16
416:0 355
436:0 92
437:0 89
462:0 85
474:0 85
479:0 85
479:1 85
479:2 85
479:3 85
479:4 85
479:5 85
480:0 369
481:0 369
482:0 369
485:0 53
486:0 216
488:0 115
489:0 57
490:0 57
491:0 399
492:0 164
538:0 371
539:0 371
599:0 85
600:0 85
601:0 85
602:0 209
603:0 85
604:0 85
622:0 89
623:0 89
627:0 332
628:0 332
638:0 521
639:0 89
640:0 347
641:0 512
642:0 85
645:0 89
647:0 57
648:0 85
652:0 15 70 91 148 156 182 214 216 237 249 267 317 371 398 421 468 490 585 602
655:0 15 92 156 168 182 213 214 216 237 263 347 373 447 497 585 602
658:0 15 57 58 59 70 91 92 127 164 168 182 213 216 218 249 263 269 317 332 369 374 447 503 512 585 602
660:0 585
662:0 19 156 168 182 213 214 216 218 332 488 585
663:0 14 19 53 76 92 126 156 164 168 182 213 214 216 237 241 261 263 269 315 332 339 355 369 416 468 488 512
666:0 571 585
668:0 70 92 156 168 182 213 214 216 218 249 263 488 585
669:0 148 156 182 213 214 216 218 447 585
670:0 148 182 213 216 218 267 447 585
671:0 76 92 94 113 148 156 164 182 213 214 216 219 237 240 241 263 267 347 412 416 447 563
673:0 57 70 156 182 213 214 216 218 249 280 332 447 585
674:0 15 57 70 156 182 206 213 214 216 218 249 317 332 421 447 490 585 602
676:0 57 86 148 156 182 213 214 216 218 249 447 585
679:0 15 104 156 182 206 213 214 216 218 249 332 421 585
680:0 14 15 104 164 182 206 216 218 249 263 332 421 585
681:0 14 15 104 164 182 206 216 218 247 249 263 280 332 421 585
684:0 57 148 156 168 182 213 214 216 218 585
686:0 15 148 156 168 182 213 214 216 218 332 433 585
687:0 15 53 85 92 94 113 115 148 156 157 164 168 182 213 214 216 237 240 241 259 263 269 332 347 371 373 374 399 416 433 473
688:0 585
690:0 57 85 127 182 216 218 263 474 503 585
691:0 525
693:0 15 57 156 182 188 213 214 216 218 369 474 585
694:0 15 57 86 148 156 182 213 214 216 218 317 447 490 585
695:0 15 57 85 86 87 91 148 164 182 216 218 237 263 317 369 411 447 451 490 523 525 585
697:0 70 182 213 216 218 317 332 468 585
698:0 59 85 86 148 182 216 218 249 263 267 317 397 451 524 525 585
699:0 85 86 148 156 182 213 214 216 218 249 317 397 585
700:0 15 91 148 156 182 214 216 585
701:0 15 19 70 156 182 206 213 214 216 218 249 317 332 447 468 490 585 602
702:0 15 86 148 156 168 182 213 214 216 218 280 332 369 447 585
703:0 92 148 156 182 214 216 218 237 317 397 433 585
704:0 85 92 156 182 214 216 218 237 263 571 585
706:0 58 70 104 249 411 525
707:0 15 86 92 94 113 115 156 164 168 182 213 214 216 219 237 240 241 263 347 416 430 473 563 585
708:0 585
709:0 15 70 76 89 91 92 94 115 156 157 164 168 182 213 214 216 219 237 241 247 249 261 263 267 347 398 399 404 411 412 416 421 433 447 468 523 602
710:0 148 168 182 216 218 249 261 263 267 447 451 585
711:0 53 126 148 168 182 216 218 249 261 263 267 411 447 451
712:0 57 59 70 148 164 182 216 218 249 263 317 397 524 585
714:0 585
715:0 15 19 53 63 76 92 94 104 138 156 164 168 182 207 211 213 214 216 218 237 241 247 259 263 269 280 332 337 369 399 404 411 416 421 468 496 497 512 528 585
716:0 15 85 86 87 92 113 115 148 156 182 214 216 218 263 347 430 447 563 585
717:0 585
718:0 585
