1:0 20 173 202 203 235 282 388 402 520
2:0 20 173 202 203 235 282 388 402 520
3:0 20 173 200 202 203 235 282 335 338 388 402 520
4:0 7 9 173 203 231 257 264 406 519
5:0 7 9 173 203 231 257 264 406 519
6:0 7 9 173 200 203 231 257 264 307 314 366 406 519
7:0 8 173 196 203 231 264 334 352 401 406 428 518
8:0 8 173 196 203 231 264 334 352 401 406 428 518
9:0 8 173 196 200 203 231 264 308 324 334 352 401 406 428 518
10:0 173 450 527
11:0 334 450 527
12:0 173 202 203 285 314 324 366 450 527
13:0 450 527
14:0 334 450 527
15:0 173 202 203 282 283 314 366 450 527 529
16:0 143 173 203 253 257 314 366
17:0 143 173 203 253 257 314 366
18:0 143 173 203 253 257 314 366
19:0 162 173 196 203 231 253 283 343 351 387 428
20:0 162 173 196 203 231 253 283 343 351 387 428
21:0 143 173 203 253 257 314 366 529
22:0 143 173 203 253 257 314 366 529
23:0 20 173 180 202 203 231 289 380 399 401 402 441
24:0 20 173 180 202 203 231 289 380 399 401 402 441
25:0 9 173 203 231 264 270 282 324 343 351 393 527
25:1 9 173 203 231 264 270 282 324 343 351 393 527
25:2 9 173 203 231 264 270 282 324 343 351 393 527
25:3 9 173 203 231 264 270 282 324 343 351 393 527
25:4 9 173 203 231 264 270 282 324 343 351 393 527
25:5 9 173 203 231 264 270 282 324 343 351 393 527
26:0 9 173 203 231 264 270 282 324 343 351 393 527
27:0 162 173 203 231 264 282 343 414 446
28:0 162 173 203 231 264 282 343 414 446
29:0 162 173 203 231 270 351 352
30:0 162 173 203 231 270 351 352
31:0 7 8 9 162 173 196 200 203 231 253 264 270 276 351 352 401 406 414 446 529
32:0 162 173 203 231 270 351 352 529
33:0 162 173 203 231 270 351 352 529
34:0 7 8 9 162 173 196 200 203 231 253 264 270 276 351 352 401 406 414 446 529
35:0 7 8 9 173 196 203 215 231 264 270 271 272 277 278 282 283 289 304 324 340 343 351 352 356 387 409 428 446 472 495
36:0 7 8 9 173 196 203 215 231 264 270 271 272 277 278 282 283 289 304 324 340 343 351 352 356 387 409 428 446 472 495
37:0 173 180 203 220 231 257 272 343 399 428 492
38:0 173 180 203 220 231 257 272 343 399 428 492
39:0 7 8 9 173 196 203 215 220 264 270 272 277 278 282 283 289 304 340 343 351 352 356 387 409 446
40:0 7 8 9 173 196 203 215 220 264 270 272 277 278 282 283 289 304 340 343 351 352 356 387 409 446 478
41:0 162 173 202 203 253 257 289 314 366 428
42:0 162 173 202 203 253 257 289 314 366 428
43:0 173 202 203 235 380 388 402 495
44:0 173 202 203 235 380 388 402 409 495
45:0 173 202 203 235 380 388 402 409 495
46:0 173 202 203 235 282 388 402 450 495
47:0 173 202 203 235 282 388 402 450 495
48:0 173 202 203 285 324 428 450
49:0 173 202 203 285 314 324 366 428 450
50:0 173 203 414 446
51:0 173 203 414 446
52:0 173 180 196 203 231 253 282 289 304 343 351 352 387 399 402 441 492
53:0 173 180 196 203 231 253 282 289 304 343 351 352 387 399 402 441 492
54:0 8 173 196 203 231 264 272 324 352 388 401 428 472
55:0 8 67 173 196 203 231 264 272 324 352 388 401 428 472
56:0 7 8 9 67 173 180 200 203 231 253 264 270 272 283 343 402 441 530
57:0 7 8 9 67 173 180 200 203 231 253 264 270 272 283 343 402 441 530
58:0 173 200 203 231 257 270 343
59:0 173 200 203 231 257 270 343 406 442
60:0 173 196 203 270 283 352
61:0 8 173 196 203 264 270 283 352
62:0 8 173 196 203 264 270 283 352
63:0 7 8 9 173 203 231 264 271 272 277 278 282 285 289 324 351 356 409 428 472 478 492
64:0 7 8 9 173 203 231 264 271 272 277 278 282 285 289 324 351 356 409 428 472 478 492
65:0 7 8 9 173 203 231 264 271 272 277 278 282 285 289 324 351 356 409 428 472 478 492
66:0 7 8 9 67 173 203 264 270 272 276 282 530
67:0 7 8 9 67 173 203 264 270 272 276 282 530
68:0 7 8 9 67 173 203 264 270 272 276 282 530
69:0 20 173 202 203 235 282 380 388 402
70:0 20 173 202 203 235 282 380 388 402
71:0 20 173 202 203 235 282 380 388 402
72:0 20 173 196 202 203 277 282 352
73:0 20 173 196 202 203 277 282 352
74:0 7 9 173 203 264 276 334 335 414 446
75:0 7 9 173 203 264 276 334 335 414 446
76:0 7 9 173 203 264 276 334 335 414 442 446
77:0 67 173 203 231 257 340
78:0 67 173 203 231 257 340 529
79:0 173 196 203 231 271 277 278 285 324 335 352 401 428 472 495
80:0 8 173 196 203 231 264 271 277 278 285 324 334 335 352 401 409 428 472 492 495
81:0 173 203 277 278 324 334 351 356 393 527
82:0 173 203 277 278 324 334 351 356 393 527
83:0 143 173 203 231 253 257 270 282 314 343 366 387
84:0 173 203 253 282 283 314
85:0 143 173 203 253 282 283 314
86:0 173 196 203 231 324 352 401 529
87:0 173 196 203 231 324 352 401 529
88:0 7 8 9 173 202 203 220 351 441
89:0 7 8 9 173 202 203 220 264 335 351 399 441
90:0 173 196 203 334 352
91:0 173 196 203 324 334 352
92:0 7 8 9 173 180 196 202 203 220 253 271 282 285 289 399 472 492
93:0 7 8 9 173 180 196 202 203 220 253 271 282 285 289 399 472 492
94:0 7 8 9 173 180 196 202 203 220 253 264 271 272 282 285 289 399 409 472 492
95:0 20 173 203 231 335 406 414 442 446
96:0 7 8 9 67 173 203 264 271 272 277 278 285 289 324 409 428 478 492
97:0 7 8 9 67 173 203 264 271 272 277 278 285 289 324 409 428 478 492
98:0 173 196 203 276 282 334 352
99:0 173 196 203 276 282 334 352
100:0 173 203 277 324 351 393 492
101:0 173 203 277 324 351 393 492
102:0 173 202 203 235 253 285 335 356 388 402
103:0 67 173 202 203 235 285 335 356 388 402 428
104:0 7 9 67 173 196 203 231 253 264 282 283 334 414 442 446
105:0 7 9 67 173 196 200 203 231 253 264 282 283 334 414 442 446
106:0 67 173 203 264 270 272 276 282 340 343
107:0 7 8 9 67 173 203 264 270 272 343 409
108:0 7 8 9 20 173 196 203 231 264 282 351 352 401 428
109:0 173 180 203 220 253 351 399
110:0 173 180 203 220 253 351 399
111:0 173 180 196 203 231 253 276 283 351 401 406 414 446 529
112:0 7 8 9 173 180 196 200 203 231 253 264 276 283 335 351 401 406 414 446 529
113:0 7 8 9 173 196 203 215 231 264 270 278 283 285 289 304 343 351 352 356 387 409 428 446
114:0 20 173 202 203 220 235 282 283 351 388 402
115:0 7 8 9 67 173 180 196 200 203 231 253 264 270 283 343 351 352 401 409
116:0 173 196 200 203 324 340 352 406
117:0 173 196 200 203 324 340 352 406
118:0 173 196 203 282 324 340 352 401 529
119:0 173 196 203 282 324 340 352 401 529
120:0 173 196 203 220 277 278 324 352 356
121:0 173 196 203 220 271 277 278 285 324 352 356 472
122:0 7 8 9 173 196 203 264 270 271 272 277 278 285 289 324 334 343 351 409 428 472 478 492
123:0 173 203 282 314 366 450
124:0 8 173 196 203 215 264 270 271 272 277 278 285 304 324 343 352 409 428 478
125:0 7 8 9 67 173 203 231 264 270 324 343 351 393 527 530
126:0 7 9 67 173 203 231 257 264 270 343 530
127:0 20 173 203 264 276 282 334 446 450
128:0 173 180 196 200 203 231 253 270 272 283 351 352 428 442
129:0 340
130:0 173 180 196 200 203 231 253 340 352 399 401 406 442
131:0 173 196 200 203 215 231 304 324 335 351 352 401 406 428 442 529
132:0 
133:0 173 203 215 231 270 304 343 387
134:0 173 196 203 215 231 270 304 324 343 352 387 401
135:0 173 203 215 231 270 304 324 343 351 387 393
136:0 173 203 215 231 257 270 276 304 343 387
137:0 173 196 203 220 231 271 277 278 324 351 356 387 393 428 472 492 527
138:0 20 173 196 203 282 334 352 414 446
139:0 20 173 196 203 282 334 352 414 446
140:0 173 196 202 203 282 334 352 414 446
141:0 67 173 196 202 203 276 282 334 352 401 414 446
142:0 143 173 203 231 257 314 366 401 406 414 442 446
143:0 7 8 9 173 196 200 203 264 276 278 304 335 343 351 352 387 402 428 441 442 495
144:0 143 173 196 203 314 324 352 366
145:0 143 173 203 257 314 324 351 366
146:0 143 173 203 257 314 366
147:0 20 173 196 200 203 231 351 352 401 406 434
148:0 20 173 196 200 203 231 351 352 401 406 434
149:0 7 8 9 20 173 196 200 203 231 257 264 276 314 351 352 366 401 406 434 442
150:0 7 8 9 67 173 196 203 231 264 271 272 277 278 285 289 324 351 352 356 401 409 428 472 478 492
151:0 7 8 9 20 67 143 162 173 180 196 200 202 203 215 220 231 235 253 257 264 270 271 272 276 277 278 282 283 285 289 304 314 324 334 335 340 343 351 352 356 366 380 387 388 393 399 401 402 406 409 414 428 441 442 446 450 472 478 492 495 527 529 530
152:0 173 202 203 231 235 277 388 402 520
153:0 173 202 203 231 235 277 388 402 520
154:0 173 200 202 203 231 235 277 338 388 402 520
155:0 173 203 257 343 519
156:0 173 203 257 264 343 519
157:0 7 9 67 173 203 257 264 307 343 519
158:0 8 67 173 180 196 203 231 253 264 276 335 352 401 518
159:0 8 67 173 180 196 203 231 253 264 276 335 352 401 518
160:0 8 67 173 180 196 200 203 231 253 264 276 308 335 352 401 406 518
161:0 7 8 9 162 173 203 231 253 264 270 271 282 304 343 351 352 387 401
162:0 7 8 9 162 173 203 231 253 264 270 271 282 304 343 351 352 387 401
163:0 143 173 203 253 257 277 278 304 314 366 428
164:0 143 173 203 253 257 277 278 304 314 366 428
165:0 8 9 173 202 203 253 264 282 314 366 409 450
166:0 8 9 173 202 203 253 264 282 314 366 409 450
167:0 173 202 203 324 340 450 492 527
168:0 173 202 203 324 340 450 492 527
169:0 143 162 173 202 203 253 257 289 314 366 399 428
170:0 173 196 203 215 324 340 351 352
171:0 173 196 203 215 324 340 351 352 401
172:0 9 173 203 231 253 270 324 343 351 393 527
173:0 173 196 203 231 253 270 271 272 277 278 283 304 324 343 351 352 356 387 428 472 495
174:0 173 196 203 215 220 253 270 272 277 278 283 304 340 343 351 352 356 387
175:0 173 203 215 253 271 277 283 304 324 343 351 352 387 428 495
176:0 173 203 215 257 264 271 277 283 304 314 324 343 351 352 366 387 409 428 495
177:0 143 173 202 203 220 257 271 277 285 314 324 366 428 478
178:0 143 173 202 203 220 257 271 277 285 314 324 366 428 478 492
179:0 173 203 215 231 324 351 393 495 527
180:0 7 9 173 203 215 231 264 324 351 393 495 527
181:0 7 9 173 200 203 215 231 264 324 351 393 406 495 527
182:0 173 202 203 235 253 380 388 402 409 495
183:0 8 173 196 203 231 264 270 276 282 304 340 343 352 401
184:0 8 173 196 203 231 264 270 276 282 304 340 343 352 401
185:0 7 8 9 67 173 203 264 270 272 335 343 414 446 492 495
186:0 8 173 196 203 264 270 283 304 340 352
187:0 173 202 203 235 270 340 388 402
188:0 173 202 203 235 270 340 388 402
189:0 173 202 203 235 270 340 388 402
190:0 7 8 9 67 173 180 203 231 253 264 272 282 289 340 343 351 352 387 402 441 492
191:0 173 202 203 235 253 270 283 388 402 414 495
192:0 173 202 203 235 253 270 283 388 402 414 495
193:0 173 202 203 253 314 324 366 450
194:0 8 173 196 203 231 352 401 414 495
195:0 8 173 196 203 231 264 352 401 414 495
196:0 173 203 215 231 270 271 277 285 304 324 343 387 428 478
197:0 173 180 203 215 231 270 289 304 343 387 399 472 492
198:0 143 173 180 196 203 253 257 289 314 366 399 492
199:0 8 173 196 203 231 264 271 277 278 285 324 334 335 352 401 409 428 472 492 495
200:0 173 180 196 203 215 220 253 271 277 285 289 304 351 399 472 478 492
201:0 
202:0 
203:0 173 203 231 253 271 277 278 285 304 324 351 356 428 492
204:0 173 202 203 220 334 356 446 450 529
205:0 173 202 203 220 324 334 335 356 393 446 450 529
206:0 20 173 180 203 220 231 277 283 314 351 352 387 401 428 446 529
207:0 173 203 231 282 314 366 399 401 414 446 450
208:0 20 173 203 231 335 393 399 401 406 414 442 446
209:0 7 8 9 67 162 173 203 215 264 276 304 343 351 352 387
210:0 7 8 9 67 162 173 200 203 215 231 264 276 304 343 351 352 387
211:0 173 196 203 220 324 340 351 352 401
212:0 173 203 276 282 314 334 366 442 450
213:0 20 173 203 270 282 380 414 446 450 495
214:0 67 173 203 264 270 282 334 450
215:0 8 67 173 180 196 203 231 264 282 289 399 492
216:0 7 8 9 173 203 264 276 304 343 387 402 441
217:0 7 8 9 67 173 203 253 264 276 304 343 387 402 441
218:0 173 203 220 257 334 414 495
219:0 173 203 220 257 334 414 446 495
220:0 173 196 203 276 283 414 446
221:0 173 196 203 276 283 414 446
222:0 173 196 203 277 283 334 352 414 446
223:0 173 196 203 324 340 352 402 441
224:0 20 173 196 203 324 340 352 402 441
225:0 8 143 173 196 203 264 278 324 340 352 402 441
226:0 173 196 203 270 324 340 352 366 401 402 441 442
227:0 143 173 196 203 314 334 366 399 442 446
228:0 162 173 180 203 231 253 257 272 289 304 399 492
229:0 162 173 180 203 231 253 257 272 289 304 399 492
230:0 173 196 200 203 324 340 352 406 434 442
231:0 173 203 231 276 282 283 304 387 402 414 441 446
232:0 173 203 231 276 282 283 304 334 335 340 387 402 414 441 446
233:0 173 196 203 220 231 271 277 278 324 351 356 387 393 428 472 492 527
234:0 173 180 203 231 253 272 285 324 340 351 356 387 428 478
235:0 
236:0 67 173 203 253 270 272 343
237:0 67 173 203 270 272 283 343
238:0 8 173 196 203 215 253 270 271 272 277 278 285 324 343 352 428 478
239:0 7 8 9 67 173 203 253 264 270 324 343 351 393 527 530
240:0 7 9 173 203 231 253 257 264 270 343 530
241:0 7 8 9 173 196 203 215 231 264 270 335 351 352 428 442 446 495
242:0 7 8 9 173 196 203 215 231 264 270 278 283 285 289 304 335 343 351 352 356 387 409 428 446
243:0 173 203 231 324 351 393 442
244:0 173 203 231 257 442
245:0 173 196 203 231 324 352 366 442
246:0 173 180 200 203 231 253 276 334 399 414 442 446
247:0 173 180 200 203 231 253 276 334 399 414 442 446
248:0 7 8 9 67 173 180 200 203 231 253 264 276 334 335 351 352 399 401 406 414 442 446 492
249:0 143 173 196 202 203 231 271 285 304 314 324 351 352 366 401 406 414 428 442 472
250:0 143 173 202 203 257 304 314 324 351 366 414 428 442
251:0 173 202 203 215 235 253 270 271 277 285 324 351 352 387 388 402 414 428 446 472 478
252:0 9 67 173 202 203 231 235 264 283 388 402 409 520
253:0 9 67 173 202 203 231 235 264 283 388 402 409 520
254:0 9 67 173 200 202 203 231 235 264 283 338 388 402 406 409 520 530
255:0 67 173 203 257 270 340 387 519
256:0 7 9 67 173 203 257 264 270 340 387 519 530
257:0 7 9 67 173 203 257 264 270 272 276 282 307 340 387 519 530
258:0 67 173 196 203 231 253 276 283 352 401 414 518
259:0 8 67 173 196 203 231 253 276 283 352 401 414 446 518
260:0 8 67 173 196 200 203 231 253 264 276 283 308 352 401 414 446 518
261:0 162 173 180 203 231 253 289 304 343 399 492
262:0 162 173 180 203 231 253 289 304 343 399 492
263:0 162 173 196 203 231 270 271 304 343 351 352 387 402 441
264:0 162 173 196 203 231 270 271 304 343 351 352 387 402 441
265:0 173 450 527
266:0 334 450 527
267:0 173 202 203 314 324 366 450 527
268:0 334 450 527
269:0 173 202 203 314 324 366 450 527
270:0 173 196 202 203 235 253 352 402 428
271:0 7 8 9 173 196 202 203 235 253 282 304 352 402 409 428
272:0 7 8 9 173 196 202 203 235 253 264 282 304 352 402 409 428
273:0 173 180 202 203 235 388 402 492
274:0 67 173 180 202 203 235 388 399 402 492
275:0 67 173 180 196 202 203 235 282 340 366 388 399 402 492
276:0 143 173 203 257 283 314 366
277:0 143 173 203 257 283 314 366
278:0 143 173 196 203 253 282 314 351 352 366
279:0 143 173 196 203 253 282 314 351 352 366 402 441
280:0 7 8 9 173 196 203 220 270 271 277 278 285 289 304 324 351 428 472 478
281:0 7 8 9 173 196 203 220 270 271 277 278 285 289 304 324 351 428 472 478
282:0 7 8 9 173 196 203 215 220 270 271 277 278 285 289 304 324 351 428 472 478
283:0 173 196 202 203 324 352 450
284:0 173 196 202 203 314 324 352 366 450
285:0 173 202 203 235 264 270 289 388 402 409
286:0 9 173 202 203 231 235 264 270 276 289 388 402 409
287:0 7 8 9 173 196 203 264 343 351 352 441 495
288:0 7 8 9 67 173 196 203 253 264 343 351 352 441 495
289:0 7 8 9 67 173 196 203 264 335 343 351 352 441 495
290:0 173 180 202 203 450
291:0 173 180 202 203 253 314 450
292:0 173 180 202 203 271 450
293:0 7 8 9 173 196 203 253 283 304 351 352 428
294:0 7 8 9 67 173 196 203 253 283 304 351 352 428
295:0 7 8 9 67 173 196 200 203 253 283 304 351 352 428
296:0 7 8 9 67 173 203 264 270 272 276 282
297:0 7 8 9 67 173 203 264 270 272 276 282 442
298:0 173 196 203 231 253 270 282 304 340 343 352
299:0 7 8 9 173 203 220 277 334 335 351 356 393 414 446
300:0 173 196 203 215 231 253 270 304 343 351 352 387 428
301:0 173 196 203 215 231 253 270 304 343 351 352 387 428
302:0 7 8 9 67 173 180 196 203 220 264 271 272 277 282 289 324 351 352 356 399 428 472 492
303:0 8 9 162 173 196 203 220 264 282 289 334 387 393 399 442 446 492
304:0 173 180 203 231 253 276 283 334 351 352 393 414 442 446
305:0 173 180 203 231 253 276 283 334 351 352 393 414 442 446
306:0 7 8 9 67 173 180 196 200 203 231 253 264 276 283 334 335 351 352 393 399 401 406 414 442 446
307:0 7 8 9 67 173 203 220 264 270 271 272 277 278 324 356 409 428
308:0 7 8 9 67 173 203 220 264 270 271 272 277 278 324 356 409 428
309:0 173 203 231 253 324 351 393
310:0 173 203 231 253 324 351 393
311:0 9 173 203 231 253 270 324 351 387 393 527
312:0 9 173 203 231 253 270 324 351 387 393 527
313:0 8 9 173 202 203 264 270 271 314 324 351 352 366 428 450
314:0 8 9 173 202 203 264 270 314 343 351 352 366 428 450
315:0 173 202 203 235 343 388 402
316:0 7 8 9 173 202 203 220 289 351 352 380 402 441
317:0 7 8 9 173 202 203 220 289 335 351 352 380 402 441
318:0 162 173 180 196 203 253 340 352 399 428
319:0 162 173 180 196 203 253 340 352 399 428
320:0 173 196 203 304 340 352 428
321:0 173 196 203 304 335 340 352 428 442
322:0 173 203 257 414 442 446 495
323:0 173 203 257 414 442 446 495
324:0 173 203 231 257 276 334 414 446 495
325:0 173 196 203 215 231 271 272 277 278 285 289 324 340 343 351 428
326:0 7 8 9 173 196 203 215 231 264 271 272 277 278 285 289 324 340 343 351 409 428
327:0 7 8 9 67 173 196 253 264 270 271 272 278 285 289 304 343 351 352 387 409 428
328:0 173 202 203 276 324 414 450
329:0 173 200 202 203 253 257 276 314 324 366 406 414 434 450
330:0 7 9 173 200 202 203 231 253 257 276 314 324 366 406 414 434 450
331:0 9 67 173 180 202 203 235 264 272 335 388 399 402 409
332:0 9 67 173 180 202 203 235 264 272 276 335 388 399 402 409 492
333:0 143 173 200 203 215 253 257 304 314 366 406
334:0 143 173 200 203 215 231 253 257 304 314 366 406 434 472
335:0 7 8 9 67 173 196 202 203 231 264 282 283 351 352 387
336:0 20 173 202 203 231 282 289 380 399 401
337:0 173 196 203 220 270 277 278 285 324 356 414 428 442 446 478
338:0 173 203 220 257 270 277 278 285 324 334 356 414 428 442 446 472
339:0 173 196 203 340 352 401 414
340:0 173 196 203 340 352 401 414 428
341:0 173 180 196 203 276 282 283 334 352
342:0 173 180 196 203 276 282 283 334 352 399
343:0 173 203 271 277 278 285 324 356 414 428 446 472 529
344:0 173 203 271 277 278 285 324 356 414 428 446 472 529
345:0 20 173 202 203 220 235 380 388 402 414 446
346:0 20 173 202 203 220 235 335 380 388 402 414 446
347:0 173 203 282 334 352 414 446 450
348:0 67 173 203 231 276 282 334 335 352 401 414 446 450
349:0 173 196 203 231 352 406
350:0 20 173 196 203 231 277 352 401 406 442
351:0 173 196 203 351 352 366 387
352:0 7 8 9 20 67 173 196 203 231 264 271 272 277 278 282 285 289 351 352 387 401 409 446 472 492 495
353:0 173 180 196 203 220 271 272 277 282 285 289 351 399 478 492
354:0 173 180 196 203 220 271 272 277 282 285 289 351 399 478 492
355:0 173 180 196 203 220 271 285 289 356 399 472
356:0 7 8 9 20 173 180 196 203 220 264 271 285 289 356 399 472
357:0 173 200 202 203 235 314 366 388 402 406
358:0 20 173 196 203 215 253 270 271 277 278 282 285 289 304 324 351 356 387 428
359:0 173 180 196 203 231 272 276 277 282 289 340 351 352 399 428 492
360:0 
361:0 173 180 196 203 335 352
362:0 162 173 180 196 203 324 335 352 399 442
363:0 162 173 196 203 231 324 352 401
364:0 162 173 196 203 231 324 352 401
365:0 162 173 196 203 231 324 335 352 401 442
366:0 173 196 203 334 352
367:0 20 162 173 196 203 289 340 352 401
368:0 20 173 196 203 324 340 352 401
369:0 173 196 203 340 352 401 414 428 446
370:0 173 196 203 340 352
371:0 173 200 203 304 406 428 434
372:0 173 200 203 304 334 406 428 434
373:0 173 200 203 231 257 304 314 366 401 406 428 434
374:0 334 428 442
375:0 8 9 173 196 203 271 324 334 356 393 428 442 446
376:0 8 9 173 196 203 271 324 334 335 356 393 428 442 446
377:0 7 8 9 173 203 264 276 334 335 351 356 409 414 442 446
378:0 8 9 173 196 203 264 276 324 335 351 356 442
379:0 8 9 173 203 264 276 334 335 351 356 393 442 446
380:0 173 196 200 203 270 271 272 277 314 343 351 352 366 387 406 428 434 478
381:0 173 196 200 203 270 271 277 314 351 352 366 387 406 428 434 472
382:0 173 196 203 253 324 335 351 352 401 442
383:0 7 9 173 203 231 253 335 351 406 414 442 446
384:0 20 173 196 200 203 231 253 304 351 352 366 401 406 414 434 442 
385:0 7 8 9 173 196 203 253 270 271 277 278 285 324 334 351 352 356 387 409 428 442 446 478
386:0 7 8 9 20 67 173 196 203 264 271 272 276 277 278 282 285 289 324 334 351 352 356 409 428 446 472
387:0 173 202 203 231 235 276 388 402 414 446 520
388:0 173 202 203 231 235 276 388 402 414 446 520
389:0 173 200 202 203 231 235 276 335 338 388 402 414 442 446 520
390:0 7 9 67 173 203 231 253 257 264 270 272 283 343 441 446 519
391:0 7 9 67 173 203 231 257 264 270 272 283 343 441 446 519 530
392:0 7 9 67 173 203 231 257 264 270 272 283 307 343 441 446 519 530
393:0 173 196 203 324 343 352 446 518
394:0 173 196 203 324 343 352 446 518
395:0 173 196 203 282 308 324 334 343 352 446 518
396:0 173 203 253 257 283 314 366
397:0 173 203 253 257 283 314 366
398:0 143 173 203 253 257 283 314 366
399:0 162 173 196 203 231 276 343 351 387 401 446
400:0 162 173 196 203 231 264 276 343 351 352 387 401 446
401:0 173 253 283 450
402:0 173 203 215 253 282 283 304 450
403:0 173 203 231 270 324 351 393
404:0 173 203 231 270 324 351 393
405:0 173 203 231 270 276 324 351 393
406:0 173 202 203 235 253 343 388 402
407:0 173 202 203 235 343 388 402
408:0 7 9 173 180 203 231 253 276 283 351 406 414 428 442 446
409:0 7 9 173 180 200 203 220 231 253 264 276 283 351 406 414 428 442 446
410:0 173 203 231 334 351 393 414 442 446
411:0 173 200 203 231 277 334 335 351 393 414 442 446
412:0 173 450 527
413:0 173 202 203 235 253 283 285 324 388 402 450 527
413:1 173 203 253 283 285 324 414 446 450 527
413:2 173 203 253 283 285 324 334 393 441 442 446 450 527
414:0 173 202 203 285 314 324 366 450 527
415:0 173 283 366 450
416:0 173 203 283 314 324 366 450
417:0 9 162 173 203 231 253 270 343 351 387 393 402 441 527
418:0 8 173 196 203 231 264 352 401
419:0 8 67 173 196 203 231 264 352 401
420:0 173 202 203 235 270 388 402
421:0 173 202 203 235 270 388 402
422:0 173 196 203 220 352 414
423:0 173 196 203 220 335 352 414
424:0 7 8 9 67 173 180 203 231 253 264 272 282 289 340 343 351 352 387 402 441 492
425:0 20 173 180 196 203 220 271 277 278 282 285 351 366
426:0 20 173 180 196 203 220 271 277 278 282 285 351 366
427:0 7 8 9 67 173 203 215 231 253 264 270 277 283 304 340 343 351 352 387 409 495
428:0 7 8 9 67 173 203 215 231 253 264 270 277 283 304 340 343 351 352 387 409 495
429:0 173 180 196 203 215 220 253 271 277 285 289 304 351 399 472 478 492
430:0 143 173 180 196 203 253 257 276 289 314 366 399 492
431:0 162 173 203 231 282 289 304 343 351 352 387 492
432:0 162 173 203 231 282 289 304 343 351 352 387 492
433:0 20 173 196 203 215 253 270 271 277 278 282 285 289 304 324 351 356 387 428
434:0 173 203 231 289 399 492
435:0 173 203 231 289 399 492
436:0 173 203 271 278 285 324 334 356 446 472
437:0 173 203 271 278 285 324 334 335 356 428 442 446 472
438:0 67 173 203 253 270 272 335 343 414 446 492 495
439:0 173 196 203 253 264 270 271 272 277 278 285 289 324 343 351 409 472 478
440:0 173 196 203 215 253 270 278 283 304 343 351 352 356 387 409 428
441:0 143 173 203 253 257 272 304 314 366
442:0 173 180 196 203 220 253 271 289 351 352 399 472 492
443:0 173 200 203 231 406 414 434 442 446
444:0 173 200 203 231 406 414 434 442 446 530
445:0 173 200 203 231 401 406 414 434 442 446 530
446:0 7 8 9 173 196 203 253 264 276 278 289 304 343 351 352 387 402 428 441 495
447:0 8 9 67 173 203 231 264 270 272 334 393 409 428 530
448:0 8 9 67 173 203 231 264 270 272 334 352 393 399 406 409 428 530
449:0 173 203 231 276 352 414 446
450:0 173 203 231 276 352 414 442 446
451:0 173 203 231 282 399 401 450
452:0 173 203 231 282 399 401 450
453:0 8 9 67 162 173 180 196 203 264 270 272 282 289 340 399 409 441 492 530
454:0 8 9 67 162 173 180 196 203 264 270 272 282 289 340 399 409 441 492 530
455:0 20 173 202 203 235 282 380 388 402 450
456:0 173 196 203 324 340 352 366 401
457:0 173 196 203 324 340 352 366 401
458:0 173 196 203 270 324 340 352
459:0 8 173 196 202 203 231 235 272 352 388 402
460:0 8 173 196 200 202 203 231 235 264 272 335 352 388 402
461:0 8 67 173 180 196 203 231 264 282 289 399 492
462:0 173 203 277 278 324 334 351 356 393 442 527
463:0 7 8 9 20 173 196 203 231 264 282 335 351 352 401 428
464:0 7 8 9 173 180 196 200 203 231 253 264 276 283 335 351 401 406 414 442 446 529
465:0 20 173 202 203 220 235 282 283 335 351 388 402
466:0 7 8 9 67 173 203 231 264 270 324 343 351 393 527 530
467:0 7 9 67 173 203 231 257 264 270 343 530
468:0 143 173 203 215 257 264 271 277 283 304 314 324 343 351 352 366 387 409 428 495
469:0 173 202 203 253 314 324 366 450
470:0 173 202 203 215 231 235 270 282 304 343 387 388 402
471:0 173 196 203 215 231 270 304 324 343 352 387 401
472:0 143 173 203 231 282 314 366 399 401 414 446 450
473:0 173 196 203 276 282 283 335 414 442 446
474:0 173 196 203 220 231 253 271 277 278 324 351 356 387 393 399 428 492 527
475:0 7 8 9 67 173 203 220 264 270 271 277 278 282 285 289 304 324 351 409 428 472 478 530
476:0 7 8 9 173 203 220 277 334 335 351 356 393 414 442 446
477:0 7 8 9 20 173 180 196 203 220 264 271 285 289 356 399 472
478:0 8 173 180 196 203 220 271 289 324 335 351 352
479:0 173 180 203 220 253 271 289 324 351 399 492 527
479:1 173 180 203 220 253 271 289 324 351 399 492 527
479:2 173 180 203 220 253 271 289 324 351 399 492 527
479:3 173 180 203 220 253 271 289 324 351 399 492 527
479:4 173 180 203 220 253 271 289 324 351 399 492 527
479:5 173 180 203 220 253 271 289 324 351 399 492 527
480:0 7 8 9 173 202 203 215 231 270 271 272 277 278 282 285 324 351 352 428 446 472 478 492
481:0 7 8 9 173 203 231 270 271 272 277 278 282 285 324 351 352 428 446 472 478
482:0 7 8 9 173 203 231 253 270 271 272 277 278 282 285 324 351 352 387 428 446 472 478
483:0 173 200 203 231 304 334 351 356 393 406 414 434 442 446
484:0 173 200 203 264 304 351 352 356 401 406 414 434
485:0 173 203 253 257 334 399 406 414 442 446 450
486:0 7 8 9 173 196 203 264 276 282 335 351 356 409 414 428 442
487:0 173 180 196 200 203 220 231 277 304 351 356 366 399 401 406 414 434 442
488:0 173 196 203 270 271 277 278 285 324 356 428 478
489:0 173 196 203 215 253 270 282 324 340 343 352 387
490:0 173 196 203 215 253 270 282 285 324 340 343 352 387
491:0 173 180 196 203 264 271 282 289 351 387 399 409 472 492
492:0 173 202 203 235 283 343 366 387 388 402 414 428
493:0 173 196 200 202 203 231 257 271 277 278 304 324 334 351 352 356 366 387 399 401 406 414 428 434 442 446
494:0 7 9 173 203 253 257 270 271 272 277 285 324 340 351 387 428
495:0 20 173 202 203 231 235 282 289 380 388 401 402 520
496:0 20 173 202 203 231 235 282 289 380 388 401 402 520
497:0 20 173 200 202 203 231 235 282 289 338 380 388 401 402 406 520
498:0 173 203 231 257 270 276 283 343 428 519
499:0 7 9 67 173 203 231 257 264 270 276 283 343 428 519
500:0 7 9 67 173 203 231 257 264 270 276 283 307 335 343 428 442 519
501:0 173 196 203 231 270 343 352 401 518
502:0 173 196 203 231 270 343 352 401 518
503:0 173 196 203 231 270 276 282 308 335 343 352 401 518
504:0 67 162 173 203 231 270 283 343 351 387 401 402 428 441 495
505:0 7 8 9 67 162 173 203 231 264 270 282 283 324 343 351 387 401 402 428 441 495
506:0 173 203 253 270 304 343 351 387 495
507:0 173 203 253 270 304 343 351 387 495
508:0 173 203 253 270 276 304 343 351 387 442 495
509:0 173 180 203 231 271 272 282 289 304 343 399 402 441 492
510:0 173 180 203 231 271 272 282 289 304 343 399 402 441 492
511:0 67 173 202 203 231 235 253 264 270 272 278 282 283 343 380 388 402 441
512:0 67 173 202 203 231 235 253 264 270 272 276 278 282 283 343 380 388 402 441
513:0 7 67 173 203 231 253 257 264 270 272 278 282 283 343 380 441
514:0 7 67 173 203 231 253 257 264 270 272 276 278 282 283 343 380 441
515:0 8 67 173 196 203 231 253 264 270 272 278 282 283 343 352 380 401 441
516:0 8 67 173 196 203 231 253 264 270 272 276 278 282 283 343 352 380 401 441
517:0 173 203 215 220 270 271 277 285 324 351 356 388 428 472 495
518:0 173 203 215 220 270 271 277 285 324 351 356 388 428 472 495
519:0 143 173 203 253 257 314 366
520:0 143 173 203 253 257 314 366
521:0 143 173 203 253 257 314 366
522:0 173 203 289 324 340 351 393
523:0 173 203 289 324 340 351 393
524:0 173 203 334 335 356 414 446
525:0 173 203 334 335 356 414 446
526:0 173 203 276 334 335 356 414 442 446
527:0 162 173 202 203 253 257 270 271 277 282 283 285 314 324 351 366 428 495
528:0 143 162 173 202 203 253 257 270 271 277 282 283 285 314 324 351 366 428 495
529:0 173 203 334 414 446 529
530:0 173 203 334 393 414 442 446 529
531:0 7 8 9 67 173 196 203 215 220 231 253 264 270 272 277 282 285 289 304 324 343 356 387 409 428 495
532:0 7 8 9 67 173 203 264 270 276 282 335 409
533:0 7 8 9 67 173 203 264 270 276 282 335 409
534:0 7 8 9 67 173 203 264 270 276 282 335 409
535:0 173 196 203 253 283 304 340 352 414 495
536:0 173 196 203 253 264 283 304 340 352 380 414 446 495
537:0 8 67 173 196 203 253 264 282 283 304 340 352 380 409 414 446 495
538:0 7 8 9 20 67 173 203 220 264 270 276 282 335 428
539:0 7 8 9 67 173 203 220 264 270 276 282 335 428 530
540:0 173 202 203 235 277 324 334 388 402 450 527
541:0 173 202 203 235 277 324 334 388 402 450 527
542:0 173 202 203 215 235 270 277 282 324 334 388 402 450 527
543:0 173 203 283 324 334 450
544:0 173 203 283 324 334 450
545:0 173 203 231 276 283 289 324 334 401 450
546:0 173 202 203 270 282 283 343 366 388 402
547:0 173 202 203 270 282 283 343 366 388 402
548:0 173 202 203 215 235 270 343 388 402 495
549:0 173 202 203 215 235 270 272 343 388 402 495
550:0 173 196 203 253 276 283 340 401 428
551:0 173 180 203 231 253 289 399 401 414 446 492
552:0 67 173 180 203 231 253 264 282 289 399 401 414 446 492
553:0 67 173 180 200 203 231 253 264 276 282 289 335 399 401 406 414 446 492
554:0 7 173 203 253 257 264 276 283 289 428
555:0 7 173 203 253 257 264 276 283 289 428
556:0 173 202 203 235 253 270 282 283 304 340 388 402 409 495
557:0 173 203 282 334 335 446 450
558:0 173 203 282 334 335 446 450
559:0 7 8 9 67 162 173 180 203 231 264 282 289 334 399 406 409 428 442 492 530
560:0 7 8 9 67 162 173 180 200 203 231 264 282 289 334 399 406 409 428 442 492 530
561:0 143 173 196 203 257 271 277 285 314 324 351 356 366 399 428 478
562:0 173 180 203 220 271 272 277 282 285 289 334 335 351 399 428 472 495
563:0 173 180 203 220 271 272 277 282 285 289 334 335 351 399 428 472 495
564:0 173 196 203 231 282 334 335 352 401 414 428 446
565:0 67 173 196 203 231 276 282 334 335 352 401 414 428 442 446
566:0 173 203 231 253 257 282 283 314 334 340 366 401 406 414 428 446
567:0 143 173 200 203 231 253 257 282 283 314 334 340 366 401 406 414 428 446
568:0 173 180 202 203 220 278 399 402 409 441
569:0 173 180 202 203 220 278 399 402 409 441
570:0 173 180 203 253 271 282 289 304 340 343 399 492
571:0 67 173 180 203 253 271 282 289 304 340 343 399 492
572:0 173 203 231 253 270 282 304 343 351 387 401 402 441 495
573:0 173 203 231 253 270 282 304 343 351 387 401 402 441 495
574:0 173 203 215 253 270 271 272 277 278 285 289 324 343 351 356 428 478 492
575:0 173 203 215 253 270 271 272 277 278 285 289 324 343 351 356 428 478 492
576:0 173 203 215 253 270 271 272 277 278 285 289 324 343 351 356 428 478 492
577:0 173 203 220 270 271 272 277 283 285 289 324 334 351 356 428 472 495
578:0 173 203 220 270 271 272 277 283 285 289 324 334 351 356 428 472 495
579:0 7 8 9 173 203 220 264 270 271 272 276 277 282 283 285 289 324 334 351 356 409 428 472 495
580:0 173 196 203 253 283 314 352 366
581:0 143 173 196 203 253 283 314 352 366
582:0 173 196 203 253 277 324 334 352 393
583:0 173 196 203 253 277 324 334 352 393
584:0 173 196 203 253 277 324 334 352 393
585:0 173 202 203 235 340 387 388 402
586:0 173 202 203 235 340 387 388 402
587:0 173 203 231 270 282 314 324 343 351 366 387 527
588:0 173 202 203 282 324 334 450 529
589:0 173 202 203 282 324 334 442 450 529
590:0 173 202 203 235 380 388 402 492 495
591:0 173 202 203 235 380 388 402 492 495
592:0 20 173 180 196 202 203 220 271 277 351 352 399
593:0 20 173 180 196 202 203 220 271 277 351 352 399
594:0 173 196 203 220 270 277 282 340 352
595:0 173 202 203 324 340 351 380 393 450 527
596:0 173 202 203 324 340 351 380 393 450 527
597:0 173 202 203 282 283 334 356 388 393 402 442 446
598:0 173 202 203 282 283 334 335 356 388 393 402 442 446
599:0 20 173 203 253 277 278 324 334 351 356 393
600:0 20 173 203 253 277 278 324 334 351 356 393
601:0 20 173 203 253 277 278 324 334 351 356 393
602:0 393
603:0 20 162 173 202 203 231 282 324 340 351 380 393 401
604:0 7 9 20 162 173 200 202 203 231 264 276 282 324 340 351 380 393 401 406 409
605:0 173 203 220 253 271 272 277 278 285 289 324 351 356 399 428 472 495
606:0 173 203 220 253 271 272 277 278 285 289 324 351 356 399 428 472 495
607:0 173 180 203 220 257 271 351 399
608:0 173 180 203 220 257 271 351 399
609:0 173 180 203 220 257 271 351 399
610:0 173 200 203 231 276 283 351 401 406 434 530
611:0 67 173 200 203 231 276 283 351 401 406 434 530
612:0 67 173 200 203 231 276 283 351 401 406 434 530
613:0 8 67 173 196 203 264 276 343 352
614:0 8 67 173 196 203 264 276 343 352
615:0 20 173 196 203 277 282 324 334 352
616:0 173 202 203 324 380 450
617:0 173 202 203 282 324 380 450
618:0 173 180 203 220 253 283 340 351 352 393 401 414 446 492 527
619:0 67 173 203 264 270 272 282 340 409 530
620:0 67 173 203 264 270 272 282 340 409 530
621:0 7 9 173 200 203 231 257 276 289 351 399 401 406 434 441 442 446
622:0 7 8 9 67 173 196 203 264 276 277 324 334 335 351 356 409 414 446
623:0 7 8 9 67 173 196 203 264 276 277 324 334 335 351 356 409 414 428 446
624:0 67 173 180 203 272 282 289 334 393 399 442 446 492 530
625:0 67 173 180 203 272 282 289 334 393 399 442 446 492 530
626:0 173 200 203 253 276 283 428 442
627:0 173 203 257 276 314 366
628:0 143 173 203 257 276 314 366 428
629:0 173 203 257 282 289 314 335 366 399 492
630:0 143 173 203 257 282 289 314 335 366 399 492
631:0 7 9 20 67 173 202 203 257 264 276 278 282 289 380 450
632:0 173 203 276 283 334 442 450
633:0 173 180 200 203 253 276 304 351 399 401 406 414 428 434
634:0 173 180 200 203 253 276 304 351 399 401 406 414 428 434
635:0 173 180 200 203 231 253 257 276 304 314 324 351 366 399 401 406 414 428 434
636:0 173 202 203 257 324 393 428 450
637:0 173 202 203 257 314 324 366 393 428 450
638:0 173 203 270 276 334 335 340 393 428 442 446
639:0 173 203 270 276 335 414 428 442 446
640:0 173 202 203 235 270 276 335 340 388 402 428
641:0 173 196 203 231 253 257 272 276 282 366 399 492
642:0 9 173 203 231 253 272 276 282 351 399 492 527
643:0 173 200 203 257 304 314 366 406 414 428 434
644:0 9 173 200 203 304 314 324 351 366 393 406 414 428 434
645:0 173 200 203 231 272 276 282 335 356 414 446
646:0 173 196 200 203 283 304 314 324 406 414 428 434 442
646:1 173 196 200 203 283 304 314 324 406 414 428 434 442
646:2 173 196 200 203 283 304 314 324 406 414 428 434 442
647:0 173 196 203 270 276 283 340 343 352 387 401
648:0 7 8 9 67 173 203 215 253 264 270 271 272 277 278 282 285 289 304 324 343 351 356 387 409 428 472 478 530
649:0 173 202 203 277 278 324 334 351 356 387 393 399 428 441 442 450 527
650:0 9 67 162 173 202 203 220 231 235 264 270 276 283 334 388 402 409 428 442 520 530
651:0 9 67 162 173 202 203 220 231 235 264 270 276 283 334 388 402 409 428 442 520 530
652:0 9 67 162 173 202 203 220 231 235 264 270 276 283 334 335 338 388 402 409 428 442 520 530
653:0 173 203 231 257 277 343 478 492 519
654:0 7 9 67 173 203 231 257 271 277 278 285 289 343 351 428 472 478 492 519
655:0 7 9 67 173 203 231 257 271 272 277 278 285 289 307 324 343 351 428 472 478 492 519
656:0 173 180 196 203 272 289 340 352 518
657:0 8 67 173 180 196 203 272 289 340 352 399 441 518
658:0 8 67 173 180 196 203 272 289 308 340 352 399 441 518
659:0 162 173 203 231 278 283 340 387 442
660:0 7 8 9 67 162 173 203 231 253 264 276 278 282 283 289 340 380 387 414 441 442 492
661:0 173 203 257 289 314 366
662:0 173 203 257 289 314 366
663:0 173 203 257 289 314 366
664:0 450
665:0 334 450 527
666:0 173 202 203 283 314 324 366 450 527
667:0 173 203 231 257 270 283 289 304
668:0 173 203 231 257 270 283 289 304 340
669:0 173 202 203 215 235 270 277 283 343 388 402 495
670:0 173 202 203 215 235 270 277 283 343 388 402 495
670:5 173 202 203 215 235 270 277 283 343 388 402 495
671:0 173 202 203 215 235 270 277 283 343 388 402 495
672:0 173 202 203 231 235 388 402 428
673:0 173 202 203 231 235 276 340 388 402 428
674:0 7 8 9 67 173 180 203 253 264 270 276 282 283 289 304 335 343 399 409 428 441 442 492 530
675:0 7 8 9 67 173 180 200 203 253 264 270 276 282 283 289 304 335 343 399 409 428 441 442 492 530
676:0 173 203 231 253 270 272 283 304 387 428
677:0 173 203 215 231 270 271 272 277 278 289 324 343 351 356 428 472 478
678:0 173 203 215 231 270 271 272 277 278 289 324 343 351 356 428 472 478
678:1 173 203 215 231 271 272 277 278 289 324 343 351 356 428 472 478
679:0 173 180 203 334 351 393 442 495
680:0 173 180 203 334 351 393 442 495
681:0 173 180 203 334 335 351 393 442 495
682:0 173 203 215 270 277 283 285 343 495
683:0 173 203 215 270 277 283 285 343 409 495
684:0 173 203 215 270 277 283 343 380 495
685:0 173 203 215 270 277 283 343 380 409 495
686:0 20 173 180 203 272 276 282 289 399 492
687:0 20 173 180 203 272 276 282 289 324 335 399 492
688:0 173 196 203 270 283 334 352 446 530
689:0 67 173 196 203 270 276 283 334 352 414 446 530
690:0 173 196 200 203 231 340 351 352 401 406 441
691:0 173 196 200 203 231 340 351 352 401 406 434 441
692:0 173 196 203 231 270 340 352 401 406
693:0 173 196 203 231 270 340 352 401 406
694:0 173 203 231 324 351 393 527
695:0 7 9 67 173 203 231 304 324 351 393 406 527
696:0 173 200 203 231 276 304 334 335 406 414 428 434 442 446
697:0 173 200 203 231 276 304 334 335 406 414 428 434 442 446
698:0 173 196 200 203 231 304 334 352 393 401 414 428 442 446
699:0 173 196 200 203 231 304 334 352 393 401 414 428 442 446
700:0 173 203 215 231 270 277 285 304 343 387
701:0 7 9 67 143 173 203 264 270 276 283 314 340 366 387 409 428 442 530
702:0 9 162 173 203 231 270 278 324 343 351 387 393 527
703:0 173 203 277 285 334 343 356 393 414 446 472 495
704:0 173 200 203 231 351 352 406 434
705:0 173 200 203 231 351 352 406 434
706:0 7 9 173 200 203 231 264 276 351 352 401 406 434
707:0 173 203 277 278 334 343 387 393 478 492
708:0 173 180 202 203 220 271 272 277 285 388 399 402 492
709:0 173 180 202 203 220 271 272 277 285 335 388 399 402 409 492
710:0 180 202 203 220 235 271 272 277 285 388 399 402 492
711:0 180 202 203 220 235 271 272 277 285 388 399 402 492
712:0 173 196 203 334 352 495
713:0 173 196 203 276 334 335 352 442 495
714:0 143 162 173 200 203 231 253 257 289 304 314 352 366 399 406 434
715:0 143 162 173 200 203 231 253 257 289 304 314 352 366 399 406 434
716:0 173 200 203 283 304 335 356 428 472
717:0 143 173 203 257 282 304 314 335 366 399 428 492
718:0 20 173 180 200 203 220 231 276 304 335 351 406 414 428 434
719:0 173 203 215 270 283 285 334 343 356 387 393 414 446 472 495
720:0 7 8 9 173 203 253 264 271 272 277 278 282 285 289 324 335 343 351 356 387 409 428 441 472 478 492 530
720:1 7 8 9 173 203 253 264 271 272 277 278 282 285 289 324 335 343 351 356 387 409 428 441 472 478 492 530
721:0 173 203 257 276 352 414
