0
2
3
4
9
12
14
15
17
18
21
26
31
32
34
35
37
40
42
43
44
45
46
47
48
49
51
52
53
54
55
56
57
58
60
61
62
63
64
65
66
67
68
69
70
72
73
74
75
77
79
80
81
83
84
85
86
87
88
89
90
92
94
95
96
97
98
99
100
101
103
104
105
106
107
108
110
111
113
114
115
116
117
119
120
121
122
123
124
125
126
127
128
129
130
131
132
134
135
136
137
138
139
140
142
143
144
145
146
147
148
149
150
151
152
153
154
156
158
163
164
165
166
180
184
200
204
205
206
207
208
210
220
305
306
307
308
309
310
311
312
313
314
315
316
317
318
319
320
321
322
323
324