1:0 22 33 45 73 74 75 76 77 79 230 235
2:0 22 33 45 73 74 75 76 77 79 230 235
3:0 22 33 45 73 74 75 76 77 79 230 235
4:0 10 45 52 53 82 83 99 108 163 184
5:0 10 45 52 53 82 83 99 108 163 184
6:0 10 17 45 52 53 82 83 99 108 163 184
7:0 33 39 44 55 56 110 130 145 182 229 240
8:0 33 39 44 55 56 110 130 145 182 229 240
9:0 33 39 44 55 56 110 130 145 182 229 240
10:0 33 81
11:0 106
12:0 16 18 48 60 77 78 79 93 219 318
13:0 40 81
14:0 106
15:0 31 41 42 97 99 116 228 283
16:0 16 17 18 28 33 97 98 119 297
17:0 16 17 18 28 33 97 98 119 297
18:0 16 17 18 28 33 97 98 119 297
19:0 33 39 98 116 158 162 228 283
20:0 33 39 98 158 162 184 228 283
21:0 31 43 45 64 65 97 119 228 332
22:0 31 43 45 64 65 97 119 228
23:0 35 40 43 44 51 103 114 137 254 255 256
24:0 35 40 43 44 51 103 114 137 254 255 256
25:0 21 39 45 84 85 86 87 97 98 104 113
26:0 39 84 85 98
27:0 10 28 40 111 129 154 163 201 328
28:0 10 28 40 111 129 154 163 201 328
29:0 10 24 39 40 44 45 154 242 260 270
30:0 10 24 39 40 44 45 154 242 260 270
31:0 10 24 34 39 40
32:0 24 30 31 32 40 43 64 116 260 270
33:0 24 30 31 32 40 43 64 116 260 270
34:0 24 37 40 64 116
35:0 1 3 45 47 107 111 113 118 227 236 266 309 322
36:0 3 47 107 118
37:0 39 46 52 53 83 98 109 219 261 286 288
38:0 52 83 98 109 219
39:0 1 3 34 38 47 50 102 111 156 205 304
40:0 3 47 50 111
41:0 17 44 48 109 114 141 212 305 310 314
42:0 17 44 48 103 109 114 141 212 305 310 314
43:0 51 71 77 78 79 80 230 236
44:0 51 71 77 78 79 80 230 236
45:0 71 72 78 80 312
46:0 10 74 77 78 141 147 163 202 312
47:0 10 74 77 78 141 147 163 202 312
48:0 33 48 50 60 77 78 79 93 94 141 193
49:0 16 33 48 50 60 77 78 79 93 94 141 193 318
50:0 10 28 45 89 90 91 163 189 222
51:0 10 28 45 89 90 91 161 163 189 222 328
52:0 6 10 44 45 103 154 163 185 252
53:0 6 10 44 45 103 154 163 185 252
54:0 10 39 50 56 93 103 154 244 346
55:0 10 39 50 56 93 103 154 244 346
56:0 2 10 37 43 67 69 103 116 154 238
57:0 2 10 37 43 67 69 99 103 116 154 238
58:0 36 43 44 46 52 53 97 172 270 316
59:0 44 46 52 245 316
60:0 3 34 55 56 95 145 187 240
61:0 3 34 55 56 95 145 187 240
62:0 3 55 66 95 170
63:0 100
64:0 50 60 93 94 100 105 115 134 248 271 272
65:0 50 60 93 94 100 105 115 134 248 271 347
66:0 2 43 66 67 69 116 184 193 223 233 238 279
67:0 2 43 66 67 69 116 184 193 223 233 238 279
68:0 2 43 66 67 69 116 184 193 223 233 238 279
69:0 21 22 35 51 74 75 77 78 79 230
70:0 21 22 35 51 74 75 77 78 79 230
71:0 22 75 79 230
72:0 35 40 48 51 56 61 103 112 132
73:0 35 40 48 51 56 61 103 112 132
74:0 33 38 88 89 111 120 153 205 222 300 350
75:0 33 38 88 89 111 120 153 205 222 300 350
76:0 33 38 88 89 111 120 153 205 222 300 350
77:0 23 33 36 39 45 52 83 97 126 340
78:0 23 31 33 36 39 45 52 83 97 126 340
79:0 29 33 45 50 55 93 94 133 174 281
80:0 29 33 45 50 55 93 94 110 133 174 281
81:0 33 48 49 84 86 103 129 192 199 209 319
82:0 33 48 49 84 86 103 161 192 199 209 319
83:0 14 28 31 43 64 97 163 206 210 282
84:0 31 45 64 65 97 99 161 228 253
85:0 31 45 64 65 97 99 161 228 253
86:0 29 36 45 58 62 156 196 219
87:0 29 36 45 58 62 156 196 219 329
88:0 1 50 103 106 107 124 139 151 188 262
89:0 1 50 103 106 107 124 139 151 188 262
90:0 33 43 48 58 62 110 128 182
91:0 48 62 110 131 182 191
92:0 95 101 109 122 138 174 180 194 212
93:0 95 101 109 122 138 174 180 194 212 325
94:0 95 101 109 122 138 174 180 194 212 325
95:0 20 21 33 38 88 99 103 106 201 231 328
96:0 1 29 50 93 94 95 96 139 244 248
97:0 1 29 50 93 94 95 96 139 244 248
98:0 11 12 23 43 106 145 152 182 341
99:0 11 12 23 43 106 145 152 182 341
100:0 33 49 103 113 120 129 153 205 209 243 268
101:0 33 49 103 113 120 129 153 205 209 243 268
102:0 73 76 77 78 79 93 95 115 140 253
103:0 23 93 95 121 140
104:0 29 37 38 39 43 45 99 116 125 155 198 206
105:0 29 37 38 39 43 45 99 116 125 155 198 206
106:0 24 25 26 27 96 116 136 170 179 193 203 279 280
107:0 4 5 7 8 9 68 97 183 197 228 279 327
108:0 21 23 35 48 50 103 111 122 282 287
109:0 33 108 114 120 123 124 139 153 194 262
110:0 33 108 114 120 123 124 139 153 194 262
111:0 23 30 31 32 36 39 89 184 224 350
112:0 23 30 31 32 36 39 89 184 224 350
113:0 1 3 38 39 45 47 107 111 113 121 135 287
114:0 20 21 22 71 72 74 77 78 79 132 275 321
115:0 4 5 39 43 44 99 146 179 203 252
116:0 43 55 56 97 108 145 239 349
117:0 43 55 56 97 108 145 239 349
118:0 30 31 32 39 48 64 97 127 175 346
119:0 30 31 32 39 48 64 97 127 175 346
120:0 33 55 56 61 105 106 107 113 129 229 293 322
121:0 55 105 109 129 229
122:0 3 60 93 94 96 112 113 115 164 219 226 227 271 272 278
123:0 14 17 43 97 98 104 116 163 206 210 228
124:0 1 3 8 34 59 122 142 181 195 212 313
125:0 9 43 85 87 98 103 113 129
126:0 7 43 52 53 108 109 123 126 241
127:0 11 12 14 20 66 69 106 116 279 280
128:0 30 33 36 37 39 99 156 184 228
129:0 33 150 175
130:0 37 43 44 56 63 82 239 240 349
131:0 34 45 47 54 55 56 58 109 195 219 240 329
132:0 144
133:0 28 33 36 39 44 45 98 226 270
134:0 28 33 39 44 55 56 62 98 114 151 270
135:0 24 28 33 39 42 84 86 87 97 98 270
136:0 28 33 39 43 44 52 53 83 98 123 270
137:0 33 60 97 105 159 160 161 176 192 199 278
138:0 43 44 55 56 110 132 182 246 321 341
139:0 43 44 55 56 110 131 132 182 246 321 341
140:0 10 28 43 71 72 106 203 246 319 341
141:0 10 28 43 71 72 106 163 203 246 319 341
142:0 17 36 44 48 63 97 184 246
143:0 29 33 34 63 111 133 156 173 187 205 281 335 343
144:0 16 54 58 59 97 115 170 181 329
145:0 64 65 84 86 87 97 113 197 268
146:0 17 52 53 83 97 143 203 219 257
147:0 21 35 43 63 82 86 97 200 219 239
148:0 21 35 43 63 82 86 97 200 219 239
149:0 17 21 35 43 63 82 86 97 200 219 239
150:0 50 54 93 94 105 112 129 133 219 244 248
151:0 1 5 94 118 144 246
152:0 33 34 45 75 76 77 113 115 219 235
153:0 33 34 45 75 76 77 113 115 219 235
154:0 33 34 45 75 76 77 113 115 219 235
155:0 33 43 52 53 98 108 129 172
156:0 33 43 52 53 98 108 129 172
157:0 33 43 52 53 98 108 129 172
158:0 10 43 44 55 56 99 103 163 184
159:0 10 43 44 55 56 99 103 163 184
160:0 10 43 44 55 56 99 103 163 184
161:0 10 21 98 111 133 154 156 266 270
162:0 10 21 98 111 133 154 156 266 270
163:0 33 36 45 64 93 95 115 138 193
164:0 33 36 45 64 93 95 115 138 193
165:0 4 33 38 48 97 113 115 129 219 226
166:0 4 33 38 48 97 113 115 129 219 226
167:0 40 81 94 97 101 132 141 154 169 184
168:0 40 81 94 97 101 132 141 154 169 184
169:0 17 44 48 103 109 114 141 212 305 310 314
170:0 36 48 55 56 86 109 145 175 209 268
171:0 36 48 55 56 86 109 145 175 209 268
172:0 39 84 86 186 204
173:0 1 47 186 204 227
174:0 1 47 111 186 204
175:0 38 45 118 186 204 219 227 266 273 281
176:0 38 45 118 186 204 219 227 266 273 281
177:0 43 64 94 100 101 109 248 273
178:0 43 64 94 100 101 109 248 273
179:0 33 45 84 86 87 113 178
180:0 33 45 84 86 87 113 178
181:0 9 33 45 84 86 87 113 178
182:0 71 76 78 80 230 345
183:0 33 38 39 55 56 61 111 205 240
184:0 33 38 39 55 56 61 111 205 240
185:0 21 38 67 88 102 157 175 185 335
186:0 3 55 95 195 207
187:0 33 39 72 73 77 78 79 150 178 235
188:0 33 39 72 73 77 78 79 150 178 235
189:0 33 39 72 73 77 78 79 150 178 235
190:0 10 28 39 97 103 129 154 226 310 321
191:0 71 72 74 202 235 241 275 283
192:0 1 71 74 75 76 80 241 275 331
193:0 17 33 48 49 98 103 104 193 197 253
194:0 21 39 54 55 89 114 133 240 281 341
195:0 21 39 54 55 89 114 133 240 281 341
196:0 28 33 39 60 93 94 98 129 234 244 270
197:0 28 33 39 98 103 109 185 212 228 236 270
198:0 64 101 114 185 212 228 269 310
199:0 29 33 45 50 55 93 94 174 207 281
200:0 45 60 109 149 180 195 212 220 288 310
201:0 237
202:0 68 194 219 243
203:0 23 33 45 60 93 97 226 242 310 316
204:0 33 36 38 117 120 153 182 191 229
205:0 33 36 38 117 120 153 182 191 229
206:0 36 99 103 111 137 180 228 281 283
207:0 12 28 40 98 103 106 163 185
208:0 20 21 33 38 88 99 103 106 201 231 242
209:0 33 36 39 44 46 99 122 184 204 242
210:0 33 36 39 44 46 99 122 184 204 242
211:0 33 36 40 42 55 56 106 107 191
212:0 14 43 97 98 104 116 163 206 210 228 232
213:0 35 110 117 132 156 219 227
214:0 30 31 33 36 43 68 179 203 224 280
215:0 10 43 97 98 103 154 163 185 196 232 251 269
216:0 10 37 43 122 154 156 163 173 185 313
217:0 10 37 43 122 154 156 163 173 185 313
218:0 34 52 53 88 106 123 133 157 281
219:0 34 52 53 88 106 123 133 157 281
220:0 33 36 54 59 133 181 203 316
221:0 30 31 36 54 59 133 181 203 316
222:0 33 61 105 106 131 145 243 246 287 350
223:0 55 58 60 61 62 63 116 199
224:0 55 58 60 61 62 63 116 132 190
225:0 217
226:0 17 33 36 48 61 97 109 145 352
227:0 28 31 43 64 97 129 191 211 314 319
228:0 43 44 46 52 53 123 185 242 316 336
229:0 43 44 46 52 53 123 185 242 316 336
230:0 43 55 56 97 108 145 239 349
231:0 33 36 38 45 111 175 203 205 316
232:0 30 31 45 89 111 175 205 229 316
233:0 33 60 97 105 111 160 161 176 192 199 278
234:0 23 28 33 36 43 95 109 310 347
235:0 166
236:0 33
237:0 27 68 97 98 116 167 197 228 229 279 283
238:0 1 47 59 93 94 122 181 186 195 212 313
239:0 9 43 85 87 98 103 113 129
240:0 7 43 52 53 108 109 123 126 241
241:0 23 33 34 45 111 117 205 208 215
242:0 1 3 38 39 45 47 107 111 113 121 135 287
243:0 43 44 46 84 87 98 115 209 242 347
244:0 23 43 44 46 52 53 83 126 207 347
245:0 16 43 44 54 56 61 62 240 243 347
246:0 37 43 44 63 89 103 157 184 201 242
247:0 37 43 44 63 89 103 157 184 201 242
248:0 37 43 44 63 89 103 157 184 201 242
249:0 16 18 56 105 129 177 219 240 246 248
250:0 16 18 105 126 129 219 221 241 246 248
251:0 73 93 105 195 215 219 226 246 248
252:0 1 21 43 71 72 97 98 103 197 202 228
253:0 1 21 43 71 97 98 103 197 206 210 228 348
254:0 1 21 43 71 97 98 103 197 206 210 228 348
255:0 10 28 45 52 53 64 83 98 116 119 163
256:0 10 24 28 45 52 64 98 116 119 163 327 339
257:0 7 10 24 28 45 52 64 98 116 119 163 299 327 339
258:0 33 36 45 55 56 117 182 189 193 250 283 300
259:0 33 36 45 55 89 117 182 189 193 283 300 330 341
260:0 33 36 45 55 89 117 182 189 193 283 300 330 341
261:0 28 33 36 44 46 168 184 207 242 269 316 336
262:0 28 33 36 44 46 168 184 207 242 269 316 336
263:0 28 29 33 39 42 45 156 175 187 300 316 343
264:0 28 29 33 39 45 154 156 163 187 300 316 343
265:0 33 40 81
266:0 106
267:0 16 18 71 72 78 202 213 234 318
268:0 106
269:0 16 18 60 92 93 113 182 236 318
270:0 45 54 71 72 240 267 310
271:0 45 56 71 154 168 252 253 267 310 346
272:0 45 71 267 310
273:0 74 106 117 153 235 241 267
274:0 1 13 74 106 185 207 252 259 267 326
275:0 1 74 106 267
276:0 17 45 64 97 98 104 116 283 332
277:0 17 45 64 97 98 104 116 283 332
278:0 17 45 48 54 55 97 98 228
279:0 17 45 48 54 55 56 182 254 255 256 346
280:0 45 93 94 95 100 104 138 248 286 347
281:0 45 93 94 95 100 104 138 248 286 347
282:0 45 93 94 95 100 104 138 248 286 347
283:0 54 61 97 98 114 145 230 346
284:0 16 18 78 98 145 184 230 318 346
285:0 29 33 71 72 73 74 77 78 147 202
286:0 29 33 68 71 72 73 78 170 183 223 327
287:0 10 68 133 175 185 227 281 303 343
288:0 10 68 116 154 163 179 203 227 253 264
289:0 10 68 133 175 185 207 227 281 303 343
290:0 10 28 91 106 141 154 170 189 206 232
291:0 10 14 28 97 103 104 106 141 154 163 170 210 226
292:0 10 28 106 109 141 154 170 180 247 288
293:0 1 23 46 48 103 156 214 253 304 310 336
294:0 1 23 46 48 103 156 214 253 304 310 336
295:0 1 23 46 48 63 103 156 214 253 304 310 336
296:0 18 28 33 69 116 179 187 203 233 252 265 282 292
297:0 18 28 33 69 116 179 187 203 233 252 265 282 292
298:0 21 39 55 145 150 204
299:0 33 86 88 106 156 157 192 199 201 335
300:0 3 33 38 39 45 47 185 204 213 215 274 343
301:0 3 45 47 213
302:0 10 43 101 109 154 185 193 197 212 247 252 282 310
303:0 11 44 185 226 230 242 254 255 256 310 313 334
304:0 29 33 36 38 46 106 182 189 231 232 319 334
305:0 29 33 36 38 46 106 182 189 231 232 319 334
306:0 29 33 36 38 46 106 182 189 231 232 319 334
307:0 93 96 105 117 136 170 179 197 237 244 347
308:0 7 8 9 93 96 105 117 136 170 179 197 237 244 347
309:0 33 43 44 46 86 87 98 209 268 316 336
310:0 33 43 44 46 86 87 98 209 268 316 336
311:0 45 86 87 97 98 209 226 227 268 270 313
312:0 45 86 87 97 98 204 209 226 227 268 270
313:0 33 38 98 104 109 182 236 270 294 324
314:0 33 98 204 227 230 236 260 270 273 343
315:0 40 71 72 73 74 78 80 92 202 230 235 275 312 320 345
316:0 1 92 124 133 139 188 227 254 255 256 281
317:0 1 34 92 124 133 139 188 227 254 255 256 281
318:0 36 43 44 97 99 103 116 184 207 242
319:0 43 44 97 99 103 116 130 163 184 207 242 269
320:0 45 54 55 56 133 150 156 205 250 310 323 352
321:0 45 54 55 56 133 150 156 205 250 310 323 352
322:0 33 36 38 45 52 53 89 116 133 222
323:0 33 36 45 52 89 90 116 133 157 222 284
324:0 34 52 53 83 108 123 133 174 175 182 257 334
325:0 60 94 109 149 150 156 173 244 277 316 340
326:0 60 94 109 149 150 156 173 244 277 316 340
327:0 33 37 38 60 95 146 175 185 244 253 298
328:0 28 44 63 91 185 201 242 328
329:0 28 44 63 103 185 201 225 242 328
330:0 28 44 63 103 185 201 225 242 328
331:0 28 40 42 43 71 73 74 178 185 191 201 275 302
332:0 28 40 42 43 71 73 74 178 185 191 201 275 302
333:0 31 36 45 47 54 64 119 195 219 287 310
334:0 31 36 45 47 54 64 143 195 219 225 287 310 349
335:0 10 14 43 98 163 197 206 210 228 269 306
336:0 35 44 103 114 122 137 207 242 305 342
337:0 33 88 93 94 95 106 149 153 248 322
338:0 33 76 83 88 93 106 149 153 157 322
339:0 55 89 90 133 156 173 189 222 248 300 346
340:0 55 89 90 133 156 173 189 222 248 300 321 346
341:0 11 12 14 43 61 106 145 152 182 269 282
342:0 11 12 14 43 61 106 145 152 182 269 282
343:0 60 93 106 120 153 189 201 229 246 317 322
344:0 60 63 93 100 106 120 153 189 201 229 246 317 322
345:0 51 109 132 133 246 254 255 256 275 310
346:0 51 109 132 133 246 254 255 256 275 310
347:0 10 55 106 163 182 210 232 246 300 350
348:0 10 55 106 163 182 210 232 246 300 350
349:0 33 150 175
350:0 35 55 56 105 213 219 239 240 287 346 352
351:0 33 52 55 181 240 241 258 311
352:0 10 20 39 60 103 122 154 163 164 168 185 246 310
353:0 101 103 174 180 185 247 261 282 288 289
354:0 101 103 174 180 185 247 261 282 288 289
355:0 43 50 101 109 174 193 212 228 248 261 310
356:0 20 43 50 101 109 174 193 212 228 248 261 310 325
357:0 16 18 23 34 43 74 75 76 230 235 345
358:0 35 36 38 45 93 94 149 215 219 253 281 310
359:0 10 13 14 43 44 98 104 163 195 248 269
360:0 68 150 194 204 219 227 243
361:0 29 43 44 58 59 104 181 182 196 242 258
362:0 29 43 44 58 59 104 181 182 196 242 258 329
363:0 34 45 55 59 62 156 173 181 227 258 301 329
364:0 34 45 55 59 62 156 173 181 227 258 301 329
365:0 34 45 55 59 62 156 173 181 227 258 301 329
366:0 55 128 250 334
367:0 44 56 103 184 226 242 250 352
368:0 56 93 94 97 133 226 250 352
369:0 33 36 38 55 56 106 156 246 281 300 317
370:0 33 36 55 97 175 186 204 213 219
371:0 29 38 43 44 52 99 116 184 225 242 337
372:0 29 38 43 44 52 99 116 182 184 225 242 337
373:0 19 29 38 43 44 52 99 116 182 184 225 242 337
374:0 36
375:0 36 63 93 94 97 184 228 232 309 334
376:0 36 63 93 94 97 184 228 232 309 334
377:0 63 88 153 174 192 199 246 276 334
378:0 63 133 153 174 192 196 199 246 276
379:0 63 133 153 174 192 199 232 246 276 334
380:0 94 105 149 204 219 225 270 273 287 296 346
381:0 94 105 149 182 219 225 262 270 287 295 349
382:0 34 38 56 58 156 184 246 323 329 347 352
383:0 76 89 90 126 156 163 184 246 284 339 341
384:0 19 63 156 184 200 239 242 245 246 337 349
385:0 38 93 94 129 156 248 270 273 287 322 353
386:0 35 43 94 97 101 104 105 129 228 245 282 354
