11:0 33 81
12:0 33 81 106
14:0 40 81
15:0 40 81 106
20:0 116
22:0 332
25:0 186 204
26:0 21 45 87 97 104 113 186 204
31:0 44 45 154 242 260 270
34:0 30 31 32 43 260 270
35:0 186 196 204
36:0 1 45 111 113 186 196 204 227 236 266 309 322
38:0 39 46 53 261 286 288
39:0 186 196 204
40:0 1 156 186 196 204 205 304
45:0 51 77 79 230 236
59:0 36 43 53 97 172 270
62:0 56 145 187 240
65:0 272
71:0 21 35 51 74 77 78
82:0 129
91:0 33 43 58 128
103:0 73 76 77 78 79 115 253
106:0 33
107:0 33
121:0 33 56 61 106 107 113 293 322
124:0 47 93 94 186
130:0 33 150 175
134:0 36 45 226
135:0 36 44 45 226
136:0 36 45 226
182:0 51 77 79 236
183:0 21 145 150 204
184:0 21 145 150 204
186:0 56 145 187 240
192:0 72 202 235 283
196:0 36 44 45 226
197:0 36 44 45 226
199:0 133
202:0 150 204 227
208:0 328
212:0 17
221:0 33
224:0 199
232:0 33 36 203
233:0 159
237:0 33
253:0 72 202
254:0 72 202
256:0 53 83
257:0 53 83
259:0 56 250
260:0 56 250
264:0 42 175
266:0 33 40 81
267:0 33 40 81 106
268:0 33 40 81
269:0 33 40 81 106
271:0 54 72 240
272:0 54 56 72 154 168 240 252 253 346
274:0 117 153 235 241
275:0 13 117 153 185 235 241 252 259 326
279:0 97 98 228
284:0 54 61 97 114
286:0 74 77 147 202
288:0 133 175 185 281 303 343
289:0 116 154 163 179 203 253 264
291:0 91 189 206 232
292:0 91 189 206 232
301:0 33 39 185 204 215 274 343
319:0 36
323:0 53
329:0 91
330:0 91
334:0 119
350:0 33 150 175
367:0 55 128 334
368:0 55 128 334
407:0 34 38 40 71 72 73 74 78 80 92 102 164 171 202 207 230 235 275 312 320 345
424:0 10 28 34 38 39 69 86 97 102 103 129 138 154 164 171 207 226 310 321
429:0 38 45 60 86 102 109 138 149 164 171 180 195 207 212 220 288 310
430:0 38 64 86 101 102 114 138 143 164 171 185 196 207 212 228 269 310
461:0 10 38 43 97 98 102 103 138 154 163 164 171 185 196 207 232 251 269
462:0 33 38 48 49 84 86 102 103 129 161 164 192 199 207 209 319
463:0 21 23 34 35 38 48 50 69 102 103 111 122 138 164 171 196 207 282 287
464:0 23 30 31 32 34 36 38 39 69 89 102 164 184 196 207 224 350
465:0 20 21 22 34 38 71 72 74 77 78 79 102 132 164 207 275 321
466:0 9 34 38 43 69 85 86 87 98 102 103 113 129 164 207
467:0 7 34 38 43 52 53 69 102 108 109 123 126 164 207 241
468:0 34 38 45 69 86 102 118 138 143 164 186 204 207 219 227 266 273 281
469:0 17 33 38 48 49 98 102 103 104 138 164 193 197 207 253
470:0 28 33 34 36 38 39 44 45 98 102 164 207 226 270
471:0 28 33 34 36 38 39 44 45 98 102 164 207 226 270
472:0 12 28 38 40 98 102 103 106 138 163 164 185 207
473:0 30 31 33 34 36 38 54 59 102 133 164 181 196 203 207 316
474:0 33 38 60 86 97 102 105 111 138 159 160 161 164 171 176 192 196 199 207 278
475:0 34 38 45 86 93 94 95 100 102 104 138 164 171 196 207 248 286 347
476:0 33 34 38 86 88 102 106 120 156 157 164 192 199 201 207 335
477:0 20 34 38 43 50 69 101 102 109 138 164 171 174 193 196 207 212 228 248 261 310 325
478:0 29 34 38 43 44 58 59 102 104 164 181 182 196 207 242 258
700:0 28 33 34 36 38 39 44 45 98 102 164 207 226 270
