1:0 34 38 102 164 207
2:0 34 38 102 164 207
3:0 34 38 102 164 207
4:0 34 38 69 102 164 207
5:0 34 38 69 102 164 207
6:0 34 38 69 102 164 207
7:0 34 38 69 102 164 196 207
8:0 34 38 69 102 164 196 207
9:0 34 38 69 102 164 196 207
12:0 38 102 138 164 171 207
15:0 38 102 164 207
16:0 38 102 143 164 207
17:0 38 102 143 164 207
18:0 38 102 143 164 207
19:0 34 38 86 102 164 196 207
20:0 34 38 86 102 164 196 207
21:0 38 102 143 164 207
22:0 38 102 143 164 207
23:0 34 38 102 164 207
24:0 34 38 102 164 207
25:0 34 38 69 86 102 164 207
26:0 34 38 69 86 102 164 207
27:0 34 38 69 102 164 207
28:0 34 38 69 102 164 207
29:0 34 38 102 164 207
30:0 34 38 102 164 207
31:0 34 38 69 102 164 196 207
32:0 34 38 102 164 207
33:0 34 38 102 164 207
34:0 34 38 69 102 164 196 207
35:0 34 38 69 86 102 138 164 171 207
36:0 34 38 69 86 102 138 164 171 207
37:0 34 38 102 164 207
38:0 34 38 102 164 207
39:0 34 38 69 86 102 138 164 171 207
40:0 34 38 69 86 102 138 164 171 207
41:0 38 102 164 207
42:0 38 102 164 207
43:0 38 102 164 207
44:0 38 102 164 207
45:0 34 38 102 164 207
46:0 34 38 102 164 207
47:0 34 38 102 164 207
48:0 38 102 164 207
49:0 38 102 164 207
50:0 34 38 102 164 207
51:0 34 38 102 164 207
52:0 34 38 102 138 164 171 196 207
53:0 34 38 102 138 164 171 196 207
54:0 34 38 69 102 164 196 207
55:0 34 38 69 102 164 196 207
56:0 34 38 69 102 164 207
57:0 34 38 69 102 164 207
58:0 34 38 102 164 207
59:0 34 38 102 164 207
60:0 34 38 102 164 196 207
61:0 34 38 69 102 164 196 207
62:0 34 38 69 102 164 196 207
63:0 34 38 69 86 102 138 164 171 207
64:0 34 38 69 86 102 138 164 171 207
65:0 34 38 69 86 102 138 164 171 207
66:0 34 38 69 102 164 207
67:0 34 38 69 102 164 207
68:0 34 38 69 102 164 207
69:0 38 102 164 207
70:0 38 102 164 207
71:0 34 38 102 164 207
72:0 38 102 164 196 207
73:0 38 102 164 196 207
74:0 34 38 69 102 120 164 207
75:0 34 38 69 102 120 164 207
76:0 34 38 69 102 120 164 207
77:0 34 38 102 164 207
78:0 34 38 102 164 207
79:0 34 38 86 102 138 164 171 196 207
80:0 34 38 69 86 102 138 164 171 196 207
81:0 38 86 102 164 207
82:0 38 86 102 164 207
83:0 34 38 102 164 207
84:0 34 38 102 143 164 207
85:0 34 38 102 143 164 207
86:0 34 38 102 164 196 207
87:0 34 38 102 164 196 207
88:0 34 102 120 164 207
89:0 34 102 120 164 207
90:0 38 102 120 164 196 207
91:0 38 102 120 164 196 207
92:0 102 120 138 164 171 207
93:0 102 120 138 164 171 207
94:0 34 38 69 102 120 138 164 171 207
95:0 34 38 102 120 164 207
96:0 34 38 69 86 102 138 164 171 207
97:0 34 38 69 86 102 138 164 171 207
98:0 34 38 102 164 196 207
99:0 34 38 102 164 196 207
100:0 86 102 120 164 207
101:0 86 102 120 164 207
102:0 38 102 120 138 164 171 207
103:0 38 102 120 138 164 171 207
104:0 34 38 69 102 164 196 207
105:0 34 38 69 102 164 196 207
106:0 34 38 69 102 164 207
107:0 34 38 69 102 164 207
108:0 34 38 69 102 138 164 171 196 207
109:0 102 120 164 207
110:0 102 120 164 207
111:0 34 38 102 164 196 207
112:0 34 38 69 102 164 196 207
113:0 34 38 69 86 102 138 164 196 207
114:0 34 38 102 164 207
115:0 34 38 69 102 164 196 207
116:0 38 102 164 196 207
117:0 38 102 164 196 207
118:0 38 102 164 196 207
119:0 38 102 164 196 207
120:0 38 86 102 164 196 207
121:0 38 86 102 138 164 171 196 207
122:0 34 38 69 86 102 138 164 171 207
123:0 38 102 164 207
124:0 34 38 69 102 138 164 171 196 207
125:0 34 38 69 86 102 164 207
126:0 34 38 69 102 164 207
127:0 34 38 69 102 164 207
128:0 34 38 102 164 196 207
130:0 34 38 86 102 164 196 207
131:0 34 38 102 138 164 171 196 207
133:0 34 38 102 164 207
134:0 34 38 102 164 196 207
135:0 34 38 86 102 164 207
136:0 34 38 102 164 207
137:0 38 86 102 138 164 171 196 207
138:0 34 38 102 164 196 207
139:0 34 38 69 102 164 196 207
140:0 34 38 102 164 196 207
141:0 34 38 69 102 164 196 207
142:0 38 102 143 164 207
143:0 34 38 69 102 120 164 196 207
144:0 38 102 143 164 196 207
145:0 38 86 102 143 164 207
146:0 38 102 143 164 207
147:0 34 38 86 102 164 196 207
148:0 34 38 86 102 164 196 207
149:0 34 38 86 102 164 196 207
150:0 34 38 69 86 102 120 138 164 171 196 207
151:0 34 38 69 86 102 120 138 143 164 171 196 207
152:0 34 38 102 164 207
153:0 34 38 102 164 207
154:0 34 38 102 164 207
155:0 34 38 102 164 207
156:0 34 38 102 164 207
157:0 34 38 69 102 164 207
158:0 34 38 69 102 164 196 207
159:0 34 38 69 102 164 196 207
160:0 34 38 69 102 164 196 207
161:0 34 38 102 164 207
162:0 34 38 102 164 207
163:0 38 102 138 143 164 171 207
164:0 38 102 138 143 164 171 207
165:0 38 102 164 207
166:0 38 102 164 207
167:0 34 38 102 164 207
168:0 34 38 102 164 207
169:0 38 102 164 207
170:0 38 86 102 164 207
171:0 38 86 102 164 207
172:0 34 38 69 86 102 164 207
173:0 34 38 69 86 102 138 164 171 196 207
174:0 34 38 69 86 102 138 164 171 196 207
175:0 34 38 69 86 102 138 164 207
176:0 34 38 69 86 102 138 143 164 207
177:0 38 86 102 138 143 164 171 207
178:0 38 86 102 138 143 164 171 207
179:0 34 38 86 102 164 207
180:0 34 38 69 86 102 164 207
181:0 34 38 69 86 102 164 207
182:0 38 102 164 207
183:0 34 38 69 102 164 196 207
184:0 34 38 69 102 164 196 207
185:0 34 38 69 102 120 164 207
186:0 34 38 69 102 164 196 207
187:0 38 102 164 207
188:0 38 102 164 207
189:0 38 102 164 207
190:0 34 38 69 86 102 138 164 171 207
191:0 38 102 164 207
192:0 38 102 164 207
193:0 38 102 138 164 207
194:0 34 38 102 164 207
195:0 34 38 69 102 164 207
196:0 34 38 102 138 164 171 207
197:0 34 38 102 138 164 171 207
198:0 38 86 102 138 143 164 171 196 207
199:0 34 38 69 86 102 138 164 171 196 207
200:0 38 86 102 138 164 171 207
203:0 34 38 86 102 138 164 171 207
204:0 34 38 102 120 164 207
205:0 34 38 102 120 164 207
206:0 34 38 86 102 138 164 171 207
207:0 38 102 138 164 207
208:0 34 38 102 120 164 207
209:0 34 38 69 86 102 164 207
210:0 34 38 69 86 102 164 207
211:0 38 86 102 120 164 196 207
212:0 38 102 164 207
213:0 34 38 102 164 207
214:0 34 38 69 102 164 207
215:0 38 102 138 164 171 196 207
216:0 34 38 69 102 164 207
217:0 34 38 69 102 164 207
218:0 34 38 102 120 164 207
219:0 34 38 102 120 164 207
220:0 34 38 102 164 196 207
221:0 34 38 102 164 196 207
222:0 34 38 102 120 164 207
223:0 38 86 102 164 207
224:0 38 69 86 102 164 207
225:0 34 38 69 102 143 164 196 207
226:0 34 38 102 164 196 207
227:0 38 102 143 164 207
228:0 34 38 102 138 164 171 207
229:0 34 38 102 138 164 171 207
230:0 34 38 102 164 196 207
231:0 34 38 102 164 207
232:0 34 38 102 164 207
233:0 38 86 102 138 164 171 196 207
234:0 34 38 86 102 138 164 171 207
236:0 34 38 69 102 164 207
237:0 34 38 69 102 164 207
238:0 34 38 69 102 138 164 171 196 207
239:0 34 38 69 86 102 164 207
240:0 34 38 69 102 164 207
241:0 34 38 69 86 102 164 196 207
242:0 34 38 69 86 102 138 164 196 207
243:0 34 38 86 102 164 207
244:0 34 38 102 164 207
245:0 34 38 102 164 196 207
246:0 34 38 102 164 207
247:0 34 38 102 164 207
248:0 34 38 69 86 102 164 171 207
249:0 34 38 86 102 138 164 171 196 207
250:0 38 86 102 138 143 164 171 207
251:0 38 102 138 164 171 207
252:0 34 38 69 102 164 207
253:0 34 38 69 102 164 207
254:0 34 38 69 102 164 207
255:0 34 38 69 102 164 207
256:0 34 38 69 102 164 207
257:0 34 38 69 102 164 207
258:0 34 38 102 164 196 207
259:0 34 38 69 102 164 196 207
260:0 34 38 69 102 164 196 207
261:0 34 38 102 164 207
262:0 34 38 102 164 207
263:0 34 38 86 102 164 196 207
264:0 34 38 86 102 164 196 207
267:0 38 102 164 207
269:0 38 102 164 207
270:0 34 38 102 164 196 207
271:0 34 38 102 164 196 207
272:0 34 38 69 102 164 196 207
273:0 34 38 102 120 164 207
274:0 34 38 102 120 164 207
275:0 34 38 102 120 164 207
276:0 38 102 143 164 207
277:0 38 102 143 164 207
278:0 38 102 143 164 196 207
279:0 38 102 143 164 196 207
280:0 34 38 86 102 138 164 171 196 207
281:0 34 38 86 102 138 164 171 196 207
282:0 34 38 86 102 138 164 171 196 207
283:0 38 102 164 196 207
284:0 38 102 164 171 196 207
285:0 34 38 102 164 207
286:0 34 38 69 102 164 207
287:0 34 38 69 102 164 196 207
288:0 34 38 69 102 164 196 207
289:0 34 38 69 102 164 196 207
290:0 38 102 164 207
291:0 38 102 164 207
292:0 38 102 138 164 171 207
293:0 34 38 69 102 164 196 207
294:0 34 38 69 102 164 196 207
295:0 34 38 69 102 164 196 207
296:0 34 38 69 102 164 207
297:0 34 38 69 102 164 207
298:0 34 38 102 164 196 207
299:0 34 38 86 102 120 164 207
300:0 34 38 86 102 138 164 196 207
301:0 34 38 86 102 138 164 196 207
302:0 34 38 69 102 138 164 171 207
303:0 34 38 69 102 164 196 207
304:0 34 38 102 164 207
305:0 34 38 102 164 207
306:0 34 38 69 86 102 164 196 207
307:0 34 38 69 102 138 164 207
308:0 34 38 69 102 138 164 207
309:0 34 38 86 102 164 207
310:0 34 38 86 102 164 207
311:0 34 38 69 86 102 164 207
312:0 34 38 69 86 102 164 207
313:0 34 38 69 86 102 164 207
314:0 34 38 69 86 102 164 207
315:0 34 38 102 164 171 207
316:0 34 38 102 120 138 164 171 207
317:0 34 38 102 120 138 164 171 207
318:0 38 102 164 196 207
319:0 38 102 164 196 207
320:0 34 38 102 120 164 196 207
321:0 34 38 102 120 164 196 207
322:0 34 38 102 164 207
323:0 34 38 102 120 164 207
324:0 34 38 102 120 164 207
325:0 34 38 102 138 164 196 207
326:0 34 38 69 102 138 164 196 207
327:0 34 38 69 102 138 164 171 196 207
328:0 34 38 102 164 207
329:0 34 38 102 164 207
330:0 34 38 102 164 207
331:0 34 38 69 102 164 207
332:0 34 38 69 102 164 207
333:0 34 38 102 138 143 164 207
334:0 34 38 102 138 143 164 207
335:0 34 38 69 86 102 164 196 207
336:0 34 38 102 164 207
337:0 34 38 102 120 138 164 207
338:0 34 38 69 102 120 138 164 207
339:0 38 102 164 196 207
340:0 38 102 164 196 207
341:0 34 38 102 164 196 207
342:0 34 38 102 164 196 207
343:0 38 102 120 138 164 207
344:0 38 102 120 138 164 207
345:0 34 38 102 164 207
346:0 34 38 102 164 207
347:0 34 38 102 164 207
348:0 34 38 69 102 164 207
349:0 38 102 164 196 207
350:0 34 38 102 164 196 207
351:0 34 38 86 102 164 196 207
352:0 34 38 69 86 102 164 196 207
353:0 34 38 86 102 138 164 171 196 207
354:0 34 38 86 102 138 164 171 196 207
355:0 34 38 102 138 164 171 196 207
356:0 34 38 69 102 138 164 171 196 207
357:0 34 38 102 164 207
358:0 38 102 138 164 171 196 207
359:0 34 38 86 102 138 164 171 196 207
361:0 34 38 102 164 196 207
362:0 34 38 102 120 164 196 207
363:0 34 38 102 164 196 207
364:0 34 38 102 164 196 207
365:0 34 38 102 164 196 207
366:0 34 38 102 164 196 207
367:0 34 38 102 164 196 207
368:0 34 38 102 164 196 207
369:0 34 38 102 164 196 207
370:0 38 102 164 196 207
371:0 34 38 102 164 207
372:0 34 38 102 164 207
373:0 34 38 102 164 207
375:0 34 38 102 120 164 196 207
376:0 34 38 102 120 164 196 207
377:0 34 38 69 86 102 120 164 207
378:0 34 38 69 86 102 120 164 196 207
379:0 34 38 69 86 102 120 164 207
380:0 34 38 86 102 138 164 196 207
381:0 34 38 86 102 138 164 196 207
382:0 34 38 86 102 164 196 207
383:0 34 38 69 86 102 164 207
384:0 34 38 86 102 164 196 207
385:0 34 38 86 102 138 164 171 196 207
386:0 171
