12:0 93 314 355
16:0 16 211 290
17:0 16 211 290
18:0 16 211 290
19:0 98 231 382
20:0 98 231 382
21:0 64 185 211
22:0 64 185 211
29:0 10 162 389
30:0 10 162 389
31:0 10 162 389
32:0 64 68 162
33:0 64 68 162
34:0 64 68 162
37:0 46 257 399
38:0 46 257 399
39:0 47 270 313
40:0 47 270 313
41:0 48 95 162
42:0 48 95 162
43:0 202 230 298
44:0 202 230 298
45:0 202 230 298
52:0 10 95 290
53:0 10 95 290
54:0 227 346 362
55:0 227 346 362
56:0 9 67 179
57:0 9 67 179
58:0 34 44 203
59:0 34 44 203
60:0 54 95 214
61:0 54 95 114 214 240 352
62:0 54 95 114 214 240 352
63:0 100 285 356
64:0 100 285 356
65:0 100 285 356
66:0 67 270 418
67:0 67 270 418
68:0 67 270 418
69:0 22 235 402
70:0 22 235 402
71:0 22 235 402
72:0 48 202 367
73:0 48 202 367
77:0 33 37 257
78:0 33 37 257
79:0 281 335 362
80:0 281 335 362
81:0 278 319 356
82:0 278 319 356
83:0 210 348 355
84:0 45 175 355
85:0 45 175 355
86:0 29 214 333
87:0 29 214 333
90:0 110 112 196
91:0 110 112 196
92:0 50 95 482
93:0 50 95 482
94:0 50 95 482
96:0 95 409 427
97:0 95 409 427
98:0 11 133 290
99:0 11 133 290
102:0 140 202 235
103:0 140 202 235
106:0 183 252 364
107:0 183 252 364
108:0 122 214 431
109:0 123 399 482
110:0 123 399 482
111:0 30 38 68
112:0 30 38 68
114:0 73 79 402
115:0 68 252 409
116:0 145 190 362
117:0 145 190 362
118:0 60 64 352
119:0 60 64 203 214 352
120:0 55 196 278
121:0 55 196 278
122:0 112 285 298
123:0 98 203 226
124:0 186 285 445
125:0 84 238 393
126:0 9 52 257
128:0 99 231 431
129:0 150 340
130:0 150 340
131:0 32 109 196
133:0 129 204 270
134:0 129 204 270
135:0 129 204 270
136:0 129 204 270
138:0 44 196 330
139:0 44 196 330
140:0 71 175 446
141:0 71 175 446
142:0 44 372 446
147:0 86 225 352
148:0 86 225 352
149:0 86 225 352
150:0 505 542
161:0 10 203 343
162:0 10 203 343
163:0 101 193 278
164:0 101 193 278
165:0 4 9 450
166:0 4 9 450
167:0 40 450 527
168:0 40 450 527
169:0 48 95 162
170:0 86 133 351
171:0 86 133 351
174:0 47 270 313
177:0 101 202 297
178:0 101 202 297
179:0 84 115 351
180:0 84 115 351
181:0 84 115 351
182:0 202 230 298
183:0 8 111 453
184:0 8 111 453
185:0 175 205 272
186:0 54 95 114 214 240 352
187:0 227 235 270 331 340
188:0 227 235 270 331 340
189:0 227 235 270 331 340
191:0 72 230 414
192:0 72 230 414
193:0 98 202 364
194:0 34 55 401
195:0 34 55 401
196:0 129 204 270
197:0 129 204 270
198:0 64 109 355
199:0 281 335 362
200:0 149 194 517
202:0 204 227
203:0 93 243 285
207:0 28 364 366
209:0 38 204 370
210:0 38 204 370
211:0 40 290 453
212:0 98 203 226
216:0 242 264 313
217:0 242 264 313
218:0 52 257 517
219:0 52 257 517
222:0 109 145 446
223:0 199 350 362
224:0 199 350 362
225:0 217 264 420
226:0 48 243 314
227:0 64 65 355
228:0 336 364 399
229:0 336 364 399
230:0 145 190 362
231:0 175 402 484
232:0 175 402 484
234:0 33 50 285
235:0 166
236:0 183 252 364
237:0 183 252 364
238:0 186 285 445
239:0 84 238 393
240:0 9 52 257
241:0 111 174 231
246:0 44 399 446
247:0 44 399 446
248:0 44 399 446
261:0 33 305 399
262:0 33 305 399
263:0 33 271 387
264:0 33 271 387
270:0 71 73 352
271:0 71 73 352
272:0 71 73 352
276:0 64 119 203 366 413
277:0 64 119 203 366 413
278:0 55 239 351
279:0 55 239 351
280:0 93 194 270
281:0 93 194 270
282:0 93 194 270
283:0 56 145 202
284:0 56 145 202
296:0 8 270 292
297:0 8 270 292
300:0 193 321 445
301:0 193 321 445
302:0 180 193 389
303:0 8 313 424
307:0 96 203 409
308:0 96 203 409
309:0 86 324 423
310:0 86 324 423
313:0 148 271 366
314:0 204 313 366
318:0 37 44 399
319:0 37 44 399
320:0 55 214 340
321:0 55 214 340
322:0 34 52 257
323:0 34 52 257
324:0 52 90 446
325:0 149 278 285
326:0 149 278 285
327:0 252 276 383
328:0 44 202 324
329:0 44 202 324
330:0 44 202 324
331:0 9 71 298
332:0 9 71 298
333:0 64 297 355
334:0 64 297 355
337:0 236
338:0 234
339:0 189 209 214
340:0 189 209 214
341:0 106 232 283
342:0 106 232 283
345:0 51 202 243
346:0 51 202 243
347:0 10 440 446
348:0 10 440 446
349:0 150 243 445
350:0 150 243 445
351:0 52 352 466
353:0 101 194 220
354:0 101 185 194 220 247 506 538
355:0 50 220 271
356:0 50 220 271
357:0 16 73 318
358:0 35 95 304
359:0 224 276 364
366:0 250 392 445
367:0 250 392 445
368:0 250 392 445
369:0 55 214 414
370:0 196 204 300
371:0 44 200 349
372:0 44 200 349
373:0 44 200 349
374:0 36 428 442
375:0 36 428 442
376:0 36 428 442
397:0 17 297 366
398:0 17 297 366
399:0 33 290 401
400:0 33 290 401
403:0 268 393 400
404:0 268 393 400
405:0 268 393 400
412:0 173 182 450
413:0 173 182 450
413:1 173 182 450
413:2 173 182 450
414:0 173 182 450
417:0 98 343 351
418:0 55 163 352
419:0 55 163 352
422:0 189 281 290
423:0 189 281 290
425:0 95 107 285
426:0 95 107 285
427:0 193 252 409
428:0 193 252 409
429:0 149 194 517
430:0 64 109 355
431:0 252 290 372
432:0 252 290 372
434:0 103 389 492
435:0 103 389 492
436:0 95 285 356
437:0 95 285 356
441:0 119 272 417
442:0 180 196 220
449:0 44 254 276
450:0 44 254 276
451:0 44 97 401
452:0 44 97 401
453:0 40 409 441
454:0 40 409 441
456:0 186 213 352
457:0 186 213 352
462:0 278 319 356
463:0 122 214 431
464:0 30 38 68
465:0 73 79 402
466:0 84 238 393
467:0 9 52 257
468:0 217
469:0 98 202 364
470:0 129 204 270
471:0 129 204 270
472:0 28 364 366
475:0 93 194 270
477:0 50 220 271
479:0 86 324 351
479:1 86 324 351
479:2 86 324 351
479:3 86 324 351
479:4 86 324 351
479:5 86 324 351
511:0 437
513:0 257
515:0 56
519:0 16 95 234
525:0 174 484
529:0 229 319 431
535:0 352 414
545:0 276
546:0 388
548:0 204
550:0 29 97 428
553:0 212
556:0 191
558:0 68
561:0 257 500
564:0 334
575:0 286
577:0 271 286
578:0 271 286
580:0 362 382
583:0 420
587:0 204
588:0 450
594:0 220 243 392
596:0 228
600:0 356 393
605:0 112 417
610:0 68
616:0 226
618:0 174 281
621:0 44 389 424
622:0 7 9
624:0 389 427
631:0 202 257
632:0 422
