27:0 68 306 157 175 229 232 14 219
37:0 257 175 244 95 180 336 185 50
41:0 18 16|98 16|98 185|18 98|228 98|228 185|185 16|228 16|18 185|18 228
43:0 175 75|75 235|275 235|204 75|204 235|275 175|75 14|275 75|175 235
54:0 238 193 60 94 95 248 113 287
63:0 227 112|7 8|7 9|8 9|7 112|9 112
66:0 68 265|227 113|227 96|157 265|227 265|68 27|27 96|27 113|96 113|157 227
72:0 243 109|109 219|109 229|243 219|229 62
74:0 157 335
84:0 283 98|283 48|114 98|114 48|98 48|114 185|98 185|48 185
88:0 325 174|325 286|325 212|122 174|153 114|122 114|174 212|174 286|212 286|325 114|153 325|153 122|325 122|212 114|153 212|174 114|122 212|153 174
109:0 60 149|60 220|103 149|103 60|261 220|149 220|103 261|103 220
111:0 68 306 222 157 174 242 179 14
116:0 190 62|62 50|225 150|225 82|175 150|175 82|82 150|225 175
118:0 56 214|56 300|56 114|214 300|60 114
127:0 206 31|206 185|175 31
172:0 273 3 227 179 217 268 117
174:0 273 185|313 185|273 313|273 217
177:0 114 98|114 65|98 65|114 185|114 287|98 287|98 185|65 185|297 114|297 98|297 287|297 185
183:0 248 133|113 217|113 133|48 133|195 113|195 164|187 113|187 133|248 113|187 195|113 164|248 217
203:0 273 36 277 193 244 248 251 133
214:0 206 106|175 117|106 175
222:0 54 109|109 133|275 133|112 133|103 112|157 133|103 157|275 157|109 112|275 109|54 133|103 109|157 109|275 112
227:0 143 228|143 65|228 65|18 228
231:0 34 68 173 90 246 116
252:0 306 242|225 242|283 300
255:0 68 207 157 179 265 203
258:0 174 287|243 287|23 253|23 287|174 301|174 23
261:0 343 310 43 281 305
263:0 204 228 164 321 271
270:0 175 75|75 235|73 75|230 235|55 230|73 230|175 230|75 230|55 175|73 235|175 235
273:0 36 206 73 13 98 133
276:0 143 287|228 287|143 228|48 99|99 287|143 99|228 48|228 99|119 287|119 143|119 228|119 99
278:0 346 16|239 346
280:0 261 194|261 262|261 212|194 262|262 212|194 212|261 50|194 50|262 50|212 50
283:0 56 193|193 60|170 56|56 60|341 56|341 193
285:0 206 207|313 270|204 270|204 313|206 313
287:0 34 306 173 174 228 163 214
290:0 318 16|185 16
293:0 36 173 207 326 265
296:0 197 185|223 193|279 270|68 270|279 197|223 197|238 279|185 270|68 238|193 197|238 223|193 270|197 270|68 193|68 279|238 193|68 223|193 185|223 279|223 185|68 185|68 197|193 279
298:0 227 47|47 287|47 321
299:0 153 205|153 222|205 222
300:0 273 226 244 313 164 253 270 321
302:0 105 244
303:0 206 244 246 14 321 305
304:0 34 23|23 265|23 283
307:0 223 7|223 193|223 8|223 9|223 252|226 252|7 252|193 252|8 252|9 252|226 7|226 8|226 9|7 9|8 9|193 7|7 8|193 8|193 9
309:0 174 242 129 29 253
311:0 273 164
312:0 273 164
313:0 226 271|226 318
314:0 226 318
315:0 42 178|191 42|191 178
316:0 123 151|123 220
318:0 37 38|37 56|38 56
320:0 37 173 207 38 174 90 214 321
322:0 34 205 23 111 336 184
324:0 281 214 284 203
325:0 326 248 164 271
327:0 273 274 157 226 227 265 50 271
328:0 98 116|98 16
331:0 51 298|68 223
333:0 97 114|114 99|97 99|228 97|228 114|228 99
335:0 68 174 175 24 46 13
336:0 34 255 256 254
339:0 37 250
341:0 246 300|283 300
345:0 243 112|105 112|105 157|105 243|157 243
347:0 282 14
349:0 243 109|243 113|243 300|109 113|109 300|95 113|113 300
352:0 277 50 271
353:0 193 286|194 286|193 194|310 286|310 50|286 50|193 50|194 50|310 193|310 194
355:0 194 286|262 286|194 262|194 220|194 288|286 185|286 220|194 185|286 288|262 220|185 288|220 288
357:0 267 13|73 29|73 13|21 267|73 267|21 73
358:0 174 95|95 50|138 50|174 50|138 174|138 95
359:0 38 174 226 277 164 185
363:0 255 256 157 174 90 346 281 254
366:0 300 48|109 287|300 287|112 287|109 112|109 48|109 300|34 287|34 109
369:0 214 133|157 133|346 214|346 133|222 346|222 133|157 346
370:0 300 48|346 300|346 48
371:0 239 349|37 349|239 37|56 349|239 56|37 56|37 82|349 82|239 82|56 82