1:0 14 15 22 33 34 36 38 45 72 73 74 75 76 77 79 92 99 102 104 115 117 156 164
2:0 14 15 22 33 34 36 38 45 72 73 74 75 76 77 79 92 99 102 104 115 117 156 164
3:0 14 15 22 33 34 36 38 45 63 72 73 74 75 76 77 79 92 99 102 104 115 117 156 164
4:0 5 10 14 15 25 34 36 38 43 45 52 53 66 68 69 70 82 83 91 92 99 102 104 115 117 126 129 130 156 163 164
5:0 5 10 14 15 25 34 36 38 43 45 52 53 66 68 69 70 82 83 91 92 99 102 104 115 117 126 129 130 156 163 164
6:0 5 10 14 15 19 25 34 36 38 43 45 52 53 63 66 68 69 70 82 83 89 90 91 92 99 102 104 115 117 126 129 130 156 163 164
7:0 5 25 33 34 36 38 39 44 55 56 57 58 59 61 66 68 69 70 91 92 99 102 104 110 115 117 130 145 156 164
8:0 5 25 33 34 36 38 39 44 55 56 57 58 59 61 66 68 69 70 91 92 99 102 104 110 115 117 130 145 156 164
9:0 5 25 33 34 36 38 39 44 55 56 57 58 59 61 63 66 68 69 70 89 90 91 92 99 102 104 110 115 117 130 145 156 164
10:0 33 81
11:0 33 81 106
12:0 13 16 18 33 36 38 48 60 63 72 76 77 78 79 81 92 93 94 99 100 102 104 106 115 117 129 148 149 156 164
13:0 40 81
14:0 40 81 106
15:0 14 15 31 36 38 40 41 42 63 72 81 92 97 99 102 104 106 115 116 117 129 130 156 164
16:0 13 16 17 18 19 28 36 38 92 97 98 99 102 104 115 117 119 129 143 156 164
17:0 13 16 17 18 19 28 36 38 92 97 98 99 102 104 115 117 119 129 143 156 164
18:0 13 16 17 18 19 28 36 38 63 92 97 98 99 102 104 115 117 119 129 143 156 164
19:0 33 34 36 38 39 55 59 61 85 87 91 92 98 99 102 104 116 117 129 130 156 158 162 164
20:0 33 34 36 38 39 55 58 59 61 63 85 87 91 92 98 99 102 104 116 117 129 130 156 158 162 164
21:0 13 18 19 31 36 38 43 45 64 65 92 97 99 102 104 117 119 129 143 156 164
22:0 13 18 19 31 36 38 43 45 63 64 65 92 97 99 102 104 117 119 129 143 156 164
23:0 34 35 36 38 40 43 44 51 70 72 89 90 91 92 99 102 103 104 117 130 137 156 157 164
24:0 34 35 36 38 40 43 44 51 63 70 72 89 90 91 92 99 102 103 104 117 130 137 156 157 164
25:0 5 6 21 25 34 36 38 39 45 57 66 69 84 85 86 87 92 97 98 99 102 104 113 115 117 129 130 148 156 164
26:0 5 6 21 25 34 36 38 39 45 57 63 66 69 84 85 86 87 92 97 98 99 102 104 113 115 117 129 130 148 156 164
27:0 10 14 15 28 34 36 38 40 66 69 70 89 90 91 92 99 102 104 117 129 130 154 156 157 163 164
28:0 10 14 15 28 34 36 38 40 63 66 69 70 89 90 91 92 99 102 104 117 129 130 154 156 157 163 164
29:0 10 24 33 34 36 38 39 40 44 45 59 85 87 92 99 102 104 115 117 130 154 156 164
30:0 10 24 32 33 34 36 38 39 40 44 45 55 58 59 61 85 87 92 99 102 104 115 117 130 154 156 164
31:0 5 6 10 24 25 32 33 34 36 38 39 40 44 45 55 57 58 59 61 63 66 68 69 70 85 87 89 90 92 99 102 104 115 117 126 130 154 156 157 164
32:0 24 30 31 32 33 34 36 38 40 43 59 85 87 92 99 102 104 115 116 117 130 156 164
33:0 24 30 31 32 33 34 36 38 40 43 55 58 59 61 85 87 92 99 102 104 115 116 117 130 156 164
34:0 5 6 24 25 30 31 32 33 34 36 37 38 40 43 55 57 58 59 61 63 66 68 69 70 85 87 89 90 92 99 102 104 115 116 117 126 130 156 157 164
35:0 1 3 5 25 34 36 38 45 47 55 58 59 61 66 68 69 70 76 85 86 87 92 94 99 100 102 104 107 111 113 115 117 118 126 130 148 149 156 161 164
36:0 1 3 5 25 34 36 38 45 47 55 58 59 61 63 66 68 69 70 76 85 86 87 92 94 99 100 102 104 107 111 113 115 117 118 126 130 148 149 156 161 164
37:0 34 36 38 39 46 52 53 83 91 92 98 99 102 104 109 115 117 126 129 130 156 164
38:0 34 36 38 39 46 52 53 63 83 91 92 98 99 102 104 109 115 117 126 129 130 156 164
39:0 1 3 5 25 34 36 38 47 50 55 58 59 61 66 68 69 70 76 85 86 87 92 94 99 100 102 104 111 115 117 126 130 148 149 156 161 164
40:0 1 3 5 25 34 36 38 47 50 55 58 59 61 63 66 68 69 70 76 85 86 87 92 94 99 100 102 104 111 115 117 126 130 148 149 156 161 164
41:0 13 17 18 36 38 44 48 72 92 99 102 104 109 114 117 129 141 156 164
42:0 13 17 18 36 38 44 48 63 72 92 99 102 103 104 109 114 117 129 141 156 164
43:0 14 15 36 38 51 71 72 76 77 78 79 80 92 99 102 104 115 117 156 164
44:0 14 15 36 38 51 71 72 76 77 78 79 80 92 99 102 104 115 117 156 164
45:0 14 15 34 36 38 51 63 71 72 76 77 78 79 80 92 99 102 104 115 117 156 164
46:0 10 14 15 34 36 38 72 74 76 78 91 92 99 102 104 115 117 130 141 147 156 163 164
47:0 10 14 15 34 36 38 63 72 74 76 78 91 92 99 102 104 115 117 130 141 147 156 163 164
48:0 33 36 38 48 50 60 72 76 77 78 79 92 93 94 99 102 104 115 117 141 148 149 156 164
49:0 13 18 33 36 38 48 50 60 63 72 76 77 78 79 92 93 94 99 100 102 104 115 117 129 141 148 149 156 164
50:0 10 15 28 34 36 38 45 89 90 91 92 99 102 104 117 156 157 163 164
51:0 10 15 28 34 36 38 45 63 89 90 91 92 99 102 104 117 156 157 163 164
52:0 6 10 34 36 38 44 45 55 61 85 87 92 99 102 103 104 117 129 130 154 156 163 164
53:0 6 10 34 36 38 44 45 55 61 63 85 87 92 99 102 103 104 117 129 130 154 156 163 164
54:0 5 6 10 25 34 36 38 39 50 55 56 57 58 59 61 66 68 69 70 91 92 93 99 102 104 117 129 130 133 154 156 164
55:0 5 6 10 25 34 36 38 39 50 55 56 57 58 59 61 63 66 68 69 70 91 92 93 99 102 104 117 129 130 133 154 156 164
56:0 2 5 6 10 25 34 36 37 38 43 66 67 68 69 70 85 87 91 92 99 102 103 104 116 117 118 129 130 154 156 157 164
57:0 2 5 6 10 25 34 36 37 38 43 63 66 67 68 69 70 85 87 91 92 99 102 103 104 116 117 118 129 130 154 156 157 164
58:0 34 36 38 43 44 46 52 53 82 91 92 97 99 102 104 115 117 126 129 130 156 164
59:0 34 36 38 43 44 46 52 53 63 82 91 92 97 99 100 102 104 115 117 126 129 130 156 164
60:0 3 34 36 38 55 56 57 58 59 61 92 94 95 99 102 104 117 130 133 145 149 156 164
61:0 3 5 25 34 36 38 55 56 57 58 59 61 66 68 69 70 89 90 92 94 95 99 102 104 117 118 130 133 145 149 156 164
62:0 3 5 25 34 36 38 55 56 57 58 59 61 63 66 68 69 70 89 90 92 94 95 99 102 104 117 118 130 133 145 149 156 164
63:0 5 25 34 36 38 66 68 69 86 92 94 99 100 102 104 115 117 118 130 148 149 156 161 164
64:0 5 25 34 36 38 50 60 66 68 69 86 91 92 93 94 99 100 102 104 105 115 117 118 130 134 148 149 156 161 164
65:0 5 25 34 36 38 50 60 63 66 68 69 86 91 92 93 94 99 100 102 104 105 115 117 118 130 134 148 149 156 161 164
66:0 2 5 25 34 36 38 43 66 67 68 69 70 89 90 91 92 99 102 104 116 117 118 126 130 156 157 164
67:0 2 5 25 34 36 38 43 66 67 68 69 70 89 90 91 92 99 102 104 116 117 118 126 130 156 157 164
68:0 2 5 25 34 36 38 43 63 66 67 68 69 70 89 90 91 92 99 102 104 116 117 118 126 130 156 157 164
69:0 14 15 21 22 35 36 38 51 72 74 75 76 77 78 79 92 99 102 104 115 117 156 164
70:0 14 15 21 22 35 36 38 51 72 74 75 76 77 78 79 92 99 102 104 115 117 156 164
71:0 14 15 21 22 34 35 36 38 51 63 72 74 75 76 77 78 79 92 99 102 104 115 117 156 164
72:0 14 15 35 36 38 40 48 51 55 56 57 58 59 61 72 92 99 102 103 104 112 115 117 130 132 156 164
73:0 14 15 35 36 38 40 48 51 55 56 57 58 59 61 63 72 92 99 102 103 104 112 115 117 130 132 156 164
74:0 5 33 34 36 38 66 68 69 70 88 89 90 91 92 99 102 104 106 111 117 118 120 126 153 156 157 164
75:0 5 33 34 36 38 66 68 69 70 88 89 90 91 92 99 102 104 106 111 117 118 120 126 153 156 157 164
76:0 5 25 33 34 36 38 63 66 68 69 70 88 89 90 91 92 99 102 104 106 111 117 118 120 126 153 156 157 164
77:0 23 32 34 36 38 39 45 52 83 92 97 99 102 104 115 117 126 129 130 156 164
78:0 23 32 34 36 38 39 45 52 63 83 92 97 99 102 104 115 117 126 129 130 156 164
79:0 6 29 34 36 38 45 50 55 57 58 59 61 70 86 89 90 91 92 93 94 99 100 102 104 115 117 126 129 130 133 148 149 156 161 164
80:0 5 6 25 29 34 36 38 45 50 55 57 58 59 61 63 66 68 69 70 86 89 90 91 92 93 94 99 100 102 104 110 115 117 126 129 130 133 148 149 156 161 164
81:0 33 36 38 48 49 84 85 86 87 92 99 100 102 103 104 115 117 129 148 156 164
82:0 33 36 38 48 49 63 84 85 86 87 92 99 100 102 103 104 115 117 129 148 156 164
83:0 13 14 15 18 19 28 31 34 36 38 43 64 92 97 99 102 104 115 117 129 130 156 163 164
84:0 18 19 31 34 36 38 45 64 65 92 97 99 102 104 115 117 130 143 156 161 164
85:0 18 19 31 34 36 38 45 63 64 65 92 97 99 102 104 115 117 130 143 156 161 164
86:0 6 29 32 34 36 38 45 55 57 58 59 61 62 70 92 99 102 104 117 130 156 164
87:0 6 29 32 34 36 38 45 55 57 58 59 61 62 63 70 92 99 102 104 117 130 156 164
88:0 1 34 50 72 85 87 92 99 102 103 104 106 107 117 120 124 126 139 151 153 156 164
89:0 1 34 50 63 72 85 87 92 99 102 103 104 106 107 117 120 124 126 139 151 153 156 164
90:0 33 36 38 43 48 55 57 58 59 61 62 92 99 100 102 104 110 115 117 120 128 129 153 156 161 164
91:0 33 36 38 43 48 55 57 58 59 61 62 63 92 99 100 102 104 110 115 117 120 128 129 131 153 156 161 164
92:0 72 85 87 92 94 95 99 101 102 104 109 117 120 122 138 149 153 156 164
93:0 72 85 87 92 94 95 99 101 102 104 109 117 120 122 138 149 153 156 164
94:0 5 25 34 36 38 63 66 68 69 70 72 85 87 92 94 95 99 101 102 104 109 117 118 120 122 130 138 149 153 156 164
95:0 20 21 33 34 36 38 70 88 89 90 91 92 99 102 103 104 106 117 120 130 153 156 157 164
96:0 1 5 25 29 34 36 38 50 66 68 69 86 92 93 94 95 96 99 100 102 104 115 117 118 130 138 139 148 149 156 161 164
97:0 1 5 25 29 34 36 38 50 63 66 68 69 86 92 93 94 95 96 99 100 102 104 115 117 118 130 138 139 148 149 156 161 164
98:0 11 12 14 15 23 34 36 38 43 55 57 58 59 61 70 92 99 102 104 106 117 145 152 156 164
99:0 11 12 14 15 23 34 36 38 43 55 57 58 59 61 63 70 92 99 102 104 106 117 145 152 156 164
100:0 33 36 49 85 86 87 92 99 100 102 103 104 113 115 117 120 129 148 153 156 164
101:0 33 36 49 63 85 86 87 92 99 100 102 103 104 113 115 117 120 129 130 148 153 156 164
102:0 36 38 73 76 77 78 79 92 94 95 99 100 102 104 115 117 120 121 140 149 153 156 164
103:0 23 36 38 63 70 72 73 76 77 78 79 92 94 95 99 100 102 104 115 117 120 121 140 149 153 156 164
104:0 5 25 29 34 36 37 38 39 43 45 55 58 59 61 66 68 69 70 89 90 91 92 99 102 104 116 117 125 126 130 155 156 164
105:0 5 25 29 34 36 37 38 39 43 45 55 58 59 61 63 66 68 69 70 89 90 91 92 99 102 104 116 117 125 126 130 155 156 164
106:0 5 24 25 26 27 34 36 38 66 68 69 70 92 96 99 102 104 116 117 118 129 130 136 156 164
107:0 4 5 7 8 9 25 34 36 38 66 68 69 70 92 97 99 102 104 117 118 129 130 156 164
108:0 5 14 15 21 23 25 34 35 36 38 48 50 55 57 58 59 61 63 66 68 69 70 85 87 89 90 92 99 102 103 104 111 117 126 130 156 164
109:0 33 85 87 92 99 102 104 108 114 117 120 123 124 126 153 156 164
110:0 33 63 85 87 92 99 102 104 108 114 117 120 123 124 126 153 156 164
111:0 23 30 31 32 34 36 38 39 43 70 85 87 89 90 91 92 99 102 104 117 126 130 156 157 164
112:0 5 6 23 25 30 31 32 34 36 38 39 43 55 57 58 59 61 63 66 68 69 70 85 87 89 90 91 92 99 102 104 117 126 130 156 157 164
113:0 1 3 5 25 34 36 38 39 45 47 55 58 59 61 63 66 68 69 70 76 85 86 87 92 94 99 100 102 104 107 111 113 115 117 118 121 126 130 135 148 149 156 161 164
114:0 14 15 20 21 22 34 36 38 63 71 72 74 76 77 78 79 92 99 102 104 117 130 132 156 164
115:0 4 5 25 34 36 38 39 43 44 55 57 58 59 61 63 66 68 69 70 85 87 89 90 92 99 102 104 117 126 130 146 156 157 164
116:0 36 38 43 55 56 57 58 59 61 92 97 99 102 104 108 117 129 130 145 156 164
117:0 36 38 43 55 56 57 58 59 61 63 92 97 99 102 104 108 117 129 130 145 156 164
118:0 30 31 32 36 38 39 48 55 57 58 59 61 64 92 97 99 102 104 117 127 129 130 156 164
119:0 30 31 32 36 38 39 48 55 57 58 59 61 63 64 92 97 99 102 104 117 127 129 130 156 164
120:0 33 36 38 55 56 57 58 59 61 85 86 87 92 94 99 100 102 104 105 106 107 113 115 117 129 130 148 149 156 161 164
121:0 33 36 38 55 56 57 58 59 61 63 85 86 87 92 94 99 100 102 104 105 106 107 113 115 117 129 130 148 149 156 161 164
122:0 3 5 25 34 36 38 63 66 68 69 76 85 86 87 92 93 94 96 99 100 102 104 112 113 115 117 118 130 148 149 156 164
123:0 14 15 17 36 38 43 63 92 97 98 99 102 104 116 117 129 130 156 163 164
124:0 1 3 5 8 25 34 36 37 38 55 58 59 61 63 66 68 69 92 94 99 100 102 104 115 117 118 122 130 142 149 156 164
125:0 5 9 25 34 36 38 43 63 66 68 69 70 84 85 86 87 92 94 98 99 100 102 103 104 113 115 117 118 129 130 148 149 156 164
126:0 5 7 25 34 36 38 43 52 53 63 66 68 69 70 92 94 99 100 102 104 108 109 117 118 123 126 130 149 156 164
127:0 11 12 14 15 20 34 36 38 63 66 69 70 92 99 102 104 106 116 117 156 163 164
128:0 23 32 33 34 36 38 39 43 58 59 63 70 85 87 89 90 92 99 102 104 117 126 130 156 164
129:0 33 150
130:0 33 34 36 38 43 44 55 56 57 58 59 61 63 70 82 85 87 92 99 102 104 115 117 126 130 150 156 164
131:0 32 34 36 38 45 47 54 55 56 57 58 59 61 63 70 76 82 85 87 92 94 99 102 104 109 115 117 130 149 156 164
132:0 144
133:0 28 33 34 36 38 39 44 45 92 98 99 102 104 115 116 117 129 130 156 164
134:0 28 33 34 36 38 39 44 45 54 55 56 57 58 59 61 62 63 92 98 99 102 104 114 115 116 117 129 130 151 156 164
135:0 24 28 33 34 36 38 39 42 44 45 63 84 85 86 87 92 97 98 99 102 104 115 116 117 129 130 148 156 164
136:0 28 33 34 36 38 39 43 44 45 52 53 63 83 92 98 99 102 104 115 116 117 123 126 129 130 156 164
137:0 33 36 38 58 59 60 63 85 86 87 92 94 97 99 100 102 104 105 115 117 129 130 148 149 156 159 160 161 164
138:0 30 34 36 38 43 55 56 57 58 59 61 92 99 102 104 110 115 117 131 156 164
139:0 30 32 34 36 38 43 55 56 57 58 59 61 63 66 69 92 99 102 104 110 115 117 130 131 156 164
140:0 10 34 36 38 43 55 56 57 58 59 61 71 92 99 102 104 106 115 117 156 163 164
141:0 10 13 14 15 25 34 36 38 43 55 56 57 58 59 61 63 66 69 71 92 99 102 104 106 115 117 130 156 163 164
142:0 13 17 18 19 36 38 44 48 63 82 92 97 99 102 104 115 117 126 129 143 156 164
143:0 5 6 25 29 34 36 38 55 57 58 59 61 63 66 68 69 70 76 85 87 89 90 92 94 99 102 104 106 115 117 118 120 126 130 133 149 156 157 164
144:0 13 18 19 36 38 54 55 58 59 61 63 64 92 97 99 102 104 115 117 129 143 156 164
145:0 13 18 19 36 38 63 65 84 85 86 87 92 97 99 102 104 113 115 117 129 143 148 156 164
146:0 13 18 19 36 38 43 63 64 83 92 97 99 102 104 115 117 126 129 143 156 164
147:0 21 34 35 36 38 43 55 57 58 59 61 63 82 85 86 87 92 97 99 102 104 115 117 126 129 130 156 164
148:0 21 32 34 35 36 38 43 55 57 58 59 61 63 82 85 86 87 92 97 99 102 104 115 117 126 129 130 156 164
149:0 13 21 32 34 35 36 38 43 55 57 58 59 61 63 70 82 85 86 87 92 97 99 102 104 115 117 126 129 130 156 164
150:0 5 6 25 34 36 38 50 54 55 58 59 61 63 66 68 69 70 76 85 86 87 92 93 94 99 100 102 104 105 112 115 117 118 120 126 129 130 133 148 149 156 161 164
151:0 1 5 6 13 14 15 18 19 25 32 34 36 38 55 57 58 59 61 63 66 68 69 70 72 76 82 85 86 87 89 90 91 92 94 99 100 102 104 115 117 118 120 121 126 129 130 135 138 143 144 148 149 153 156 157 161 164
169:0 13 17 18 36 38 44 48 63 72 92 99 102 103 104 109 114 117 129 141 156 164
182:0 14 15 36 38 51 71 72 76 77 78 79 80 92 99 102 104 115 117 156 164
186:0 3 5 25 34 36 38 55 56 57 58 59 61 66 68 69 70 89 90 92 94 95 99 102 104 117 118 130 133 145 149 156 164
196:0 28 33 34 36 38 39 44 45 92 98 99 102 104 115 116 117 129 130 156 164
197:0 28 33 34 36 38 39 44 45 92 98 99 102 104 115 116 117 129 130 156 164
199:0 6 29 34 36 38 45 50 55 57 58 59 61 70 86 89 90 91 92 93 94 99 100 102 104 115 117 126 129 130 133 148 149 156 161 164
208:0 20 21 33 34 36 38 70 88 89 90 91 92 99 102 103 104 106 117 120 130 153 156 157 164
212:0 14 15 17 36 38 43 63 92 97 98 99 102 104 116 117 129 130 156 163 164
230:0 36 38 43 55 56 57 58 59 61 63 92 97 99 102 104 108 117 129 130 145 156 164
233:0 33 36 38 58 59 60 63 85 86 87 92 94 97 99 100 102 104 105 115 117 129 130 148 149 156 159 160 161 164
242:0 1 3 5 25 34 36 38 39 45 47 55 58 59 61 63 66 68 69 70 76 85 86 87 92 94 99 100 102 104 107 111 113 115 117 118 121 126 130 135 148 149 156 161 164
462:0 33 36 38 48 49 63 84 85 86 87 92 99 100 102 103 104 115 117 129 148 156 164
463:0 5 14 15 21 23 25 34 35 36 38 48 50 55 57 58 59 61 63 66 68 69 70 85 87 89 90 92 99 102 103 104 111 117 126 130 156 164
464:0 5 6 23 25 30 31 32 34 36 38 39 43 55 57 58 59 61 63 66 68 69 70 85 87 89 90 91 92 99 102 104 117 126 130 156 157 164
465:0 14 15 20 21 22 34 36 38 63 71 72 74 76 77 78 79 92 99 102 104 117 130 132 156 164
466:0 5 9 25 34 36 38 43 63 66 68 69 70 84 85 86 87 92 94 98 99 100 102 103 104 113 115 117 118 129 130 148 149 156 164
467:0 5 7 25 34 36 38 43 52 53 63 66 68 69 70 92 94 99 100 102 104 108 109 117 118 123 126 130 149 156 164
470:0 28 33 34 36 38 39 44 45 92 98 99 102 104 115 116 117 129 130 156 164
471:0 28 33 34 36 38 39 44 45 92 98 99 102 104 115 116 117 129 130 156 164
474:0 33 36 38 58 59 60 63 85 86 87 92 94 97 99 100 102 104 105 115 117 129 130 148 149 156 159 160 161 164
