0:0 50 50 50 50 50 50
1:0 45 49 49 65 65 45
2:0 60 62 63 80 80 60
3:0 80 82 83 100 100 80
4:0 39 52 43 50 50 65
5:0 58 64 58 65 65 80
6:0 78 84 78 85 85 100
7:0 44 48 65 50 50 43
8:0 59 63 80 65 65 58
9:0 79 83 100 85 85 78
10:0 45 30 35 20 20 45
11:0 50 20 55 25 25 30
12:0 60 45 50 80 80 70
13:0 40 35 30 20 20 50
14:0 45 25 50 25 25 35
15:0 65 80 40 45 45 75
16:0 40 45 40 35 35 56
17:0 63 60 55 50 50 71
18:0 83 80 75 70 70 91
19:0 30 56 35 25 25 72
20:0 55 81 60 50 50 97
21:0 40 60 30 31 31 70
22:0 65 90 65 61 61 100
23:0 35 60 44 40 40 55
24:0 60 85 69 65 65 80
25:0 35 55 30 50 50 90
26:0 60 90 55 90 90 100
27:0 50 75 85 30 30 40
28:0 75 100 110 55 55 65
29:0 55 47 52 40 40 41
30:0 70 62 67 55 55 56
31:0 90 82 87 75 75 76
32:0 46 57 40 40 40 50
33:0 61 72 57 55 55 65
34:0 81 92 77 75 75 85
35:0 70 45 48 60 60 35
36:0 95 70 73 85 85 60
37:0 38 41 40 65 65 65
38:0 73 76 75 100 100 100
39:0 115 45 20 25 25 20
40:0 140 70 45 50 50 45
41:0 40 45 35 40 40 55
42:0 75 80 70 75 75 90
43:0 45 50 55 75 75 30
44:0 60 65 70 85 85 40
45:0 75 80 85 100 100 50
46:0 35 70 55 55 55 25
47:0 60 95 80 80 80 30
48:0 60 55 50 40 40 45
49:0 70 65 60 90 90 90
50:0 10 55 25 45 45 95
51:0 35 80 50 70 70 120
52:0 40 45 35 40 40 90
53:0 65 70 60 65 65 115
54:0 50 52 48 50 50 55
55:0 80 82 78 80 80 85
56:0 40 80 35 35 35 70
57:0 65 105 60 60 60 95
58:0 55 70 45 50 50 60
59:0 90 110 80 80 80 95
60:0 40 50 40 40 40 90
61:0 65 65 65 50 50 90
62:0 90 85 95 70 70 70
63:0 25 20 15 105 105 90
64:0 40 35 30 120 120 105
65:0 55 50 45 135 135 120
66:0 70 80 50 35 35 35
67:0 80 100 70 50 50 45
68:0 90 130 80 65 65 55
69:0 50 75 35 70 70 40
70:0 65 90 50 85 85 55
71:0 80 105 65 100 100 70
72:0 40 40 35 100 100 70
73:0 80 70 65 120 120 100
74:0 40 80 100 30 30 20
75:0 55 95 115 45 45 35
76:0 80 110 130 55 55 45
77:0 50 85 55 65 65 90
78:0 65 100 70 80 80 105
79:0 90 65 65 40 40 15
80:0 95 75 110 80 80 30
81:0 25 35 70 95 95 45
82:0 50 60 95 120 120 70
83:0 52 65 55 58 58 60
84:0 35 85 45 35 35 75
85:0 60 110 70 60 60 100
86:0 65 45 55 70 70 45
87:0 90 70 80 95 95 70
88:0 80 80 50 40 40 25
89:0 105 105 75 65 65 50
90:0 30 65 100 45 45 40
91:0 50 95 180 85 85 70
92:0 30 35 30 100 100 80
93:0 45 50 45 115 115 95
94:0 60 65 60 130 130 110
95:0 35 45 160 30 30 70
96:0 60 48 45 90 90 42
97:0 85 73 70 115 115 67
98:0 30 105 90 25 25 50
99:0 55 130 115 50 50 75
100:0 40 30 50 55 55 100
101:0 60 50 70 80 80 140
102:0 60 40 80 60 60 40
103:0 95 95 85 125 125 55
104:0 50 50 95 40 40 35
105:0 60 80 110 50 50 45
106:0 50 120 53 35 35 87
107:0 50 105 79 35 35 76
108:0 90 55 75 60 60 30
109:0 40 65 95 60 60 35
110:0 65 90 120 85 85 60
111:0 80 85 95 30 30 25
112:0 105 130 120 45 45 40
113:0 250 5 5 105 105 50
114:0 65 55 115 100 100 60
115:0 105 95 80 40 40 90
116:0 30 40 70 70 70 60
117:0 55 65 95 95 95 85
118:0 45 67 60 50 50 63
119:0 80 92 65 80 80 68
120:0 30 45 55 70 70 85
121:0 60 75 85 100 100 115
122:0 40 45 65 100 100 90
123:0 70 110 80 55 55 105
124:0 65 50 35 95 95 95
125:0 65 83 57 85 85 105
126:0 65 95 57 85 85 93
127:0 65 125 100 55 55 85
128:0 75 100 95 70 70 110
129:0 20 10 55 20 20 80
130:0 95 125 79 100 100 81
131:0 130 85 80 95 95 60
132:0 48 48 48 48 48 48
133:0 55 55 50 65 65 55
134:0 130 65 60 110 110 65
135:0 65 65 60 110 110 130
136:0 65 130 60 110 110 65
137:0 65 60 70 75 75 40
138:0 35 40 100 90 90 35
139:0 70 60 125 115 115 55
140:0 30 80 90 45 45 55
141:0 60 115 105 70 70 80
142:0 80 105 65 60 60 130
143:0 160 110 65 65 65 30
144:0 90 85 100 125 125 85
145:0 90 90 85 125 125 100
146:0 90 100 90 125 125 90
147:0 41 64 45 50 50 50
148:0 61 84 65 70 70 70
149:0 91 134 95 100 100 80
150:0 106 110 90 154 154 130
151:0 100 100 100 100 100 100
