1:0 14 15 34 36 38 72 76 92 99 102 104 115 117 156 164
2:0 14 15 34 36 38 72 76 92 99 102 104 115 117 156 164
3:0 14 15 34 36 38 63 72 76 92 99 102 104 115 117 156 164
4:0 5 14 15 25 34 36 38 66 68 69 70 82 91 92 99 102 104 115 117 126 129 130 156 164
5:0 5 14 15 25 34 36 38 66 68 69 70 82 91 92 99 102 104 115 117 126 129 130 156 164
6:0 5 14 15 19 25 34 36 38 63 66 68 69 70 82 89 90 91 92 99 102 104 115 117 126 129 130 156 164
7:0 5 25 34 36 38 55 57 58 59 61 66 68 69 70 91 92 99 102 104 115 117 130 156 164
8:0 5 25 34 36 38 55 57 58 59 61 66 68 69 70 91 92 99 102 104 115 117 130 156 164
9:0 5 25 34 36 38 55 57 58 59 61 63 66 68 69 70 89 90 91 92 99 102 104 115 117 130 156 164
12:0 13 18 36 38 63 72 76 92 94 99 100 102 104 115 117 129 148 149 156 164
15:0 14 15 36 38 63 72 92 99 102 104 115 117 129 130 156 164
16:0 13 18 19 36 38 92 99 102 104 115 117 129 143 156 164
17:0 13 18 19 36 38 92 99 102 104 115 117 129 143 156 164
18:0 13 18 19 36 38 63 92 99 102 104 115 117 129 143 156 164
19:0 34 36 38 55 59 61 85 87 91 92 99 102 104 117 129 130 156 164
20:0 34 36 38 55 58 59 61 63 85 87 91 92 99 102 104 117 129 130 156 164
21:0 13 18 19 36 38 92 99 102 104 117 129 143 156 164
22:0 13 18 19 36 38 63 92 99 102 104 117 129 143 156 164
23:0 34 36 38 70 72 89 90 91 92 99 102 104 117 130 156 157 164
24:0 34 36 38 63 70 72 89 90 91 92 99 102 104 117 130 156 157 164
25:0 5 6 25 34 36 38 66 69 85 86 87 92 99 102 104 115 117 129 130 148 156 164
26:0 5 6 25 34 36 38 63 66 69 85 86 87 92 99 102 104 115 117 129 130 148 156 164
27:0 14 15 34 36 38 66 69 70 89 90 91 92 99 102 104 117 129 130 156 157 164
28:0 14 15 34 36 38 63 66 69 70 89 90 91 92 99 102 104 117 129 130 156 157 164
29:0 34 36 38 59 85 87 92 99 102 104 115 117 130 156 164
30:0 32 34 36 38 55 58 59 61 85 87 92 99 102 104 115 117 130 156 164
31:0 5 6 25 32 34 36 38 55 57 58 59 61 63 66 68 69 70 85 87 89 90 92 99 102 104 115 117 126 130 156 157 164
32:0 32 34 36 38 59 85 87 92 99 102 104 115 117 130 156 164
33:0 32 34 36 38 55 58 59 61 85 87 92 99 102 104 115 117 130 156 164
34:0 5 6 25 32 34 36 38 55 57 58 59 61 63 66 68 69 70 85 87 89 90 92 99 102 104 115 117 126 130 156 157 164
35:0 5 25 34 36 38 55 58 59 61 66 68 69 70 76 85 86 87 92 94 99 100 102 104 115 117 118 126 130 148 149 156 161 164
36:0 5 25 34 36 38 55 58 59 61 63 66 68 69 70 76 85 86 87 92 94 99 100 102 104 115 117 118 126 130 148 149 156 161 164
37:0 34 36 38 91 92 99 102 104 115 117 126 129 130 156 164
38:0 34 36 38 63 91 92 99 102 104 115 117 126 129 130 156 164
39:0 5 25 34 36 38 55 58 59 61 66 68 69 70 76 85 86 87 92 94 99 100 102 104 115 117 126 130 148 149 156 161 164
40:0 5 25 34 36 38 55 58 59 61 63 66 68 69 70 76 85 86 87 92 94 99 100 102 104 115 117 126 130 148 149 156 161 164
41:0 13 18 36 38 72 92 99 102 104 117 129 156 164
42:0 13 18 36 38 63 72 92 99 102 104 117 129 156 164
43:0 14 15 36 38 72 76 92 99 102 104 115 117 156 164
44:0 14 15 36 38 72 76 92 99 102 104 115 117 156 164
45:0 14 15 34 36 38 63 72 76 92 99 102 104 115 117 156 164
46:0 14 15 34 36 38 72 76 91 92 99 102 104 115 117 130 156 164
47:0 14 15 34 36 38 63 72 76 91 92 99 102 104 113 115 117 130 156 164
48:0 36 38 72 76 92 94 99 102 104 115 117 148 149 156 164
49:0 13 18 36 38 63 72 76 92 94 99 100 102 104 115 117 129 148 149 156 164
50:0 15 34 36 38 89 90 91 92 99 102 104 117 156 157 164
51:0 15 34 36 38 63 89 90 91 92 99 102 104 117 156 157 164
52:0 6 34 36 38 55 61 85 87 92 99 102 104 117 129 130 156 164
53:0 6 34 36 38 55 61 63 85 87 92 99 102 104 117 129 130 156 164
54:0 5 6 25 34 36 38 55 57 58 59 61 66 68 69 70 91 92 99 102 104 117 129 130 156 164
55:0 5 6 25 34 36 38 55 57 58 59 61 63 66 68 69 70 91 92 99 102 104 117 129 130 156 164
56:0 5 6 25 34 36 38 66 68 69 70 85 87 91 92 99 102 104 117 118 129 130 156 157 164
57:0 5 6 25 34 36 38 63 66 68 69 70 85 87 91 92 99 102 104 117 118 129 130 156 157 164
58:0 34 36 38 82 91 92 99 102 104 115 117 126 129 130 156 164
59:0 34 36 38 63 82 91 92 99 100 102 104 115 117 126 129 130 156 164
60:0 34 36 38 55 57 58 59 61 92 94 99 102 104 117 130 149 156 164
61:0 5 25 34 36 38 55 57 58 59 61 66 68 69 70 89 90 92 94 99 102 104 117 118 130 149 156 164
62:0 5 25 34 36 38 55 57 58 59 61 63 66 68 69 70 89 90 92 94 99 102 104 117 118 130 149 156 164
63:0 5 8 9 25 34 36 38 66 68 69 86 92 94 99 100 102 104 115 117 118 130 148 149 156 161 164
64:0 5 8 9 25 34 36 38 66 68 69 86 91 92 94 99 100 102 104 115 117 118 130 148 149 156 161 164
65:0 5 8 9 25 34 36 38 63 66 68 69 86 91 92 94 99 100 102 104 115 117 118 130 148 149 156 161 164
66:0 5 25 34 36 38 66 68 69 70 89 90 91 92 99 102 104 117 118 126 130 156 157 164
67:0 5 25 34 36 38 66 68 69 70 89 90 91 92 99 102 104 117 118 126 130 156 157 164
68:0 5 25 34 36 38 63 66 68 69 70 89 90 91 92 99 102 104 117 118 126 130 156 157 164
69:0 14 15 36 38 72 76 92 99 102 104 115 117 156 164
70:0 14 15 36 38 72 76 92 99 102 104 115 117 156 164
71:0 14 15 34 36 38 63 72 76 92 99 102 104 115 117 156 164
72:0 14 15 36 38 55 57 58 59 61 72 92 99 102 104 115 117 130 156 164
73:0 14 15 36 38 55 57 58 59 61 63 72 92 99 102 104 115 117 130 156 164
74:0 5 34 36 38 66 68 69 70 89 90 91 92 99 102 104 117 118 120 126 153 156 157 164
75:0 5 34 36 38 66 68 69 70 89 90 91 92 99 102 104 117 118 120 126 153 156 157 164
76:0 5 25 34 36 38 63 66 68 69 70 89 90 91 92 99 102 104 117 118 120 126 153 156 157 164
77:0 32 34 36 38 92 99 102 104 115 117 126 129 130 156 164
78:0 32 34 36 38 63 92 99 102 104 115 117 126 129 130 156 164
79:0 6 34 36 38 55 57 58 59 61 70 86 89 90 91 92 94 99 100 102 104 115 117 126 129 130 148 149 156 161 164
80:0 5 6 25 34 36 38 55 57 58 59 61 63 66 68 69 70 86 89 90 91 92 94 99 100 102 104 115 117 126 129 130 148 149 156 161 164
81:0 36 38 85 86 87 92 99 100 102 104 115 117 129 148 156 164
82:0 36 38 63 85 86 87 92 99 100 102 104 115 117 129 148 156 164
83:0 13 14 15 18 19 34 36 38 92 99 102 104 115 117 129 130 156 164
84:0 18 19 34 36 38 92 99 102 104 115 117 130 143 156 161 164
85:0 18 19 34 36 38 63 92 99 102 104 115 117 130 143 156 161 164
86:0 6 32 34 36 38 55 57 58 59 61 70 92 99 102 104 117 130 156 164
87:0 6 32 34 36 38 55 57 58 59 61 63 70 92 99 102 104 117 130 156 164
88:0 34 72 85 87 92 99 102 104 117 120 126 153 156 164
89:0 34 63 72 85 87 92 99 102 104 117 120 126 153 156 164
90:0 36 38 55 57 58 59 61 92 99 100 102 104 115 117 120 129 153 156 161 164
91:0 36 38 55 57 58 59 61 63 92 99 100 102 104 115 117 120 129 153 156 161 164
92:0 72 85 87 92 94 99 102 104 117 120 138 149 153 156 164
93:0 72 85 87 92 94 99 102 104 117 120 138 149 153 156 164
94:0 5 25 34 36 38 63 66 68 69 70 72 85 87 92 94 99 102 104 117 118 120 130 138 149 153 156 164
95:0 34 36 38 70 89 90 91 92 99 102 104 117 120 130 153 156 157 164
96:0 5 9 25 34 36 38 66 68 69 86 92 94 99 100 102 104 115 117 118 130 138 148 149 156 161 164
97:0 5 9 25 34 36 38 63 66 68 69 86 92 94 99 100 102 104 115 117 118 130 138 148 149 156 161 164
98:0 14 15 34 36 38 55 57 58 59 61 70 92 99 102 104 117 156 164
99:0 14 15 34 36 38 55 57 58 59 61 63 70 92 99 102 104 117 156 164
100:0 36 85 86 87 92 99 100 102 104 115 117 120 129 148 153 156 164
101:0 36 63 85 86 87 92 99 100 102 104 115 117 120 129 130 148 153 156 164
102:0 36 38 92 94 99 100 102 104 115 117 120 121 149 153 156 164
103:0 36 38 63 70 72 76 92 94 99 100 102 104 115 117 120 121 149 153 156 164
104:0 5 25 34 36 38 55 58 59 61 66 68 69 70 89 90 91 92 99 102 104 117 126 130 156 164
105:0 5 25 34 36 38 55 58 59 61 63 66 68 69 70 89 90 91 92 99 102 104 117 126 130 156 164
106:0 5 25 34 36 38 66 68 69 70 92 99 102 104 117 118 129 130 156 164
107:0 5 25 34 36 38 66 68 69 70 92 99 102 104 117 118 129 130 156 164
108:0 5 14 15 25 34 36 38 55 57 58 59 61 63 66 68 69 70 85 87 89 90 92 99 102 104 117 126 130 156 164
109:0 85 87 92 99 102 104 117 120 126 153 156 164
110:0 63 85 87 92 99 102 104 117 120 126 153 156 164
111:0 32 34 36 38 70 85 87 89 90 91 92 99 102 104 117 126 130 156 157 164
112:0 5 6 25 32 34 36 38 55 57 58 59 61 63 66 68 69 70 85 87 89 90 91 92 99 102 104 117 126 130 156 157 164
113:0 5 25 34 36 38 55 58 59 61 63 66 68 69 70 76 85 86 87 92 94 99 100 102 104 115 117 118 121 126 130 135 148 149 156 161 164
114:0 14 15 34 36 38 63 72 76 92 99 102 104 117 130 156 164
115:0 5 25 34 36 38 55 57 58 59 61 63 66 68 69 70 85 87 89 90 92 99 102 104 117 126 130 156 157 164
116:0 36 38 55 57 58 59 61 92 99 102 104 117 129 130 156 164
117:0 36 38 55 57 58 59 61 63 92 99 102 104 117 129 130 156 164
118:0 32 36 38 55 57 58 59 61 92 99 102 104 117 129 130 156 164
119:0 32 36 38 55 57 58 59 61 63 92 99 102 104 117 129 130 156 164
120:0 36 38 55 57 58 59 61 85 86 87 92 94 99 100 102 104 115 117 129 130 148 149 156 161 164
121:0 36 38 55 57 58 59 61 63 85 86 87 92 94 99 100 102 104 115 117 129 130 148 149 156 161 164
122:0 5 25 34 36 38 63 66 68 69 76 85 86 87 92 94 99 100 102 104 115 117 118 130 148 149 156 164
123:0 14 15 36 38 63 92 99 102 104 117 129 130 156 164
124:0 5 25 34 36 38 55 58 59 61 63 66 68 69 92 94 99 100 102 104 115 117 118 130 149 156 164
125:0 5 25 34 36 38 63 66 68 69 70 85 86 87 92 94 99 100 102 104 115 117 118 129 130 148 149 156 164
126:0 5 25 34 36 38 63 66 68 69 70 92 94 99 100 102 104 117 118 126 130 149 156 164
127:0 14 15 34 36 38 63 66 69 70 92 99 102 104 117 156 164
128:0 32 34 36 38 57 58 59 63 70 85 87 89 90 92 99 102 104 117 126 130 156 164
130:0 34 36 38 55 57 58 59 61 63 70 82 85 87 92 99 102 104 115 117 126 130 156 164
131:0 32 34 36 38 55 57 58 59 61 63 70 76 82 85 87 92 94 99 102 104 115 117 130 149 156 164
133:0 34 36 38 92 99 102 104 115 117 129 130 156 164
134:0 34 36 38 55 57 58 59 61 63 92 99 102 104 115 117 129 130 156 164
135:0 34 36 38 63 85 86 87 92 99 102 104 115 117 129 130 148 156 164
136:0 34 36 38 63 92 99 102 104 115 117 126 129 130 156 164
137:0 36 38 58 59 63 85 86 87 92 94 99 100 102 104 115 117 129 130 148 149 156 161 164
138:0 34 36 38 55 57 58 59 61 92 99 102 104 115 117 156 164
139:0 32 34 36 38 55 57 58 59 61 63 66 69 92 99 102 104 115 117 130 156 164
140:0 34 36 38 55 57 58 59 61 92 99 102 104 115 117 156 164
141:0 13 14 15 25 34 36 38 55 57 58 59 61 63 66 69 92 99 102 104 115 117 130 156 164
142:0 13 18 19 36 38 63 82 89 92 99 102 104 115 117 126 129 143 156 164
143:0 5 6 25 34 36 38 55 57 58 59 61 63 66 68 69 70 76 85 87 89 90 92 94 99 102 104 115 117 118 120 126 130 149 156 157 164
144:0 13 18 19 36 38 55 58 59 61 63 92 99 102 104 115 117 129 143 156 164
145:0 13 18 19 36 38 63 85 86 87 92 99 102 104 115 117 129 143 148 156 164
146:0 13 18 19 36 38 53 63 92 99 102 104 115 117 126 129 143 156 164
147:0 34 36 38 55 57 58 59 61 82 85 86 87 92 99 102 104 115 117 126 129 130 156 164
148:0 32 34 36 38 55 57 58 59 61 82 85 86 87 92 99 102 104 115 117 126 129 130 156 164
149:0 13 32 34 36 38 55 57 58 59 61 63 70 82 85 86 87 92 99 102 104 115 117 126 129 130 156 164
150:0 5 6 25 34 36 38 55 58 59 61 63 66 68 69 70 76 85 86 87 92 94 99 100 102 104 115 117 118 120 126 130 148 149 156 161 164
151:0 5 6 13 14 15 18 19 25 32 34 36 38 55 57 58 59 61 63 66 68 69 70 72 76 82 85 86 87 89 90 91 92 94 99 100 102 104 115 117 118 120 121 126 129 130 135 138 143 148 149 153 156 157 161 164
