3:0 570
7:0 33 39 44 55 110 145 229 352
25:0 575 580
115:0 602
133:0 560
136:0 394
150:0 94 105 112 382 396 540
168:0 605
210:0 579
249:0 56 105 177
250:0 105 221 413
255:0 10
256:0 24 64 339
257:0 299
263:0 28 29 33 39 45 154 156 163 187 300 316 343 374 415 516 560 579 603
280:0 45 93 100 104 381
303:0 45 269 565 579
311:0 580
312:0 580
397:0 17 18 104 283
511:0 580
513:0 580
515:0 580
587:0 575
650:0 22 33 34 36 42 44 45 73 205 220 302 339 341 402 452
651:0 42 302 402
652:0 34 187 220 280 339 341 359 364 416 452 604
653:0 10 39 52 53 60 83 94 113 126 241 261 336 381 473 478 488
654:0 60 83 113 381 473
655:0 53 94 126 241 247 248 261 272 415 478 573
656:0 1 45 98 122 145 352
657:0 108
658:0 56 104 114 164 185 191 272 326 400 425 479 582 598
659:0 3 24 33 36 43 97 98 189 316 341
661:0 33 45 64 97 98 175
662:0 13 52 355 363
663:0 211 366 382 394 413 488 512
664:0 33 78 81 450
665:0 106 182
666:0 16 48 60 77 79 113 219 312 405 483 522 542 564 601
667:0 29 33 36 43 52 283 424 497 526 574
668:0 53 242 304 315 510
669:0 22 33 75 381 565
670:0 75 76 80 273 312 345 570 572 593 599
671:0 80 312 447 572 585 586 592
672:0 22 33 36 39 73 74 75 235 388 402 523
673:0 38 89 208 332 339 348 532
674:0 2 4 33 43 163 233 292 509 526
676:0 28 33 45 560
677:0 10 43 60 93 113 252 343 473 586
678:0 94 473
679:0 14 33 163 210 228 319 332 334 400 425 475 514
680:0 379 442 533
681:0 457 595
682:0 186 316 497 565
683:0 175 204 213 230 505 572 583
684:0 313 496 565 580
685:0 283 412 564
686:0 33 64 95 115 132 149 207 365 492 606
687:0 113 132 179 276 371 400 427
688:0 10 28 55 110 128 154 163 189 210 246 397 468 504
689:0 238 400 534
690:0 33 39 51 55 56 92 104 108 145 185 188 293 342 352 401
691:0 57 239 525
692:0 14 61 145 152
693:0 330 396 399 406 453 479 505
694:0 1 13 39 84 85 86 98 189 268 521 523 577 589
696:0 44 117 204 242 246 446 525
697:0 23 32 33 37 39 46 89 117 242 337 457
698:0 36 45 54 62 86 88 181 196 246 258 267 419
699:0 58 63 113 227 267 568
700:0 113 244 285 387 563 564 565 572 586 599
701:0 2 14 17 33 136 143 197 227 283 297 332 340 355 374 468 507 566
702:0 156 173 204 268 451 575 577
703:0 33 88 106 113 115 159 175 246 285 408 444 446 470 479 572
704:0 33 34 71 117 145 175 182 225 240 330
705:0 406
706:0 200 364 401 438
707:0 33 191 259 278 286 310 319 377 429 478 492 562 564 565 579 590
708:0 33 73 74 109 174 185 261 275 310 567
709:0 194 452 532 578
710:0 73 75 109 184 247 271 310 331 388 425 581
711:0 73 75 109 153 184 220 247 271 310 331 388 402 425 578 581
712:0 33 36 44 106 159 174 181 196 229 301 419 423
713:0 33 36 44 106 130 159 174 181 196 229 242 301 334 419 423
714:0 13 366
715:0 16 17 18 33 44 48 97 103 141 236 314 355 406 542 561
716:0 36 62 113 224 275 312 356 505 532 569 572
717:0 13 50 94 104 269 355 399 407 492 542 555 576 578
718:0 20 44 89 91 114 137 201 219 225 242 293 349 406 523 596
