2:0 80 124 130 133 174 202 203 204 267 275 320 345 437 438
3:0 80 124 130 133 174 202 203 204 267 275 320 345 437 438
5:0 44 68 187 200 232 242 246 251 264 349 394 406 407
6:0 44 68 187 200 232 242 246 251 264 349 394 406 407
8:0 33 39 44 54 55 110 114 145 175 193 229 243 252 281 287 300 323 330 352 362 392 453
9:0 33 39 44 54 55 110 114 145 175 193 229 243 252 281 287 300 323 330 352 362 392 453
17:0 19 92 104 156 164 168 182 185 193 207 211 213 214 216 218 228 237 240 241 253 263 314 332 355 369 403 413 432 496 585
18:0 19 92 104 156 164 168 182 185 193 207 211 213 214 216 218 228 237 240 241 253 263 314 332 355 369 403 413 432 496 585
20:0 44 68 103 154 172 179 253 279 382 387 515
22:0 13 18 98 143 161 184 185 211 253 297 310
24:0 21 50 180 184 228 231 251 289 305 342 389 415
25:0 3 9 117 175 179 203 217 227 252 268 273 321 344 381 516
26:0 3 9 117 175 179 203 217 227 252 268 273 321 344 381 516 575 580
28:0 68 175 203 229 232 306 341 400 431 498
30:0 36 48 50 68 116 130 203 204 228 231 251 342 498
31:0 36 48 50 68 116 130 203 204 228 231 251 342 498
33:0 36 48 50 68 93 133 203 231 251 342 389 457 498
34:0 36 48 50 68 93 133 203 231 251 342 389 457 498
35:0 102 118 133 150 187 217 273 312 313 321 343 500
36:0 102 118 133 150 187 217 273 312 313 321 343 500
38:0 50 95 175 180 185 257 290 326 336 384 394 506 541
39:0 185 195 214 217 273 313 343 356 386 387 445
40:0 185 195 214 217 273 313 343 356 386 387 445
42:0 16 18 19 92 95 98 104 156 164 168 174 182 185 188 202 207 211 213 214 216 218 228 237 240 241 247 259 263 269 332 355 369 371 413 417 428 432 474 496 512 585
44:0 14 15 75 76 92 104 148 156 164 175 182 188 204 207 213 214 216 218 235 237 241 263 267 275 290 298 321 412 447 474 495 496 563 571 585
45:0 14 15 75 76 92 104 148 156 164 175 182 188 204 207 213 214 216 218 235 237 241 263 267 275 290 298 321 412 447 474 495 496 563 571 585
47:0 60 68 73 97 103 175 203 228 230 232 363 440 450
49:0 97 103 202 226 234 285 290 324 390 450 476
51:0 29 103 179 185 203 228 246 251 253 262 310 426 515
53:0 39 95 133 175 180 204 231 274 289 316 386 387 492
55:0 60 95 109 193 214 227 238 248 281 287 290 426 485
57:0 68 96 179 193 214 227 251 264 265 279 370
59:0 24 34 37 38 83 231 234 242 257 336 343 370 394
61:0 54 61 114 150 170 203 227 283 287 301 341 346 352
62:0 54 61 114 150 170 203 227 283 287 301 341 346 352
64:0 7 8 9 86 92 94 104 112 113 115 138 148 156 164 168 182 207 213 214 216 218 219 227 237 240 241 244 247 259 263 269 282 285 347 373 374 379 385 412 433 447 451 470 473 496 563 585
65:0 7 8 9 86 92 94 104 112 113 115 138 148 156 164 168 182 207 213 214 216 218 219 227 237 240 241 244 247 259 263 269 282 285 347 373 374 379 385 412 433 447 451 470 473 496 563 585
67:0 7 8 9 27 68 96 227 265 282 321 370 379 418 484
68:0 7 8 9 27 53 68 70 89 91 92 96 104 113 126 156 157 164 168 182 207 213 214 216 218 227 237 240 241 249 263 265 280 282 317 321 339 370 371 374 379 398 411 418 479 484 490 496 510 514 523 585 602
70:0 141 202 227 235 275 311 321 331 345 363 388 438 499
71:0 141 202 227 235 275 311 321 331 345 363 388 438 499
73:0 62 109 114 145 229 243 282 321 330 367 392
75:0 5 174 175 203 264 335 359 431 475
76:0 5 174 175 203 264 335 359 431 475
78:0 24 32 37 38 67 95 172 204 234 445
80:0 23 173 187 214 248 300 335 382 428 472
85:0 19 48 92 98 104 114 119 156 164 168 175 182 185 207 211 213 214 216 218 237 241 263 283 332 355 363 372 413 496 497 585
87:0 21 32 50 122 195 214 227 231 252 254 255 256 324 333 352
89:0 114 122 174 184 212 254 255 256 286 325 425 491
91:0 36 41 61 103 112 229 333 341 350 352 392 419
93:0 7 8 9 50 114 123 149 184 195 288 310 499
94:0 7 8 9 50 114 123 149 184 195 288 310 499
97:0 7 8 9 112 260 272 274 285 290 385 417 427
99:0 21 97 114 117 133 175 203 246 282 321 498
103:0 174 202 235 236 246 267 275 285 335 363 381 384 437
105:0 24 103 130 187 195 197 203 246 442 498
106:0 68 136 170 183 203 228 229 270 364 410 418
107:0 68 136 170 183 203 228 229 270 364 410 418
110:0 60 103 149 174 180 194 220 254 255 256 288
112:0 14 46 53 58 59 68 70 85 87 89 91 92 104 126 130 156 157 164 168 174 179 182 201 207 213 214 216 218 222 231 237 240 241 242 249 263 306 317 371 397 398 407 422 423 424 431 444 496 510 523 585
113:0 387
117:0 13 50 62 82 150 175 190 200 225 324 330 352 499
119:0 34 56 60 114 130 189 214 300 324 341 401
122:0 204 361
124:0 8 96 252 273 357 358 417 445
125:0 2 7 8 27 96 112 223 238 264 359 364
126:0 2 5 9 103 112 116 183 187 223 231 238 394
130:0 33 150
134:0 174 175 197 203 204 273 281 313 321 343 363 485 500 560
135:0 91 92 104 156 164 174 175 182 197 203 204 207 213 214 216 218 237 240 241 247 263 273 281 313 321 343 363 485 496 497 500 514 560 585
136:0 174 175 197 203 204 273 281 313 321 343 363 485 500 560
139:0 21 48 61 62 114 117 191 250 282 330 352 378 390
141:0 61 62 103 109 175 193 196 202 229 282 341
143:0 120 428
148:0 48 54 114 225 231 245 349 352 406 407 453
149:0 48 54 114 225 231 245 349 352 406 407 453
153:0 22 34 68 73 175 246 267 275 287 312 320 378 437 505
154:0 22 34 68 73 175 246 267 275 287 312 320 378 437 505
156:0 24 37 38 98 154 179 193 267 306 326 336 343 394 481
157:0 24 37 38 98 154 179 193 267 306 326 336 343 394 481
159:0 8 37 56 232 242 246 300 313 335 346 349 352 453
160:0 8 37 56 232 242 246 300 313 335 346 349 352 453
162:0 38 116 163 179 204 228 231 271 274 343 363 387
164:0 17 18 48 97 101 119 143 185 297 432
166:0 60 103 117 146 227 264 282 318 405 409 450
168:0 41 49 50 60 226 228 324 390 400 476 527
169:0 16 18 19 92 95 98 104 156 164 168 174 182 185 188 202 207 211 213 214 216 218 228 237 240 241 247 259 263 269 332 355 369 371 413 417 428 432 474 496 512 585
171:0 54 60 97 103 133 175 250 351 352 362
176:0 64 119 193 217 234 248 290 326 375 381 417 500
178:0 65 98 114 185 211 285 287 297 355 389 428 485
180:0 28 34 36 97 103 231 260 268 316 495
181:0 28 34 36 97 103 231 260 268 316 495
182:0 14 15 75 76 92 104 148 156 164 175 182 188 204 207 213 214 216 218 235 237 241 263 267 275 290 298 321 412 447 474 495 496 563 571 585
183:0 21 47 227 313 321 487
184:0 21 34 47 48 133 187 195 217 227 248 276 287 313 321 330 346 453 487
186:0 54 61 114 150 170 203 227 283 287 301 341 346 352
188:0 38 93 133 203 227 270 312 388 402 538
189:0 38 93 133 203 227 270 312 388 402 538
192:0 73 117 174 203 227 230 234 267 270 275 320 363
195:0 24 34 68 105 174 214 227 246 254 255 256 300 491 495
196:0 91 92 104 156 164 174 175 182 197 203 204 207 213 214 216 218 237 240 241 247 263 273 281 313 321 343 363 485 496 497 500 514 560 585
197:0 91 92 104 156 164 174 175 182 197 203 204 207 213 214 216 218 237 240 241 247 263 273 281 313 321 343 363 485 496 497 500 514 560 585
199:0 23 173 187 214 248 300 335 382 428 472
205:0 38 42 68 129 175 203 279 328 379 390 446
208:0 111 175 205 335 350 431 446 484
210:0 38 102 118 173 185 215 217 242 264 265 370 422 423 424
212:0 13 68 179 203 211 226 318 400 405 432
217:0 36 38 68 69 187 214 232 238 242 281 313 370 400 498
219:0 108 151 174 205 254 255 256 257 262 414 517
221:0 34 36 38 44 90 174 246 333 341 419 446 556
224:0 48 62 103 114 129 173 175 190 323 341 350 352 491
226:0 324
229:0 68 83 99 179 180 228 251 364 386 389 417 422 424
230:0 13 50 62 82 150 175 190 200 225 324 330 352 499
232:0 34 68 90 116 173 189 246 283 420 457 484
233:0 85 161
237:0 68 136 170 183 203 228 229 270 364 410 418
242:0 68 118 203 215 217 270 312 356 363 387 426
247:0 23 116 174 200 228 231 246 334 349 372 442 446
248:0 23 116 174 200 228 231 246 334 349 372 442 446
253:0 13 24 73 225 235 242 283 300 306 320 331 345 363 388 437
254:0 13 24 73 225 235 242 283 300 306 320 331 345 363 388 437
256:0 10 67 68 97 174 179 203 226 265 297 306 364 387 400 481
257:0 10 24 64 67 68 97 174 179 203 226 265 297 306 339 364 387 400 481
259:0 23 38 44 68 124 174 243 246 250 253 281 287 301 419 426 469
260:0 23 38 44 68 124 174 243 246 250 253 281 287 301 419 426 469
262:0 43 214 281 289 305 310 343 382 389 422 423 424
264:0 28 29 33 39 45 154 156 163 187 189 204 214 228 270 271 300 316 321 343 374 415 431 493 516 560 579 598 603
271:0 55 68 73 75 175 202 230 235 298 321
272:0 55 68 73 75 175 202 230 235 298 321
274:0 13 36 73 98 133 251 331 384 388 417 432 492
275:0 13 36 73 98 133 251 331 384 388 417 432 492
277:0 18 48 99 119 143 211 228 287 355 413 432
279:0 16 54 97 239 282 346 355 362 392
281:0 45 50 93 100 104 109 194 212 227 262 285 288 381 425 485
282:0 45 50 93 100 104 109 194 212 227 262 285 288 381 425 485
284:0 56 60 170 193 203 324 341 450 453
286:0 204 264 270 313 331 358 363 388 402 409
288:0 34 163 173 174 214 228 306 321 359 400 495
289:0 34 163 173 174 214 228 306 321 359 400 495
291:0 16 185 203 318 400 405 450 515
292:0 16 185 203 318 400 405 450 515
294:0 36 108 173 265 283 313 326 359 509
295:0 36 108 173 265 283 313 326 359 509
297:0 68 185 193 197 223 238 264 270 279 358 364 418 469 498
301:0 226 252 253 270 273 313 321 387 389 426 428 445 493
305:0 23 34 103 174 265 276 283 407 442 446 457
306:0 23 34 103 174 265 276 283 407 442 446 457
308:0 7 8 9 193 223 226 252 290 384 385 409 418 427
310:0 29 129 174 242 253 351 415 422 423 424 435 481 486
315:0 326
317:0 123 151 174 189 194 220 441
319:0 37 38 56 129 246 362
321:0 34 37 38 90 111 173 174 214 321 392 428 487
323:0 23 34 111 184 203 205 246 254 255 256 257 281 336 426 442
326:0 18 133 203 243 248 271 285 326 381 428
329:0 16 98 116 175 203 210 324 341 414 450
330:0 16 98 116 175 203 210 324 341 414 450
332:0 50 51 67 68 223 265 298 320 335 345 388 402 415 417
334:0 97 99 114 211 228 297 304 355 384 407
340:0 36 37 56 175 209 250 330 341 349 414
342:0 34 38 232 246 276 282 283 300 349 376 498
346:0 72 105 112 174 203 243 321 378 446
348:0 28 103 174 229 282 334 352 440
350:0 54 95 109 114 225 231 243 300 321 362 406 445
354:0 50 109 193 194 228 286 310 425 441 466
356:0 185 194 220 262 285 286 288 399 466
358:0 105
362:0 50 117 191 205 311 313 335 419 506
364:0 90 174 205 214 254 255 256 281 324 346 352 392
365:0 90 174 205 214 254 255 256 281 324 346 352 392
367:0 34 48 109 112 203 287 300 330 352 362 392
368:0 34 48 109 112 203 287 300 330 352 362 392
372:0 37 56 82 111 203 239 349 406 407 424
373:0 37 56 82 111 203 239 349 406 407 424
388:0 34 37 38 74 133 254 255 256 276 321 328 388 402 414 469
389:0 34 37 38 74 133 254 255 256 276 321 328 388 402 414 469
391:0 7 9 24 66 68 116 227 252 257 264 270 274 299 501
392:0 7 9 24 66 68 116 227 252 257 264 270 274 299 501
394:0 48 56 97 117 173 175 189 196 281 297 300 392 458
395:0 48 56 97 117 173 175 189 196 281 297 300 392 458
397:0 28 31 38 193 197 211 228 253 279 297 310 355
398:0 17 18 28 31 38 104 193 197 211 228 253 279 283 297 310 355
400:0 38 98 111 130 154 203 205 214 316 346 401 431
402:0 117
404:0 24 36 98 129 270 324 336 351 400 422 423 424
405:0 24 36 98 129 270 324 336 351 400 422 423 424
407:0 42 75 79 170 178 191 202 235 320 326 363 402 437
409:0 18 21 23 37 38 43 174 231 242 359 442
411:0 29 34 38 68 90 103 116 174 184 350 446 469
414:0 182
416:0 16
419:0 3 29 154 163 189 210 226 316 382 392 401 415 541
421:0 75 111 205 230 267 311 312 320 321 361 363 402 505
423:0 54 68 90 124 133 174 243 254 255 256 262 281 362 376 499
424:0 3 21 68 97 103 180 228 251 252 279 340 343 415
426:0 34 50 95 114 194 262 311 432 499
428:0 7 8 9 67 175 186 227 252 264 313 327 383 415 458 509
429:0 103 174 180 194 262 285 286 389 417 425 466 472
430:0 17 18 65 103 109 119 143 185 195 297 355 372 375 413
432:0 28 39 44 98 175 289 313 358 372 387
435:0 38 43 114 123 184 228 231 242 310 386 481 492
437:0 92
444:0 34 37 38 184 200 225 231 232 239 328 341 431 442
445:0 34 37 38 184 200 225 231 232 239 328 341 431 442
448:0 44 67 97 136 170 197 238 242 266 299 327 334 410 418 509
450:0 18 34 174 214 254 255 256 279 303 328
452:0 18 28 41 97 103 109 163 185 228 231 342 400
454:0 29 68 96 223 238 252 265 358 364 367 382 409 410 418
457:0 60 62 97 150 175 186 204 321 324 362 401
460:0 23 38 54 73 74 130 331 345 363 402 419
461:0 8 44 68 180 193 228 252 274 306 364 386 419 420 458
462:0 33 63 86 87 92 104 113 115 148 153 156 164 182 207 214 216 218 237 240 241 244 263 360 416 430 451 496 521 528 585
463:0 34 133 173 174 187 214 222 265 330 359 428
464:0 14 46 53 58 59 68 70 85 87 89 91 92 104 126 130 156 157 164 168 174 179 182 201 207 213 214 216 218 222 231 237 240 241 242 249 263 306 317 371 397 398 407 422 423 424 431 444 496 510 523 585
465:0 72 73 93 133 175 202 267 283 363 384 437 476
466:0 2 7 8 27 63 70 85 86 87 92 94 96 104 112 113 148 156 164 168 182 207 213 214 216 218 223 237 238 240 249 263 264 280 359 364 374 411 416 451 490 496 521 528 585 602
467:0 2 5 9 103 112 116 183 187 223 231 238 394
468:0 64 119 193 217 234 248 290 326 375 381 417 500
469:0 18 38 141 179 185 228 290 318 324 364
470:0 91 92 104 156 164 174 175 182 197 203 204 207 213 214 216 218 237 240 241 247 263 273 281 313 321 343 363 485 496 497 500 514 560 585
471:0 91 92 104 156 164 174 175 182 197 203 204 207 213 214 216 218 237 240 241 247 263 273 281 313 321 343 363 485 496 497 500 514 560 585
472:0 13 17 38 68 97 226 232 328 342 364 379 400 431 440
473:0 34 36 38 44 90 174 246 333 341 419 446 556
474:0 126 161
475:0 45 50 93 100 104 109 194 212 227 262 285 288 381 425 485
476:0 38 203 205 222 335 446
477:0 185 194 220 262 285 286 288 399 466
478:0 50 117 191 205 311 313 335 419 506
496:0 137 212 228 230 231 239 243 345 363 445
497:0 137 212 228 230 231 239 243 345 363 445
499:0 34 37 174 214 222 276 281 283 343 484
500:0 34 37 174 214 222 276 281 283 343 484
502:0 103 197 362 372 376 383 400 403
503:0 103 197 362 372 376 383 400 403
505:0 103 175 193 228 231 279 372
507:0 28 122 189 203 204 228 281 336 422 423 424
508:0 28 122 189 203 204 228 281 336 422 423 424
510:0 6 185 204 227 281 313 343 492
512:0 67 272 310 320 321 331 343 345 417 437 580
514:0 7 67 83 214 257 272 310 321 343 417 580
516:0 56 67 272 300 310 321 343 392 401 417 580
518:0 49 112 129 174 214 226 270 277 290
520:0 95 211 234 253 273 381 516
521:0 95 211 234 253 273 381 516
523:0 24 28 36 38 99 103 203 351 382
525:0 36 174 199 222 317 356 475 484
526:0 36 174 199 222 317 356 475 484
528:0 48 204 260 270 282 313 355 485 500
530:0 66 130 229 306 319 334 414 431
533:0 4 68 179 183 193 197 203 265 395 409 469
534:0 4 68 179 183 193 197 203 265 395 409 469
536:0 54 173 214 287 300 352 414 426
537:0 54 173 214 287 300 352 414 426
541:0 13 97 103 170 226 293 318 382 403
542:0 13 97 103 170 226 293 318 382 403
544:0 36 41 42 191 390 431
545:0 36 41 42 191 390 431
547:0 227 251 262 313 320 321 363 388 415
549:0 117 203 204 230 275 320 361 363 388
552:0 38 68 116 212 228 251 253 422 424 431
553:0 38 68 116 212 228 251 253 422 424 431
555:0 36 116 172 203 214 227 264 281 359
558:0 68 174 191 203 328 334 335 400
560:0 7 8 9 68 133 185 197 252 349 409 428
563:0 50 171 203 262 286 313 377 417
565:0 21 34 88 117 175 250 282 334 352
567:0 44 211 282 406 414 432 457
569:0 28 114 120 174 191 205 300 350
571:0 68 197 262 289 326 389 399 445
573:0 39 175 189 203 214 231 282 313 401
575:0 212 243 253 357 399 445
576:0 212 243 253 357 399 445
578:0 101 109 151 271 286 290 310
579:0 101 109 151 271 286 290 310
581:0 16 119 211 314 362 381 382
583:0 181 286 334 352 363 393 420 475
584:0 181 286 334 352 363 393 420 475
586:0 97 214 226 235 313 316 320 363 388
589:0 30 68 103 185 224 228 282 450
591:0 34 74 77 78 111 203 205 380
593:0 54 105 109 132 151 220
596:0 40 42 50 185 228 431 440
598:0 73 191 331 356 388 402 431 446
606:0 50 100 112 285 310 384 385 417
608:0 51 114 151 203 257 445 499
609:0 51 114 151 203 257 445 499
611:0 13 68 106 116 179 203 231 283 400 406
612:0 13 68 106 116 179 203 231 283 400 406
614:0 8 214 227 264 281 372 400 419
617:0 38 170 189 191 203 226 227 228 364 470
620:0 67 203 226 233 265 282 364 382
625:0 29 212 228 279 389 427 446
630:0 184 211 212 282 313 355
634:0 103 310 372 399 414 422 423 424 457 458
635:0 103 310 372 399 414 422 423 424 457 458
637:0 81 106 193 203 234 393 428
651:0 532
652:0 532
658:0 340
660:0 3
665:0 33 78 81 450
666:0 33 81 106 450
671:0 22 33 75 565
681:0 33 319
695:0 1 39 84 189
700:0 174 175 197 203 204 273 281 313 321 343 363 485 500 560
709:0 244
