1:0 204 345 80 219|174 113 80 219|113 80 320 219|345 80 320
4:0 44 251|157 349 44 200|157 14|157 246 44
7:0 243 193 300 287|281 287|54 175|54 243 287|54 281 300 114|54 193 287|175 243 300 287|54 193 114
16:0 193 185|228 314 185
19:0 68 154 103 172 207 179 44 253
21:0 206 98|310 143 185|161 98 185|310 98 185|143 98|206 310 143
23:0 21 228 180 251 305
27:0 306 68 157 175 229 232 14 219
29:0 204 68 36 251 116 48 50
32:0 68 36 93 251 133 48 50
37:0 257 175 244 180 95 336 185 50
41:0 174 98 16|18 228 98 185 16
43:0 75 14|204 75 235|275 175 75 235
46:0 68 103|103 206|175 230|68 175 113|230 60|103 60|68 206 228 113|230 113|60 113
48:0 324 103|324 226|103 226
50:0 103 157 228 246 251 253 185
52:0 204 274 244 180 95 133
54:0 238 193 94 60 248 95 113 287
56:0 68 157 193 279 179 265 96 251
58:0 34 257 37 242 336 219 83
60:0 170 346 150|170 301 150|170 346 301|170 61 150|170 54 346 61 114
63:0 227 112|7 8 9|7 9 112
66:0 68 265|157 227 265|227 113 96|27 113 96|68 27
69:0 275 115 235|275 345 235|345 14|275 227 235|227 115 235
72:0 62 114|109 229|243 109 219|229 62
74:0 157 335
77:0 204 172 37 38 24 95
79:0 173 23 214|23 300|187 173 23|214 300
83:0 119 174 175 193 211 297 98 16
84:0 114 98 48 185|175 98|283 98 48
86:0 122 21 227 195 333 252 32 50
88:0 325 174 212 286|153 325 122 174 212 114
90:0 103 229 112 61|333 61
92:0 153 261 114|310 195 149 288|310 261 288|153 114 149
95:0 153 157 335|157 175 335
96:0 272 7 8 9|272 7 9 112
98:0 282 14|21 114
102:0 275 235 236|244 235|275 174 235|246 235
104:0 187 103|157 14|103 157 246
108:0 34 187 173 164|34 187 173 174|173 174 214|222 174|173 265 214|34 174 214
109:0 103 60 149 220|261 220|103 261
111:0 306 68 222 242 174 157 179 14
113:0 164 118|215 217 118|215 164
114:0 73 115 133|175 267 115|73 93 115|73 267 115|73 267 133
115:0 23 164 50|68 116 50|306 219|193 23|68 306 23|68 219|23 219 50|193 219|164 219
116:0 190 62|62 50|62 150|225 82|225 175 150|175 150 82
118:0 56 214 300|56 114|60 114
122:0 244 252|244 248 95
123:0 226 113 318 219|68 113|226 203|68 179 203
127:0 206 31|206 185|175 31
131:0 174 32|164 287|174 193 287|174 214 287
133:0 204 273 174 175 321 203
138:0 21 61 114 48|157 61 48|157 62|191 61 62 48|21 62|61 62 114 48
140:0 175 109|175 229|109 229 61|229 61 62|282 61
142:0 225 228|18 193|18 228|174 193
143:0 122 164|122 174
147:0 54 48|114 48|54 113|54 225 349 114
152:0 275 22 175 267|73 246|22 73 320|68 175|275 22 73 267|68 275 73|275 73 320
155:0 306 154 343 37 193 179 336 98
158:0 157 346 246 300 337|242 300 337|37 157 242 246 337
161:0 274 38 228 179 163 164 116 271
163:0 17 119 18 297 185|17 119 143 185|17 18 48 185
165:0 60 318
167:0 324 49|324 226 60 50|226 228
172:0 273 3 227 179 268 217 117
173:0 102 273 217 118|273 164 118|187 133 118|133 150 118
174:0 217 185|273 313 185|273 217
175:0 119 193 64|244 164|244 248 64|248 217
177:0 114 98 65 185|297 114 185|297 98 185|297 98 287|114 287
179:0 34 103 36 316 268 115 219
183:0 248 133|187 113 133|133 48|248 113 217|195 113|195 164|187 195|164 113
187:0 38 244 270|244 93 115|227 115 133|38 133|38 227 115 270|38 227 244 115
190:0 68 103 3 21 228 180 97 251
191:0 73 227 270|73 267|174 73|73 320
193:0 18 318|324 141 318
194:0 255 34 256 174 246 300 219 254
198:0 109 65|17 119 143|119 143 65|17 18 109|119 143 195|109 297|17 119 18 297
200:0 103 194 286
203:0 273 36 277 244 193 248 251 133
204:0 68 175
206:0 310 174 157 246 44 29 117
207:0 17 232 13|17 68 232
209:0 173 242 265 215 217 115 185 118
211:0 175 114 48|61 114 48
214:0 206 106|175 117|106 175
215:0 306 68 193 180 44 115 252
216:0 68 69 36 242 313 281 214 232
220:0 34 341 36 157 38 246 333 44
222:0 54 109|275 157 109 133|275 109 112 133|103 109 112|103 157|54 133
223:0 86 190 114 48|86 103 190 48|103 190 350
225:0 229 248 62 301 98 150
226:0 21 56 114|239 21 114|239 56 300|56 300 114|157 56 300|21 300 114
227:0 143 228 65|18 228
228:0 68 261 228 179 180 251 99 83
231:0 68 34 173 90 246 116
234:0 326 207 244 180 44 50
236:0 136 170 229 183 270
238:0 273 244 96|244 8 96 252
239:0 7 112 96|238 2 27 96|7 8 96|238 2 7
240:0 238 103 2 9|103 9 112|5 9
241:0 69 174 244 179 214 217 270 203
246:0 246 116|174 23|349 200
252:0 306 242|242 300|242 225|300 283
255:0 68 207 157 179 265 203
258:0 243 287|23 253|174 23 287|174 301
261:0 343 310 281 43 305
263:0 204 228 164 321 271
270:0 55 230|175 75 230 235|73 75 230 235|55 175
273:0 206 36 73 98 13 133
276:0 228 99 48|119 143 228 99 287
278:0 346 16|239 346
280:0 261 194 262 212 50
283:0 341 56 193|170 56|56 193 60
285:0 204 313 270|206 207|206 313
287:0 306 34 173 174 228 214 163
290:0 318 16|185 16
293:0 36 326 207 173 265
296:0 223 193 197|68 238 223 193 279|193 197 270 185|68 223 185|68 279 197 270|193 279 270
298:0 227 47|47 321|47 287
299:0 153 222 205
300:0 273 226 244 313 164 321 270 253
302:0 105 244
303:0 206 244 246 14 321 305
304:0 34 23|23 265|23 283
307:0 223 193 7 8 9 252|226 7 8 9 252
309:0 242 174 129 29 253
311:0 273 164
312:0 273 164
313:0 226 271|226 318
314:0 226 318
315:0 191 178 42
316:0 123 151|123 220
318:0 37 38 56
320:0 207 173 37 174 38 90 214 321
322:0 34 205 23 111 336 184
324:0 281 214 284 203
325:0 326 248 164 271
327:0 273 274 157 226 227 265 271 50
328:0 98 116|98 16
331:0 51 298|68 223
333:0 228 97 114 99
335:0 68 174 175 24 46 13
336:0 255 34 256 254
339:0 37 250
341:0 34 246 300|300 283
345:0 105 243 112|105 157 243
347:0 282 14
349:0 109 300|243 300 113|243 109 113|95 113
351:0 244 248
352:0 277 271 50
353:0 310 193 194 286 50
355:0 194 286 185 288|194 262 286|194 286 288 220|194 262 220
357:0 73 267 13|73 29|21 73 267
358:0 174 50|138 95 50|138 174 95
359:0 174 38 277 226 164 185
363:0 255 256 174 157 90 346 281 254
366:0 109 112 287|109 300 48|34 300|34 109 287|109 300 287
369:0 214 133|157 133|346 214|222 346 133|157 346
370:0 346 300 48
371:0 239 37 56 349 82