11:0 33 81
12:0 33 81 106
14:0 40 81
15:0 40 81 106
20:0 116
22:0 332
25:0 186 204
26:0 21 45 86 87 97 104 113 186 204
31:0 44 45 154 242 260 270
34:0 30 31 32 43 260 270
35:0 186 204
36:0 1 45 111 113 186 204 227 236 266 309 322
38:0 39 46 53 261 286 288
39:0 186 204
40:0 1 34 38 102 156 186 204 205 304
45:0 51 77 79 230 236
59:0 36 43 53 97 172 270
62:0 34 56 145 187 240
65:0 272
71:0 21 35 51 74 77 78
82:0 129
91:0 33 43 58 128
103:0 73 76 77 78 79 115 253
106:0 33
107:0 33
121:0 33 56 61 106 107 113 293 322
124:0 47 93 94 186
130:0 33 150 175
134:0 36 45 226
135:0 36 44 45 226
136:0 36 45 226
182:0 51 77 79 236
183:0 21 145 150 204
184:0 21 145 150 204
186:0 34 56 145 187 240
192:0 72 202 235 283
196:0 36 44 45 226
197:0 36 44 45 226
199:0 133
202:0 150 204 227
208:0 328
212:0 17
221:0 33
224:0 199
232:0 33 36 38 203
233:0 159
237:0 33
253:0 72 202
254:0 72 202
256:0 53 83
257:0 53 83
259:0 56 250
260:0 56 250
264:0 42 175
266:0 33 40 81
267:0 33 40 81 106
268:0 33 40 81
269:0 33 40 81 106
271:0 54 72 240
272:0 54 56 72 154 168 240 252 253 346
274:0 117 153 235 241
275:0 13 117 153 185 207 235 241 252 259 326
279:0 97 98 228
284:0 54 61 97 114
286:0 74 77 147 202
288:0 133 175 185 281 303 343
289:0 116 154 163 179 203 253 264
291:0 91 189 206 232
292:0 91 189 206 232
301:0 33 38 39 185 204 215 274 343
319:0 36
323:0 38 53
329:0 91
330:0 91
334:0 119
350:0 33 150 175
367:0 55 128 334
368:0 55 128 334
