1:0 80 113 130 174 204 219 320 345
4:0 14 44 157 187 200 246 251 349
7:0 54 114 175 193 243 281 287 300
16:0 185 193 211 228 314
19:0 44 68 103 154 172 179 207 253
21:0 98 143 161 184 185 206 310
23:0 21 180 228 251 305
27:0 14 68 157 175 219 229 232 306
29:0 36 48 50 68 116 204 251
32:0 36 48 50 68 93 133 251
37:0 50 95 175 180 185 244 257 336
41:0 16 18 98 174 185 228
43:0 14 75 175 204 235 275
46:0 60 68 103 113 175 206 228 230
48:0 103 202 226 324
50:0 103 157 185 228 246 251 253
52:0 95 133 180 204 244 274
54:0 60 94 95 113 193 238 248 287
56:0 68 96 157 179 193 251 265 279
58:0 34 37 83 219 242 257 336
60:0 54 61 114 150 170 301 346
63:0 7 8 9 112 227 282
66:0 27 68 96 113 157 227 265
69:0 14 115 141 227 235 275 345
72:0 62 109 114 219 229 243
74:0 5 157 335
77:0 24 37 38 95 172 204
79:0 23 173 187 214 219 248 300
83:0 16 98 119 174 175 193 211 297
84:0 48 98 114 175 185 283
86:0 21 32 50 122 195 227 252 333
88:0 114 122 153 174 212 286 325
90:0 36 61 103 112 229 333
92:0 114 149 153 195 261 288 310
95:0 153 157 175 335
96:0 7 8 9 112 272 274
98:0 14 21 91 114 133 175 282
102:0 115 174 235 236 244 246 275
104:0 14 103 130 157 187 195 246
108:0 34 164 173 174 187 214 222 265
109:0 60 103 149 194 220 261
111:0 14 68 157 174 179 222 242 306
113:0 118 164 215 217 312
114:0 72 73 93 115 133 175 267
115:0 23 50 68 116 164 193 219 306
116:0 50 62 82 150 175 190 225
118:0 56 60 114 214 300
122:0 95 102 244 248 252 271
123:0 13 68 113 179 203 219 226 318
127:0 31 175 185 206
131:0 32 164 174 193 214 287 321 349
133:0 174 175 203 204 273 321
138:0 21 48 61 62 114 157 191
140:0 61 62 91 109 175 229 282
142:0 18 174 193 211 225 228
143:0 38 90 122 164 174 204
147:0 48 54 113 114 225 349
152:0 22 68 73 175 246 267 275 320
155:0 37 98 154 179 193 306 336 343
158:0 37 56 157 242 246 300 337 346
161:0 38 116 163 164 179 228 271 274
163:0 17 18 48 119 143 185 297
165:0 60 117 318
167:0 49 50 60 226 228 324
170:0 103 133 175
172:0 3 117 179 217 227 268 273 344
173:0 102 118 133 150 164 187 217 273
174:0 185 195 217 273 313
175:0 64 119 164 193 217 244 248
177:0 65 98 114 185 211 244 287 297
179:0 34 36 103 115 219 268 316
183:0 48 113 133 164 187 195 217 248
185:0 120
187:0 38 93 115 133 227 244 270
190:0 3 21 68 97 103 180 228 251
191:0 73 174 227 267 270 320
193:0 18 141 179 318 324
194:0 34 174 219 246 254 255 256 300
198:0 17 18 65 109 119 143 195 297
200:0 103 194 244 286
203:0 36 133 193 244 248 251 273 277
204:0 42 68 115 129 175 328
206:0 29 44 117 157 174 246 310
207:0 13 17 68 232 328
209:0 115 118 173 185 215 217 242 265
211:0 48 61 114 175 310
213:0 230
214:0 106 117 175 206
215:0 44 68 115 180 193 252 306
216:0 36 68 69 214 232 242 281 313
218:0 151 257
220:0 34 36 38 44 157 246 333 341
222:0 54 103 109 112 133 157 275 333
223:0 48 62 86 103 114 190 350
225:0 62 98 150 229 248 301
226:0 21 56 114 157 239 300
227:0 18 65 143 174 228
228:0 68 83 99 179 180 228 251 261
231:0 34 68 90 116 173 246
234:0 44 50 180 207 244 326
236:0 136 170 183 229 270
238:0 8 96 244 252 273
239:0 2 7 8 27 96 112 238
240:0 2 5 9 103 112 238
241:0 69 174 179 203 214 217 244 270
246:0 23 116 174 200 228 246 349
252:0 73 225 242 283 300 306
255:0 68 157 179 203 207 265
258:0 23 174 243 253 287 301
261:0 43 281 305 310 343
263:0 164 204 228 271 321
270:0 55 73 75 175 230 235
273:0 13 36 73 98 133 206
276:0 48 99 119 143 228 287
278:0 16 54 97 239 346
280:0 50 194 212 261 262
283:0 56 60 170 193 341
285:0 204 206 207 270 313
287:0 34 163 173 174 214 228 306
290:0 16 185 203 318
293:0 36 173 207 265 326
296:0 68 185 193 197 223 238 270 279
298:0 21 47 227 287 321
299:0 153 205 222
300:0 164 226 244 253 270 273 313 321
302:0 105 236 244
303:0 14 206 244 246 305 321
304:0 23 34 265 283
307:0 7 8 9 193 223 226 252
309:0 29 129 174 242 253
311:0 164 273
312:0 164 273
313:0 226 271 318
314:0 74 226 318
315:0 42 178 191 235
316:0 123 138 151 220
318:0 37 38 56
320:0 37 38 90 173 174 207 214 321
322:0 23 34 111 184 205 336
324:0 203 214 281 284
325:0 164 248 271 326
327:0 50 157 226 227 265 271 273 274
328:0 16 98 116
331:0 51 68 223 298 320
333:0 97 99 114 228
335:0 13 24 46 68 174 175
336:0 34 254 255 256
339:0 37 209 250
341:0 34 246 283 300
345:0 105 112 157 243
347:0 14 157 229 282
349:0 95 109 113 225 243 300
351:0 244 248
352:0 50 271 277
353:0 50 193 194 286 310
355:0 185 194 220 262 286 288
357:0 13 21 29 73 267
358:0 50 95 138 174
359:0 38 164 174 185 226 277
361:0 191 335
363:0 90 157 174 254 255 256 281 346
366:0 34 48 109 112 287 300
369:0 130 133 157 214 222 346
370:0 48 150 300 346
371:0 37 56 82 239 349
