1:0 15 70 76 92 104 148 156 182 188 202 213 216 218 237 241 249 263 290 331
2:0 15 70 76 92 104 148 156 182 188 202 213 216 218 237 241 249 263 290 331
3:0 15 46 63 70 76 89 92 104 148 156 182 188 202 213 216 218 237 241 249 263 290 331
4:0 15 53 70 91 92 104 126 156 182 213 216 218 231 237 241 249 263 264 280 290 315 332 337
5:0 15 53 70 91 92 104 126 156 182 213 216 218 231 237 241 249 263 264 280 290 315 332 337
6:0 15 19 46 53 63 70 89 91 92 104 126 156 182 211 213 216 218 231 237 241 249 263 264 280 290 315 332 337
7:0 57 58 59 70 91 92 104 127 156 182 213 216 218 231 237 240 249 258 263 264 280 290 291 352
8:0 57 58 59 70 91 92 104 127 156 182 213 216 218 231 237 240 249 258 263 264 280 290 291 352
9:0 46 57 58 59 63 70 89 91 92 104 127 156 182 213 216 218 231 237 240 249 258 263 264 280 290 291 352
12:0 63 76 92 94 104 148 156 168 182 202 213 216 218 219 237 240 241 247 263 285 290 332
15:0 15 63 76 92 104 156 168 182 188 202 213 216 218 237 241 249 263 280 290 332
16:0 19 92 104 156 168 182 211 213 216 218 237 240 241 263 290 332
17:0 19 92 104 156 168 182 211 213 216 218 237 240 241 263 290 332
18:0 19 63 92 104 156 168 182 211 213 216 218 237 240 241 263 290 332
19:0 15 58 59 85 87 91 92 104 156 168 182 213 216 218 231 237 240 241 247 249 263 269 290 351
20:0 15 46 58 59 63 70 85 87 91 92 104 156 168 182 213 216 218 231 237 240 241 247 249 263 269 290 351
21:0 19 92 104 156 168 182 211 213 216 218 237 240 241 263 290 332
22:0 19 63 92 104 156 168 182 211 213 216 218 237 240 241 263 290 332
23:0 70 89 91 92 104 156 168 182 188 202 213 216 218 231 237 240 241 259 263 289 290
24:0 63 70 89 91 92 104 156 168 182 188 202 213 216 218 231 237 240 241 259 263 289 290
25:0 70 85 87 91 92 104 113 148 156 182 213 216 218 231 237 240 249 263 264 280 290 351
26:0 63 70 85 87 91 92 104 113 148 156 168 182 213 216 218 231 237 240 249 263 264 280 290 351
27:0 15 70 89 91 92 104 156 168 182 201 213 216 218 231 237 241 249 263 264 280 290 317 332
28:0 15 63 70 89 91 92 104 156 168 182 201 213 216 218 231 237 241 249 263 264 280 290 317 332
29:0 15 58 59 70 85 87 91 92 104 156 168 182 188 213 216 218 231 237 240 241 249 263 290 332 351 352
30:0 15 58 59 70 85 87 91 92 104 156 168 182 188 213 216 218 231 237 240 241 249 263 290 332 351 352
31:0 15 46 53 57 58 59 63 70 85 87 89 91 92 104 126 156 168 182 188 201 213 216 218 231 237 240 241 247 249 259 263 264 269 280 290 317 332 351 352
32:0 15 58 59 70 85 87 91 92 104 156 168 182 188 213 216 218 231 237 240 241 249 263 290 351 352
33:0 15 58 59 70 85 87 91 92 104 156 168 182 188 213 216 218 231 237 240 241 249 263 290 351 352
34:0 15 46 53 57 58 59 63 70 85 87 89 91 92 104 126 156 168 182 188 201 213 216 218 231 237 240 241 247 249 259 263 264 269 280 290 317 351 352
35:0 53 58 59 70 76 85 87 91 92 94 104 113 115 126 148 156 182 213 216 218 219 231 237 240 241 247 263 264 280 289 290 347 351 352
36:0 53 58 59 63 70 76 85 87 91 92 94 104 113 115 126 148 156 182 213 216 218 219 231 237 240 241 247 263 264 280 289 290 347 351 352
37:0 46 53 91 92 104 126 156 182 213 216 218 219 231 237 241 263 290 315
38:0 46 53 63 91 92 104 126 156 182 213 216 218 219 231 237 241 263 290 315
39:0 53 58 59 70 76 85 87 91 92 94 104 113 115 126 148 156 182 213 216 218 219 237 240 241 247 263 264 280 289 290 351 352
40:0 53 58 59 63 70 76 85 87 91 92 94 104 113 115 126 148 156 182 213 216 218 219 237 240 241 247 263 264 280 289 290 351 352
41:0 92 104 156 168 182 188 202 211 213 216 218 237 240 241 247 259 263 269 289 290 332
42:0 63 92 104 156 168 182 188 202 211 213 216 218 237 240 241 247 259 263 269 289 290 332
43:0 15 76 92 104 148 156 182 188 202 213 216 218 237 241 263 290 331
44:0 15 76 92 104 148 156 182 188 202 213 216 218 237 241 263 290 331
45:0 15 63 76 92 104 148 156 182 188 202 213 216 218 237 241 263 290 331
46:0 15 76 91 92 104 148 156 168 182 188 202 213 216 218 237 241 249 263 290 331 332
47:0 15 63 76 91 92 104 148 156 168 182 188 202 213 216 218 237 241 249 263 290 331 332
48:0 76 92 94 104 148 156 168 182 188 202 213 216 218 237 241 263 285 290
49:0 63 76 92 94 104 148 156 168 182 188 202 213 216 218 237 241 263 285 290 332
50:0 15 89 91 92 104 156 168 182 188 213 216 218 237 241 249 263 290 317 332
51:0 15 63 89 91 92 104 156 168 182 188 213 216 218 237 241 249 263 290 317 332
52:0 15 85 87 91 92 104 148 156 168 182 213 216 218 231 237 240 241 247 259 263 269 289 290 332 351 352
53:0 15 46 63 85 87 91 92 104 148 156 168 182 213 216 218 231 237 240 241 247 259 263 269 289 290 332 351 352
54:0 57 58 59 70 91 92 104 127 148 156 182 213 216 218 231 237 240 249 258 263 264 280 290 291 332 347 352
55:0 57 58 59 63 70 91 92 104 127 148 156 182 213 216 218 231 237 240 249 258 263 264 280 290 291 332 347 352
56:0 70 85 87 89 91 92 104 156 168 182 213 216 218 231 237 240 241 249 263 264 269 280 290 315 317 332 339
57:0 63 70 85 87 89 91 92 104 156 168 182 213 216 218 231 237 240 241 249 263 264 269 280 290 315 317 332 339
58:0 46 53 70 91 92 104 126 156 168 182 213 216 218 231 237 241 249 263 290 315 332
59:0 46 53 63 70 91 92 104 126 156 168 182 213 216 218 231 237 241 249 263 290 315 332
60:0 57 58 59 91 92 94 104 127 156 168 182 213 216 218 237 240 258 263 290 291 352
61:0 57 58 59 70 89 91 92 94 104 127 156 168 182 213 216 218 237 240 249 258 263 264 280 290 291 352
62:0 57 58 59 63 70 89 91 92 94 104 127 156 168 182 213 216 218 237 240 249 258 263 264 280 290 291 317 339 352
63:0 92 94 104 113 115 148 156 168 182 213 216 218 219 231 237 240 241 247 259 263 264 269 285 289 290 347 351
64:0 92 94 104 113 115 148 156 168 182 213 216 218 219 231 237 240 241 247 259 263 264 269 285 289 290 347 351
65:0 63 92 94 104 113 115 148 156 168 182 213 216 218 219 231 237 240 241 247 259 263 264 269 285 289 290 347 351
66:0 53 70 89 91 92 104 126 156 168 182 213 216 218 237 240 241 249 263 264 280 290 317 339
67:0 53 70 89 91 92 104 126 156 168 182 213 216 218 237 240 241 249 263 264 280 290 317 339
68:0 53 63 70 89 91 92 104 126 156 168 182 213 216 218 237 240 241 249 263 264 280 290 317 339
69:0 15 76 92 104 148 156 168 182 188 202 213 216 218 237 241 263 290 331
70:0 15 76 92 104 148 156 168 182 188 202 213 216 218 237 241 263 290 331
71:0 15 63 76 92 104 148 156 168 182 188 202 213 216 218 237 241 263 290 331
72:0 15 57 58 59 92 104 127 156 168 182 188 202 213 216 218 237 240 258 263 290 291 352
73:0 15 57 58 59 63 92 104 127 156 168 182 188 202 213 216 218 237 240 258 263 290 291 352
74:0 53 70 89 91 92 104 126 156 182 201 213 216 218 237 241 249 263 264 280 290 317
75:0 53 70 89 91 92 104 126 156 182 201 213 216 218 237 241 249 263 264 280 290 317
76:0 46 53 63 70 89 91 92 104 126 156 182 201 213 216 218 237 241 249 263 264 280 290 317
77:0 53 70 76 92 104 126 156 182 213 216 218 231 237 241 263 290 315
78:0 53 63 70 76 92 104 126 156 182 213 216 218 231 237 241 263 290 315
79:0 53 57 58 59 70 89 91 92 94 104 126 148 156 182 213 216 218 219 231 237 240 241 247 258 263 285 290 291 347 352
80:0 53 57 58 59 63 70 89 91 92 94 104 126 148 156 182 213 216 218 219 231 237 240 241 247 249 258 263 264 280 285 290 291 347 352
81:0 85 87 92 104 115 148 156 182 216 218 237 240 241 263 290 351
82:0 63 85 87 92 104 115 148 156 182 216 218 237 240 241 263 290 351
83:0 15 19 92 104 156 168 182 211 213 216 218 231 237 241 263 290 332
84:0 19 92 104 156 168 182 211 213 216 218 237 241 263 290 332
85:0 19 63 92 104 156 168 182 211 213 216 218 237 241 259 263 269 290 332
86:0 57 58 59 92 104 127 156 168 182 213 216 218 219 237 240 258 263 290 291 352
87:0 57 58 59 63 92 104 127 156 168 182 213 216 218 219 237 240 258 263 290 291 352
88:0 53 85 87 91 92 104 126 156 168 182 188 202 213 216 218 237 240 241 259 263 269 290 317 351
89:0 53 63 70 85 87 91 92 104 126 156 168 182 188 202 213 216 218 237 240 241 249 259 263 264 269 280 290 317 351
90:0 57 58 59 92 104 156 182 213 216 218 237 240 258 263 290 291 352
91:0 57 58 59 63 92 104 156 182 213 216 218 237 240 258 259 263 290 291 352
92:0 85 92 94 104 156 168 182 188 202 213 216 218 237 240 241 247 259 263 269 285 289 290
93:0 85 92 94 104 156 168 182 188 202 213 216 218 237 240 241 247 259 263 269 285 289 290
94:0 63 70 85 87 92 94 104 156 168 182 188 202 213 216 218 237 240 241 247 249 259 263 264 269 280 285 289 290
95:0 46 70 89 91 92 104 156 182 201 213 216 218 231 237 241 249 259 263 269 290 317
96:0 92 94 104 113 115 148 156 168 182 213 216 218 219 237 240 241 247 259 263 264 269 280 285 289 290 347
97:0 63 92 94 104 113 115 148 156 168 182 213 216 218 219 237 240 241 247 259 263 264 269 280 285 289 290 347
98:0 15 57 58 59 70 91 92 104 156 168 182 213 216 218 237 240 249 258 263 290 291 317 352
99:0 15 57 58 59 63 70 91 92 104 156 168 182 213 216 218 237 240 249 258 263 290 291 317 352
100:0 85 87 92 104 113 148 156 168 182 216 218 237 240 259 263 269 290 351
101:0 63 85 87 92 104 113 148 156 168 182 216 218 237 240 259 263 269 290 351
102:0 70 76 92 94 104 113 115 148 156 168 182 188 202 213 216 218 237 241 263 285 290 331
103:0 63 70 76 92 94 104 113 115 148 156 168 182 188 202 213 216 218 237 241 263 285 290 331
104:0 53 58 59 70 89 91 92 104 126 156 168 182 201 213 216 218 231 237 241 249 263 264 280 290 317 332
105:0 53 58 59 63 70 89 91 92 104 126 156 168 182 201 213 216 218 231 237 241 249 263 264 280 290 317 332
106:0 70 89 92 104 156 168 182 213 216 218 237 240 241 249 263 264 280 290 317 339
107:0 70 89 92 104 156 168 182 213 216 218 237 240 241 249 263 264 280 290 317 339
108:0 15 53 57 58 59 63 70 76 85 87 89 91 92 104 126 156 168 182 201 213 216 218 231 237 240 241 247 249 263 264 280 290 317 351 352
109:0 53 85 87 92 104 126 148 156 168 182 188 213 216 218 237 240 241 247 259 263 269 290 351
110:0 53 63 85 87 92 104 126 148 156 168 182 188 213 216 218 237 240 241 247 259 263 269 290 351
111:0 46 53 58 59 70 85 87 89 91 92 104 126 156 168 182 201 213 216 218 231 237 240 241 249 263 290 317 351
112:0 15 46 53 57 58 59 63 70 85 87 89 91 92 104 126 156 168 182 201 213 216 218 231 237 240 241 249 263 264 280 290 317 351
113:0 53 58 59 63 70 76 85 87 89 92 94 104 113 126 148 156 182 201 213 216 218 219 231 237 240 241 247 249 258 263 264 280 285 289 290 317 347 351 352
114:0 15 63 76 92 104 148 156 168 182 188 202 213 216 218 237 241 249 263 290 331
115:0 15 46 53 57 58 59 63 70 76 85 87 89 91 92 104 126 156 168 182 201 213 216 218 231 237 240 241 247 249 258 263 264 280 290 317 332 351 352
116:0 57 58 59 92 104 127 156 182 213 216 218 237 240 258 263 290 291 352
117:0 57 58 59 63 92 104 127 156 182 213 216 218 237 240 258 263 290 291 352
118:0 57 58 59 92 104 127 156 182 213 216 218 237 240 258 263 290 291 352
119:0 57 58 59 63 92 104 127 156 182 213 216 218 237 240 258 263 290 291 352
120:0 57 58 59 85 87 92 94 104 113 115 127 148 156 182 216 218 237 240 258 263 290 291 352
121:0 57 58 59 63 85 87 92 94 104 113 115 127 148 156 182 216 218 237 240 258 263 285 290 291 352
122:0 63 76 85 87 92 94 104 113 115 148 156 168 182 213 216 218 219 237 240 241 247 259 263 264 269 280 285 289 290 347 351
123:0 15 63 92 104 156 168 182 211 213 216 218 237 240 241 249 263 290 332
124:0 58 59 63 92 94 104 113 115 148 156 168 182 213 216 218 237 240 247 258 259 263 264 269 280 285 290 347 352
125:0 63 70 85 87 92 94 104 113 148 156 168 182 213 216 218 231 237 240 249 263 264 280 290 351
126:0 53 63 70 92 94 104 126 156 168 182 213 216 218 231 237 241 249 263 264 280 290
127:0 15 63 70 89 91 92 104 156 168 182 213 216 218 237 240 241 249 263 264 280 290 317 339
128:0 53 57 58 59 63 70 76 85 87 89 92 104 126 156 182 201 213 216 218 231 237 240 241 249 263 290 317 351 352
130:0 46 53 57 58 59 63 70 85 87 89 92 104 126 127 156 182 201 213 216 218 237 240 249 258 259 263 269 290 291 352
131:0 46 57 58 59 63 70 85 87 92 94 104 127 156 182 213 216 218 219 231 237 240 249 258 263 290 291 351 352
133:0 91 92 104 156 182 213 216 218 231 237 240 241 247 263 290
134:0 46 57 58 59 63 91 92 104 127 156 182 213 216 218 231 237 240 241 247 258 263 290 291 352
135:0 46 63 85 87 91 92 104 148 156 182 213 216 218 231 237 240 241 247 263 290 351
136:0 46 53 63 91 92 104 126 156 182 213 216 218 231 237 240 241 247 263 290 315
137:0 58 59 63 76 85 87 92 94 104 148 156 168 182 216 218 231 237 240 241 247 263 290 332 351
138:0 57 58 59 92 104 127 156 168 182 201 213 216 218 237 240 249 258 263 290 291 317 352
139:0 57 58 59 63 92 104 127 156 168 182 201 213 216 218 237 240 249 258 263 290 291 317 352
140:0 57 58 59 91 92 104 127 156 168 182 201 202 213 216 218 237 240 249 258 263 290 317 332 352
141:0 15 57 58 59 63 91 92 104 127 156 168 182 201 202 213 216 218 237 240 249 258 263 280 290 291 317 332 352
142:0 19 46 53 63 70 89 92 104 126 156 168 182 201 211 213 216 218 231 237 240 241 249 259 263 269 290 317 332 337
143:0 53 57 58 59 63 70 76 85 87 89 92 94 104 126 156 182 201 213 216 218 237 240 241 247 263 264 280 290 317 351 352
144:0 19 46 58 59 63 92 104 115 156 182 201 211 216 218 237 240 241 249 258 263 290 332 352
145:0 19 46 63 85 87 92 104 113 148 156 182 201 211 216 218 237 240 241 249 263 290 332 351
146:0 19 46 53 63 92 104 126 156 182 201 211 216 218 219 237 240 241 249 263 290 315 332
147:0 53 57 58 59 63 85 87 92 104 126 127 156 182 213 216 218 219 231 237 240 241 258 263 290 351 352
148:0 53 57 58 59 63 85 87 92 104 126 127 156 182 213 216 218 219 231 237 240 241 258 263 290 351 352
149:0 15 19 46 53 57 58 59 63 70 85 87 89 92 104 126 127 156 182 201 211 213 216 218 219 231 237 240 241 249 258 263 264 280 290 291 317 332 337 351 352
150:0 53 58 59 63 70 76 85 87 89 92 94 104 113 115 126 148 156 182 201 216 218 219 231 237 240 241 247 249 258 259 263 264 269 280 285 289 290 317 332 339 347 351 352
151:0 15 19 46 53 57 58 59 63 70 76 85 87 89 91 92 94 104 113 115 126 127 148 156 168 182 188 201 202 211 213 216 218 219 231 237 240 241 247 249 258 259 263 264 269 280 285 289 290 291 315 317 331 332 337 339 347 351 352
152:0 15 76 92 104 113 115 148 156 182 202 213 216 218 219 231 237 241 263 290 331
153:0 15 70 76 92 104 113 115 148 156 182 202 213 216 218 219 231 237 241 249 263 290 331
154:0 15 63 70 76 89 92 104 113 115 148 156 182 202 213 216 218 219 231 237 241 249 263 290 331
155:0 15 53 91 92 104 126 156 182 213 216 218 237 241 263 290 315 332
156:0 15 46 53 70 91 92 104 126 156 182 213 216 218 237 241 249 263 264 280 290 315 332
157:0 15 46 53 63 70 89 91 92 104 126 156 182 213 216 218 237 241 249 263 264 280 290 315 332
158:0 15 57 58 59 91 92 104 127 156 182 213 216 218 231 237 240 258 263 264 280 290 291 332 352
159:0 15 46 57 58 59 70 91 92 104 127 156 182 213 216 218 231 237 240 249 258 263 264 280 290 291 332 352
160:0 15 46 57 58 59 63 70 89 91 92 104 127 156 182 213 216 218 231 237 240 249 258 263 264 280 290 291 332 337 352
161:0 15 53 57 58 76 85 91 92 104 156 168 182 213 216 218 231 237 240 241 247 263 264 280 290 351 352
162:0 15 53 57 58 59 63 70 76 85 87 91 92 104 156 168 182 213 216 218 231 237 240 241 247 249 263 264 280 290 351 352
163:0 19 92 94 104 115 148 156 168 182 211 213 216 218 237 240 241 247 263 290 332
164:0 19 63 92 94 104 115 148 156 168 182 211 213 216 218 237 240 241 247 263 290 332
165:0 76 91 92 104 113 115 148 156 168 182 202 213 216 218 219 237 241 263 264 280 290 332
166:0 63 76 91 92 104 113 115 148 156 168 182 202 213 216 218 219 237 241 263 264 280 290 332
167:0 76 91 92 94 104 148 156 168 182 188 202 213 216 218 237 241 263 290
168:0 63 76 91 92 94 104 148 156 168 182 188 202 213 216 218 237 241 263 290
169:0 19 63 92 104 156 168 182 188 202 211 213 216 218 237 240 241 247 259 263 269 289 290 332
170:0 57 58 59 85 87 92 104 127 148 156 182 213 216 218 237 240 258 263 290 291 351 352
171:0 57 58 59 63 85 87 92 104 127 148 156 182 213 216 218 237 240 258 263 290 291 351 352
172:0 85 87 92 104 113 148 156 182 213 216 218 231 237 240 263 290 351
173:0 53 76 91 92 94 104 113 115 126 148 156 182 213 216 218 219 231 237 240 241 247 263 290 351 352
174:0 53 76 91 92 94 104 113 115 126 148 156 182 213 216 218 219 237 240 241 247 263 290 351 352
175:0 53 76 92 94 104 113 115 126 148 156 182 213 216 218 219 237 240 241 247 249 263 290 351 352
176:0 19 53 63 76 92 94 104 113 115 126 148 156 182 211 213 216 218 219 237 240 241 247 249 263 264 280 290 332 351 352
177:0 76 92 94 104 113 115 148 156 168 182 202 211 213 216 218 237 240 241 247 263 285 290 332 347
178:0 19 63 76 92 94 104 113 115 148 156 168 182 202 211 213 216 218 237 240 241 247 263 285 290 332 347
179:0 85 87 92 104 113 148 156 182 213 216 218 231 237 240 263 290 351
180:0 70 85 87 92 104 113 148 156 182 213 216 218 231 237 240 249 263 264 280 290 351
181:0 63 70 85 87 92 104 113 148 156 182 213 216 218 231 237 240 249 263 264 280 290 351
182:0 15 63 76 92 104 148 156 182 188 202 213 216 218 219 237 241 263 290 331
183:0 57 58 59 70 91 92 104 127 156 182 213 216 218 231 237 240 249 258 263 264 280 290 291 352
184:0 57 58 59 63 70 91 92 104 127 156 182 213 216 218 231 237 240 249 258 263 264 280 290 291 352
185:0 70 89 91 92 104 156 168 182 201 213 216 218 237 241 249 263 264 269 280 290 317 347
186:0 57 58 59 63 70 89 91 92 94 104 127 156 168 182 213 216 218 237 240 249 258 263 264 280 290 291 352
187:0 76 92 104 148 156 182 202 213 216 218 237 241 263 290 331 332
188:0 76 92 104 148 156 182 202 213 216 218 237 241 263 290 331 332
189:0 63 76 92 104 148 156 182 202 213 216 218 237 241 263 290 331 332
190:0 15 70 76 85 87 91 92 104 156 168 182 213 216 218 231 237 240 241 247 249 263 264 269 280 289 290 332 351 352
191:0 15 76 92 104 113 148 156 182 188 202 213 216 218 219 237 241 263 290 331
192:0 15 63 76 92 104 113 148 156 182 188 202 213 216 218 219 237 241 263 290 331
193:0 76 92 94 104 148 156 168 182 202 211 213 216 218 237 241 247 263 290 332
194:0 57 58 59 89 91 92 104 127 148 156 182 188 201 213 216 218 231 237 240 249 258 263 290 291 352
195:0 57 58 59 63 70 89 91 92 104 127 148 156 182 188 201 213 216 218 231 237 240 249 258 263 264 280 290 291 317 352
196:0 15 63 91 92 94 104 113 115 148 156 182 213 216 218 231 237 240 241 247 263 285 290 347
197:0 15 63 91 92 94 104 148 156 182 213 216 218 231 237 240 241 247 259 263 269 289 290
198:0 19 92 104 156 168 182 211 213 216 218 237 240 241 247 259 263 269 289 290 332 347
199:0 53 57 58 59 63 70 89 91 92 94 104 126 148 156 182 213 216 218 219 231 237 240 241 247 249 258 263 264 280 285 290 291 347 352
200:0 85 87 92 94 104 148 156 168 182 213 216 218 237 240 241 247 259 263 269 285 289 290 332 347 351
203:0 70 85 87 89 92 94 104 113 115 148 156 168 182 213 216 218 231 237 240 241 247 249 263 285 290 347 351
204:0 70 76 89 91 92 104 113 115 156 182 201 202 213 216 218 237 241 249 263 290
205:0 63 70 76 89 91 92 104 113 115 156 182 201 202 213 216 218 237 241 249 263 290
206:0 53 58 59 70 76 85 87 89 91 92 104 126 156 168 182 213 216 218 231 237 240 241 247 249 263 290 317 347 351 352
207:0 15 70 89 91 92 104 156 168 182 188 201 211 213 216 218 231 237 240 241 249 263 290 317 332
208:0 15 46 63 70 89 91 92 104 156 182 201 213 216 218 231 237 241 249 259 263 269 290 317
209:0 46 53 70 76 85 87 89 91 92 104 126 156 168 182 188 213 216 218 237 240 241 247 249 259 263 264 269 280 290 315 339 351 352
210:0 46 53 63 70 76 85 87 89 91 92 104 126 156 168 182 188 213 216 218 231 237 240 241 247 249 259 263 264 269 280 290 315 317 339 351 352
211:0 57 58 59 92 104 127 156 182 188 213 216 218 237 240 247 258 263 290 291 351 352
212:0 15 63 70 92 104 156 168 182 201 211 213 216 218 237 240 241 249 263 290 332
213:0 70 89 91 92 104 148 156 182 188 201 213 216 218 219 237 241 249 263 290 317
214:0 15 63 70 89 91 92 104 156 168 182 213 216 218 237 240 241 249 263 264 280 290 317 339
215:0 15 57 58 59 70 91 92 104 156 168 182 213 216 218 231 237 240 241 247 249 258 259 263 264 269 280 289 290 332 347
216:0 15 46 70 89 91 92 104 156 168 182 213 216 218 237 240 241 249 259 263 264 269 280 290 332 339
217:0 15 46 63 70 89 91 92 104 156 168 182 213 216 218 237 240 241 249 259 263 264 269 280 290 317 332 339
218:0 53 92 104 113 115 126 156 182 213 216 218 237 241 249 263 290 315
219:0 53 63 70 89 92 104 113 115 126 156 182 201 213 216 218 237 241 249 263 290 315 317
220:0 46 58 59 70 89 91 92 104 113 115 156 182 201 213 216 218 237 240 249 258 263 290 317
221:0 46 58 59 63 70 89 91 92 104 113 115 156 182 201 213 216 218 237 240 249 258 263 290 317
222:0 57 58 59 70 89 91 92 94 104 113 115 156 182 201 213 216 218 219 237 240 241 247 249 258 263 290 317 347 352
223:0 53 57 58 59 63 92 94 104 126 127 156 168 182 213 216 218 237 240 241 263 290 291 352
224:0 53 57 58 59 63 92 94 104 126 127 156 168 182 188 213 216 218 237 240 241 263 290 291 331 352
225:0 19 58 59 92 104 156 168 182 213 216 218 237 240 258 263 264 290 332 352
226:0 57 58 59 89 92 104 127 156 182 213 216 218 237 240 258 263 290 291 332 352
227:0 15 19 46 92 104 156 168 182 201 211 213 216 218 237 241 249 259 263 269 290 332
228:0 46 53 76 92 104 126 156 168 182 188 213 216 218 231 237 241 247 249 259 263 269 289 290 315
229:0 46 53 63 70 76 92 104 126 156 168 182 188 213 216 218 231 237 241 247 249 259 263 269 289 290 315
230:0 57 58 59 63 92 104 127 156 182 213 216 218 237 240 258 263 290 291 352
231:0 46 70 89 92 104 156 182 201 213 216 218 231 237 241 249 263 290 317
232:0 46 63 70 89 92 104 156 182 201 213 216 218 231 237 241 249 263 290 317
233:0 58 59 63 76 85 87 92 94 104 148 156 168 182 216 218 231 237 240 241 247 263 290 332 351
234:0 46 76 85 87 89 92 94 104 113 115 148 156 168 182 213 216 218 231 237 240 241 247 263 285 290 347 351
236:0 70 89 92 104 156 168 182 213 216 218 237 240 241 249 263 280 290 339
237:0 70 89 91 92 104 156 168 182 201 213 216 218 237 240 241 249 263 280 290 339
238:0 58 59 92 94 104 113 115 148 156 168 182 213 216 218 237 240 247 258 263 285 290 347 352
239:0 85 87 92 94 104 113 148 156 168 182 213 216 218 237 240 249 263 264 280 290 351
240:0 53 92 94 104 126 156 168 182 213 216 218 231 237 241 249 263 264 280 290
241:0 57 58 59 63 70 76 85 87 89 92 104 156 182 201 213 216 218 231 237 240 241 247 249 263 264 280 290 317 351 352
242:0 53 58 59 63 70 76 85 87 89 92 94 104 113 126 148 156 182 201 213 216 218 219 231 237 240 241 247 249 258 263 264 280 285 289 290 317 347 351 352
243:0 15 46 63 70 85 87 91 92 104 115 148 156 182 201 216 218 231 237 240 241 249 263 290 347 351
244:0 15 46 53 63 70 76 91 92 104 115 126 148 156 182 201 216 218 231 237 240 241 249 263 290 347
245:0 15 46 57 58 59 63 91 92 104 115 127 156 182 201 216 218 231 237 240 241 249 258 263 290 291 347 352
246:0 63 89 91 92 104 156 182 201 213 216 218 237 240 241 249 259 263 269 280 290
247:0 63 89 91 92 104 156 182 201 213 216 218 237 240 241 249 259 263 269 280 290
248:0 15 46 53 57 58 59 63 70 85 87 89 91 92 104 126 156 182 201 213 216 218 231 237 240 241 249 259 263 264 269 280 290 317 332 337 351 352
249:0 19 46 57 58 59 63 70 85 87 89 92 94 104 113 115 127 156 182 201 202 211 216 218 219 231 237 240 241 247 249 258 263 285 290 291 332 347 351 352
250:0 19 46 53 63 70 76 85 87 89 92 94 104 113 115 126 148 156 182 201 202 211 216 218 219 237 240 241 247 249 263 290 315 332 347 351
251:0 15 63 76 92 94 104 113 115 148 156 182 201 202 216 218 219 237 240 241 247 263 285 290 332 347 351 352
252:0 15 70 76 91 92 104 148 156 182 202 213 216 218 219 231 237 241 249 263 264 280 290 317 331 332
253:0 15 70 76 91 92 104 148 156 182 202 213 216 218 219 231 237 241 249 263 264 280 290 317 331 332
254:0 15 46 63 70 76 89 91 92 104 148 156 182 202 213 216 218 219 231 237 241 249 263 264 280 290 317 331 332 337
255:0 15 53 70 91 92 104 126 156 182 213 216 218 237 241 249 263 290 315 317 332
256:0 15 53 70 91 92 104 126 156 182 213 216 218 237 241 249 263 264 280 290 315 317 332 339
257:0 15 46 53 63 70 89 91 92 104 126 156 182 213 216 218 237 241 249 263 264 280 290 315 317 332 339
258:0 57 58 59 70 91 92 104 127 156 182 213 216 218 231 237 240 249 258 263 290 291 317 352
259:0 57 58 59 70 89 91 92 104 127 156 182 213 216 218 231 237 240 249 258 263 290 291 317 352
260:0 46 57 58 59 63 70 89 91 92 104 127 156 182 213 216 218 231 237 240 249 258 263 264 280 290 291 317 352
261:0 46 91 92 104 156 168 182 213 216 218 231 237 240 241 247 249 259 263 269 289 290
262:0 46 63 70 91 92 104 156 168 182 213 216 218 231 237 240 241 247 249 259 263 269 289 290
263:0 15 57 58 59 85 87 91 92 104 156 168 182 213 216 218 231 237 240 241 247 249 263 290 351 352
264:0 15 46 57 58 59 63 70 85 87 91 92 104 156 168 182 213 216 218 231 237 240 241 247 249 263 290 351 352
267:0 63 76 92 94 104 148 156 168 182 202 213 216 218 219 237 241 247 263 290 332
269:0 63 76 92 94 104 113 148 156 168 182 188 202 213 216 218 237 241 247 263 290 332
270:0 57 58 59 76 92 104 148 156 168 182 202 213 216 218 237 240 241 258 263 290 331 352
271:0 57 58 59 70 76 92 104 127 148 156 168 182 202 213 216 218 237 240 241 249 258 263 280 290 291 331 352
272:0 57 58 59 63 70 76 92 104 127 148 156 168 182 202 213 216 218 237 240 241 249 258 263 264 280 290 291 331 352
273:0 76 91 92 104 148 156 182 202 213 216 218 237 241 247 249 263 290 331
274:0 15 63 70 76 91 92 104 148 156 168 182 202 213 216 218 237 241 247 249 259 263 280 290 317 331
275:0 15 63 70 76 91 92 104 148 156 168 182 202 213 216 218 237 241 247 249 259 263 280 290 317 331 332
276:0 19 92 104 156 168 182 211 213 216 218 237 240 241 263 290 332
277:0 19 63 92 104 156 168 182 211 213 216 218 237 240 241 263 290 332
278:0 19 58 59 92 104 156 168 182 211 213 216 218 237 240 258 263 290 332 351 352
279:0 19 57 58 59 63 92 104 156 168 182 211 213 216 218 237 240 258 263 290 332 351 352
280:0 85 92 94 104 113 115 148 156 168 182 213 216 218 219 237 240 241 247 259 263 269 285 289 290 347 351
281:0 85 92 94 104 113 115 148 156 168 182 213 216 218 219 237 240 241 247 259 263 269 285 289 290 347 351
282:0 63 85 92 94 104 113 115 148 156 168 182 213 216 218 219 237 240 241 247 259 263 269 285 289 290 347 351
283:0 58 59 76 92 104 148 156 168 182 202 213 216 218 237 240 241 247 263 290 352
284:0 58 59 63 76 92 104 148 156 168 182 202 213 216 218 237 240 241 247 263 290 332 352
285:0 76 92 104 148 156 182 188 202 213 216 218 219 237 241 263 289 290 331
286:0 15 63 70 76 92 104 148 156 182 188 202 213 216 218 219 231 237 241 249 263 264 280 289 290 331 339
287:0 15 53 58 59 70 76 85 87 92 104 126 156 182 213 216 218 237 240 241 247 249 263 264 280 290 332 339 351 352
288:0 15 46 53 58 59 70 76 85 87 89 92 104 126 156 182 213 216 218 237 240 241 247 249 263 264 269 280 290 332 339 351 352
289:0 15 46 53 58 59 63 70 76 85 87 89 92 104 126 156 182 213 216 218 237 240 241 247 249 263 264 269 280 290 332 339 351 352
290:0 15 76 91 92 104 148 156 182 201 202 216 218 237 241 247 263 290 332
291:0 15 63 76 91 92 104 148 156 168 182 201 202 213 216 218 237 241 247 263 290 332
292:0 15 63 76 91 92 104 148 156 168 182 201 202 216 218 237 241 247 263 290 332
293:0 46 53 58 59 76 92 104 126 156 182 213 216 218 237 240 241 247 263 290 351 352
294:0 46 53 58 59 70 76 89 92 104 126 156 182 213 216 218 237 240 241 247 249 259 263 269 280 290 315 351 352
295:0 46 53 58 59 63 70 76 89 92 104 126 156 182 213 216 218 237 240 241 247 249 259 263 269 280 290 315 351 352
296:0 57 70 89 91 92 104 156 182 213 216 218 237 240 241 249 263 264 280 290 317 339
297:0 57 63 70 89 91 92 104 156 182 213 216 218 237 240 241 249 263 264 280 290 317 339
298:0 57 58 59 92 104 127 156 182 213 216 218 231 237 240 258 263 290 352
299:0 70 85 87 89 92 104 156 182 201 213 216 218 237 241 249 259 263 269 290 317 351
300:0 58 59 76 85 87 91 92 104 148 156 182 213 216 218 219 231 237 240 241 247 263 290 347 351 352
301:0 58 59 63 70 76 85 87 91 92 104 148 156 182 213 216 218 219 231 237 240 241 247 249 263 290 347 351 352
302:0 15 91 92 94 104 148 156 168 182 213 216 218 237 240 241 247 249 259 263 264 269 280 289 290 317 332 347 351 352
303:0 53 58 63 70 76 92 104 126 156 182 188 201 213 216 218 237 240 241 249 259 263 264 269 280 290 317
304:0 15 46 70 89 91 92 104 156 182 201 213 216 218 231 237 240 241 249 263 290 317 332 351 352
305:0 15 46 70 89 91 92 104 156 182 201 213 216 218 231 237 240 241 249 263 290 317 332 351 352
306:0 15 46 53 57 58 59 63 70 76 85 87 89 91 92 104 126 156 182 201 213 216 218 231 237 240 241 249 263 264 269 280 290 317 332 337 351 352
307:0 70 92 94 104 113 115 148 156 182 213 216 218 237 240 241 247 249 263 264 280 290 317 339 347
308:0 63 70 92 94 104 113 115 148 156 182 213 216 218 237 240 241 247 249 263 264 280 290 317 339 347
309:0 46 70 85 87 92 104 148 156 168 182 213 216 218 231 237 240 263 290 351
310:0 46 63 70 85 87 92 104 148 156 168 182 213 216 218 231 237 240 263 290 351
311:0 85 87 92 104 113 148 156 182 213 216 218 231 237 240 263 290 351
312:0 85 87 92 104 113 148 156 182 213 216 218 231 237 240 263 290 351
313:0 76 85 87 92 104 113 148 156 168 182 202 213 216 218 237 240 241 247 263 264 280 290 332 351 352
314:0 76 85 87 92 104 113 148 156 168 182 202 213 216 218 237 240 241 247 263 264 280 290 332 351 352
315:0 15 76 92 104 148 156 182 188 202 213 216 218 237 241 247 263 290 331
316:0 58 70 76 92 104 156 182 188 202 213 216 218 237 240 241 247 249 263 289 290 331 351 352
317:0 58 63 70 76 92 104 156 182 188 202 213 216 218 237 240 241 247 249 263 289 290 331 351 352
318:0 57 58 59 92 104 127 156 168 182 213 216 218 237 240 258 259 263 269 290 291 352
319:0 46 57 58 59 63 70 89 92 104 127 156 168 182 213 216 218 237 240 249 258 259 263 269 290 291 317 352
320:0 46 57 58 59 70 89 92 104 127 156 182 213 216 218 237 240 249 258 263 290 291 317 352
321:0 46 57 58 59 63 70 89 92 104 127 156 182 213 216 218 237 240 249 258 263 290 291 317 352
322:0 53 70 89 91 92 104 126 156 182 201 213 216 218 237 241 249 263 290 315 317
323:0 46 53 63 70 89 91 92 104 126 156 182 201 213 216 218 237 241 249 263 290 315 317
324:0 53 70 92 104 126 156 182 188 213 216 218 231 237 241 249 263 290 315
325:0 92 94 104 113 115 148 156 168 182 213 216 218 231 237 240 241 247 259 263 269 285 289 290 347 351
326:0 63 92 94 104 113 115 148 156 168 182 213 216 218 231 237 240 241 247 259 263 264 269 285 289 290 347 351
327:0 70 91 92 94 104 148 156 168 182 213 216 218 219 237 240 241 247 249 263 264 280 285 289 290 317 347 351 352
328:0 63 70 76 89 91 92 104 156 182 201 202 213 216 218 237 241 249 263 290 317
329:0 19 63 70 76 89 91 92 104 156 182 201 202 211 213 216 218 237 241 249 263 290 317
330:0 19 53 63 70 76 89 91 92 104 126 156 182 201 202 211 213 216 218 231 237 241 249 263 290 317 337
331:0 15 76 92 104 148 156 182 201 202 213 216 218 237 241 263 264 290 331
332:0 15 63 70 76 92 104 148 156 182 201 202 213 216 218 237 241 263 264 290 331
333:0 19 58 76 92 104 156 168 182 211 213 216 218 219 237 240 241 263 290 332
334:0 19 46 53 58 63 76 89 92 104 126 156 168 182 211 213 216 218 219 231 237 240 241 249 263 290 332 337
335:0 46 53 58 59 70 76 85 87 91 92 104 126 156 168 182 202 213 216 218 231 237 240 241 247 249 263 264 269 280 290 332 351 352
336:0 53 70 89 91 92 104 156 168 182 188 202 213 216 218 231 237 240 241 249 263 269 289 290
337:0 58 63 89 92 94 104 113 115 148 156 182 201 216 218 219 237 240 247 263 285 290 317 347
338:0 53 63 76 89 92 94 104 113 115 126 148 156 182 201 216 218 219 237 241 247 263 285 290 315 317 347
339:0 57 58 59 89 92 104 127 156 182 201 213 216 218 237 240 258 263 290 291 317 352
340:0 57 58 59 63 70 89 92 104 127 156 182 201 213 216 218 237 240 249 258 263 290 291 317 352
341:0 15 57 58 59 70 91 92 104 127 156 182 188 213 216 218 237 240 249 258 263 269 280 290 317 332 352
342:0 15 57 58 59 63 70 91 92 104 127 156 182 188 213 216 218 237 240 249 258 263 269 280 290 291 317 332 352
343:0 58 76 89 91 92 94 104 113 115 148 156 182 201 216 218 237 240 241 247 263 285 290 317
344:0 58 63 70 76 89 91 92 94 104 113 115 148 156 182 201 216 218 237 240 241 247 249 263 285 290 317
345:0 76 92 104 156 182 188 201 202 213 216 218 237 241 263 290 331
346:0 63 70 76 89 92 104 156 182 188 201 202 213 216 218 237 241 249 263 290 317 331
347:0 15 91 92 104 156 182 201 213 216 218 237 241 249 263 280 290 317 332 352
348:0 15 63 70 89 91 92 104 156 182 201 213 216 218 231 237 241 249 263 280 290 317 332 352
349:0 57 58 59 92 104 127 156 182 213 216 218 237 240 258 263 290 291 352
350:0 57 58 59 63 92 104 127 156 182 213 216 218 219 231 237 240 258 263 290 291 352
351:0 53 58 59 76 85 87 92 104 126 148 156 168 182 201 213 216 218 237 240 241 247 258 263 290 351 352
352:0 15 53 58 59 70 76 85 87 91 92 104 126 148 156 168 182 213 216 218 231 237 240 241 247 249 263 264 280 285 289 290 317 332 351 352
353:0 85 87 92 94 104 148 156 168 182 213 216 218 237 240 241 247 259 263 269 285 289 290 347 351
354:0 63 85 87 92 94 104 148 156 168 182 213 216 218 237 240 241 247 259 263 269 285 289 290 347 351
355:0 58 59 92 94 104 148 156 168 182 213 216 218 237 240 241 247 259 263 269 285 289 290 347
356:0 58 59 63 70 89 92 94 104 148 156 168 182 213 216 218 237 240 241 247 249 259 263 264 269 285 289 290 317 347
357:0 15 19 46 63 70 76 89 92 104 148 156 182 202 211 213 216 218 219 237 241 249 263 290 331 332
358:0 92 94 104 113 115 148 156 182 213 216 218 219 237 240 241 247 259 263 269 285 289 290 347 351
359:0 15 53 58 59 63 70 85 87 92 104 126 148 156 168 182 201 213 216 218 231 237 240 241 247 249 258 259 263 269 289 290 332 347 351 352
361:0 58 59 92 104 113 148 156 182 213 216 218 219 237 240 247 258 263 290 352
362:0 58 59 63 89 92 104 113 148 156 182 213 216 218 219 237 240 247 258 259 263 269 290 352
363:0 57 58 59 70 89 92 104 127 156 182 213 216 218 231 237 240 249 258 263 290 291 317 352
364:0 46 57 58 59 70 89 92 104 127 156 182 213 216 218 231 237 240 249 258 263 290 291 317 352
365:0 46 57 58 59 63 70 89 92 104 127 156 182 213 216 218 231 237 240 249 258 263 290 291 317 352
366:0 57 58 59 92 104 127 156 182 213 216 218 237 240 258 263 290 291 352
367:0 57 58 59 63 92 104 127 156 182 213 216 218 237 240 258 263 289 290 291 317 352
368:0 57 58 59 63 92 94 104 127 156 182 213 216 218 219 237 240 247 258 263 290 291 352
369:0 57 58 59 63 89 92 104 127 156 182 201 213 216 218 219 237 240 249 258 263 290 291 317 347 352
370:0 57 58 59 92 104 127 156 182 213 216 218 219 237 240 258 263 290 291 352
371:0 15 46 53 70 92 104 126 156 182 213 216 218 237 240 241 249 263 280 290 317 332 337
372:0 15 46 53 70 92 104 126 156 182 213 216 218 237 240 241 249 263 280 290 317 332 337
373:0 15 19 46 53 63 70 89 92 104 126 156 182 211 213 216 218 231 237 240 241 249 263 280 290 317 332 337
375:0 15 63 70 89 92 94 104 113 115 148 156 182 188 201 216 218 237 240 241 247 249 263 280 290 317 332
376:0 15 63 70 89 92 94 104 113 115 148 156 182 188 201 216 218 237 240 241 247 249 263 280 290 317 332
377:0 63 70 85 87 89 91 92 104 156 182 201 216 218 219 237 241 249 263 264 280 290 317 351
378:0 58 59 63 70 85 87 89 92 104 156 182 216 218 219 237 240 249 258 263 264 280 290 351
379:0 63 70 85 87 89 92 104 156 182 201 216 218 219 237 240 241 249 263 264 280 290 317 332 351
380:0 15 19 46 57 58 63 76 85 87 89 92 94 104 113 115 127 148 156 182 201 211 213 216 218 219 237 240 241 247 263 290 291 332 337 347 351 352
381:0 15 19 46 57 58 63 76 85 87 89 92 94 104 113 115 127 148 156 182 201 211 213 216 218 219 237 240 241 247 263 290 291 332 337 347 351 352
382:0 46 57 58 59 63 70 85 87 89 92 104 127 156 182 216 218 219 237 240 249 258 263 280 290 291 317 347 351 352
383:0 15 46 53 63 70 76 85 87 89 91 92 104 126 156 182 201 216 218 219 231 237 241 249 263 280 290 315 317 332 337 339 351
384:0 19 46 53 57 58 59 63 70 76 85 87 89 92 104 126 127 156 182 201 216 218 231 237 240 241 249 263 280 290 291 315 332 337 339 351 352
385:0 63 85 87 92 94 104 113 115 148 156 182 201 216 218 219 237 240 241 247 263 285 290 332 347 351 352
386:0 15 58 63 70 76 85 87 92 94 104 113 115 148 156 182 216 218 219 237 240 241 247 249 259 263 264 269 280 285 289 290 317 332 347 351 352
