1:0 174 345|174 437|275 174|438 133|267 438|438 202|204 80|124 203|438 203|345 320|275 438|130 203|437 320|174 202|345 438|133 203|202 203|130 320|267 133|267 320|267 202|267 203|320 202|345 267|320 203|204 320|275 130|345 202|267 437|345 203|437 133|204 345|80 203|437 202|275 320|275 133|275 267|124 202|437 203|275 202|204 437|174 124|275 345|275 203|80 267|80 320|275 437|130 202|345 80|174 130|345 437|437 438|133 202|174 133|80 437|275 80|174 438|80 202|174 80|438 320|174 203|204 133|204 202|204 203|174 320
4:0 44 200|264 349|44 407|44 232|187 200|68 44|44 406|264 44|242 44|187 232|68 200|68 407|246 232|187 406|200 407|187 264|394 44|187 242|68 232|232 200|242 246|68 406|68 264|200 406|187 394|264 200|44 251|68 242|242 200|349 44|349 407|68 187|68 394|394 200|349 406|232 407|68 251|200 251|68 349|349 200|242 407|394 349|232 406|264 232|246 407|242 232|242 406|242 264|394 232|246 406|246 264|394 407|251 406|264 407|264 251|394 242|232 251|394 246|349 232|246 44|406 407|394 406|264 406|394 251|242 251|242 349|246 349|394 264|68 246|246 200
7:0 54 287|453 287|175 114|362 114|281 114|392 300|193 287|330 287|362 252|54 175|362 453|54 362|323 362|54 281|175 300|243 300|392 175|362 193|300 453|392 243|193 281|300 114|362 330|330 300|392 114|392 252|175 252|175 453|54 300|243 453|392 54|281 287|175 330|243 330|193 300|453 114|453 252|330 114|392 330|362 281|54 252|54 453|175 243|193 114|392 453|54 330|362 287|193 453|193 330|54 193|281 300|54 243|392 281|175 287|362 300|243 287|300 287|243 193|392 287|114 287|281 453|175 362|175 281|243 362|54 114|392 362|330 281
16:0 193 211|413 185|228 185|314 185|413 432|228 432|228 253|193 432|413 228|193 253|228 314|413 193|193 314|432 314|413 314|211 432|211 253|193 185|413 211|211 228|211 314|211 185|432 253|413 253|314 253|432 185|185 253
19:0 68 103 154 172 515 279 382 179 44 387 253
21:0 18 185|18 143|297 98|13 98|310 143|310 211|161 185|185 253|18 98|211 184|211 185|98 185|143 184|18 310|143 98|18 184|297 185|297 253|310 297|310 98|143 161|143 253|211 253|143 211|98 184|13 253|211 13|18 253|18 211|310 185|310 253|143 297|211 297|161 253|161 98|297 13|211 161|98 253|143 185|18 297|211 98|143 13
23:0 289 342 21 228 415 180 231 251 184 389 50 305
27:0 68 306 341 175 498 431 229 400 232 203
29:0 68 204 36 342 498 228 231 130 251 48 116 50 203
32:0 68 36 342 498 93 231 251 48 133 389 457 50 203
37:0 290 257 326 394 175 95 180 384 336 506 541 185 50
41:0 174 211|211 432|211 185|428 174|98 16|432 95|18 98|228 432|432 98|185 16|174 16|18 185|428 185|417 185|211 202|95 202|228 16|98 202|18 228|413 16|18 413|428 202|417 202|211 95|428 211|211 417|95 16|211 98|18 95|18 16|174 413|428 95|228 185|428 228|228 417|428 98|432 16|18 432|413 432|413 185|432 417|202 16|18 202|228 202|428 432|413 202|211 228|95 98|174 432|95 185|413 211|211 16|98 185|174 98|18 211|174 202|432 185|228 98|185 202|413 228|413 98|428 16|18 428|18 417|428 413|413 417|432 202|428 417
43:0 290 75|298 235|267 235|495 235|275 298|275 175|267 321|495 275|290 267|235 321|290 235|275 321|290 275|204 235|275 75|175 267|204 321|204 290|290 298|175 235|275 267|175 75|175 321|75 298|290 175|75 267|275 235|290 321|298 267|75 235|204 75|75 321
46:0 103 60|175 440|68 103|175 363|175 450|450 440|97 203|60 440|103 203|363 60|68 440|68 60|450 60|440 203|73 440|175 230|68 232|68 363|363 203|68 450|232 203|73 363|103 97|73 232|450 203|73 450|60 230|228 440|97 440|68 230|230 440|175 228|363 440|232 440|230 203|103 440|228 232|68 175|232 97|363 228|363 97|73 230|363 230|228 450|450 97|363 232|450 230|103 232|103 363|363 450|450 232|103 450|60 97|68 97|68 228|228 203|228 230|230 97|73 228|175 97|175 203|103 175|68 73|228 97|60 203|103 228|68 203|73 203
48:0 476 103|450 285|226 202|97 202|290 202|290 450|103 202|226 450|234 202|476 450|450 97|226 285|450 234|202 390|103 450|97 285|290 285|234 285|103 285|290 226|226 97|476 202|285 390|103 97|290 97|103 226|290 234|450 390|290 390|97 234|103 290|226 390|97 390|476 285|450 202|476 290|103 390|285 202|476 97|476 234
50:0 103 426 310 515 228 262 246 179 29 251 185 253 203
52:0 204 289 274 39 175 95 180 231 316 386 387 133 492
54:0 238 290 426 193 227 109 60 281 485 95 214 248 287
56:0 68 193 227 279 179 264 214 265 96 251 370
58:0 34 257 37 343 394 38 242 24 231 234 336 370 83
60:0 54 287|54 150|54 203|283 352|352 150|170 283|352 287|301 203|170 227|287 203|227 352|170 150|227 114|301 352|283 301|283 287|301 150|150 287|54 283|170 352|54 227|150 203|227 301|227 287|114 352|283 203|54 352|227 203|170 301|170 287|170 114|170 203|114 287|170 54|227 150|352 203|114 150|54 114|114 203
63:0 8 285|9 285|7 112|8 112|9 112|379 282|282 385|385 470|227 112|379 285|385 285|112 282|227 7|282 285|227 282|227 8|227 9|7 282|8 282|470 285|9 282|112 385|227 385|379 7|7 9|7 385|379 8|8 9|8 385|379 9|9 385|112 470|112 285|379 385|7 8|227 285|7 285
66:0 379 96|265 370|7 370|8 370|9 370|68 484|265 282|7 282|8 282|68 418|7 9|9 282|8 9|68 265|282 370|7 96|227 7|8 96|227 8|9 96|227 9|27 370|7 8|227 321|96 321|379 7|379 8|379 9|27 282|27 96|379 282|418 96|227 265|265 96|484 370|418 370|7 27|8 27|9 27|379 418|68 370|7 321|8 321|9 321|68 282|484 265|7 484|68 96|68 227|8 484|265 418|484 9|7 418|8 418|7 265|9 418|8 265|9 265|68 379|484 282|68 7|68 8|68 9|227 370|96 370|484 418|282 418|227 282|282 96|27 418|227 96|68 27
69:0 275 235|202 321|388 202|331 438|311 345|311 331|141 363|275 363|311 235|438 202|345 363|275 388|141 388|275 321|345 388|227 235|345 321|275 438|331 321|345 438|499 202|227 363|275 499|345 331|227 321|227 388|363 388|345 202|331 202|363 235|275 202|235 321|235 388|275 345|363 438|141 331|275 331|311 202|311 363|438 235|311 388|275 311|227 202|141 202|499 235|363 321|388 321|227 331|235 202|275 227|438 321|438 388|363 331|345 235|141 235|331 235|331 388|363 202
72:0 392 243|114 321|330 282|392 62|282 367|330 321|62 114|145 282|109 282|282 114|392 145|392 109|109 367|109 145|229 282|243 145|243 109|229 62|282 321|330 114|145 114|62 321|109 229|243 282|145 321|109 321|282 62
74:0 335 475|335 203|5 203|359 203|5 264|174 175|174 335|175 335|203 475|359 174|359 175|431 475|264 203|174 475|175 475|5 175|174 203|174 431|5 335|175 203|264 335|359 335|174 264|359 5|359 264|174 5|175 264
77:0 204 172 37 445 38 24 95 234 32 67
79:0 173 300|382 335|187 382|173 472|214 300|248 472|214 472|187 23|23 335|187 173|187 214|173 335|248 335|214 335|173 248|173 23|214 248|300 472|23 382|173 382|187 335|300 335|382 214|23 214|173 214|23 300
83:0 119 189 376 343 174 175 193 211 279 297 348 400 98 355 16
84:0 119 48|413 185|413 372|114 185|413 114|363 185|363 114|119 185|119 413|48 185|413 48|119 363|363 48|363 372|185 372|114 372|175 413|119 114|114 48|119 175|413 363|175 363|119 372|48 372
86:0 255 256 324 122 21 227 195 214 231 333 352 252 32 50 254
88:0 325 174|325 212|325 286|122 174|174 491|256 174|114 184|491 254|325 184|255 491|122 114|256 491|174 286|174 212|256 254|255 174|212 286|255 256|325 114|122 184|255 254|174 254|256 114|325 122|184 286|212 184|114 286|212 114|255 114|425 174|425 286|425 212|174 114|425 325|174 184|114 254|122 212
90:0 103 350|36 419|392 61|112 419|229 352|341 352|103 392|229 419|341 419|112 350|341 61|350 352|103 41|229 350|392 112|341 350|103 341|61 112|350 419|229 61|419 352|61 352|103 112|103 229|103 352|61 419|103 419|341 229|36 352|61 350|229 112|392 350|103 61|112 352|392 352
92:0 123 7|123 8|149 288|310 7|123 9|310 8|123 499|310 9|310 149|7 50|8 50|9 50|7 8|310 288|7 195|8 195|7 114|195 9|8 114|9 114|114 149|149 50|195 149|123 149|499 149|114 288|499 288|184 288|50 288|123 114|310 114|123 288|310 50|310 184|7 149|8 149|195 288|9 149|123 310|114 184|184 50|310 195|310 499|7 9|8 9|114 50|7 288|499 114|8 288|9 288
95:0 205 484|431 111|431 484|205 335|175 484|111 350|350 335|175 335|205 175|484 111|431 350|484 335|175 111|205 431|111 335|205 111|205 350|175 350|484 350
96:0 290 260|8 112|260 9|274 285|9 112|7 285|8 285|9 285|272 427|274 427|272 385|427 7|427 8|427 9|272 290|7 385|290 274|8 385|290 7|9 385|290 8|7 8|272 112|290 9|427 285|385 285|290 427|290 285|290 385|272 260|112 285|272 7|272 8|272 9|427 112|112 385|290 112|427 385|260 285|7 9|8 9|272 274|274 7|260 7|272 285|274 8|260 8|274 9|7 112
98:0 114 321|117 321|114 203|246 114|246 117|282 114|282 117|321 203|133 321|282 321|246 321|246 203|133 203|97 203|246 133|246 97|282 203|498 282|282 133|498 246|282 97|246 282
102:0 275 235|335 202|275 285|275 236|246 267|381 235|381 236|174 437|275 174|275 335|246 384|246 437|381 437|275 246|384 437|381 246|174 202|267 202|246 235|246 236|285 235|174 235|285 236|384 267|267 437|384 335|384 202|335 437|202 236|437 202|275 267|174 246|335 235|381 267|174 285|275 202|381 202|275 384|275 437|246 285|174 335|275 381|246 335|384 285|437 285|381 285|235 202|267 235|267 236|246 202|267 285|285 202|384 235|437 235|235 236|267 335|437 236
104:0 103 498|442 103|187 203|442 498|187 498|195 203|187 442|195 246|197 203|187 103|442 195|130 203|246 203|246 130|24 197|498 203|24 203|498 130|442 203|442 130|103 197|103 203|103 246|498 246|498 24|103 24|442 246
108:0 187 133|359 174|222 428|173 133|359 428|222 173|222 174|187 214|34 174|34 428|173 174|173 428|214 265|428 174|34 330|359 330|214 133|359 265|173 330|174 330|187 428|34 187|34 173|34 265|187 173|359 214|187 174|428 330|428 265|174 133|173 265|428 133|222 214|222 359|34 214|34 133|428 214|34 359|173 214|174 214|359 173|34 222|330 214
109:0 174 288|174 220|103 288|103 220|180 288|180 220|256 174|220 288|103 256|149 288|256 254|255 174|149 220|256 180|255 256|174 60|255 103|60 180|256 220|60 149|174 180|255 180|255 254|174 254|103 174|103 180|103 254|255 220|103 149|180 254|220 254|174 149|180 149|103 60|60 288|60 220
111:0 68 306 222 174 242 431 179 231 130 422 423 407 424
113:0 363 270|312 118|363 203|68 215|215 203|217 118|118 203|270 118|312 356|363 215|363 217|118 356|312 270|312 203|68 217|363 356|68 270|217 203|68 203|270 203|426 270|426 203|312 215|215 217|215 270|68 356|270 356|203 356|217 270|426 215|312 363|215 356|217 356|363 118|215 118|68 118|426 363|68 363
114:0 73 283|73 437|267 202|384 202|73 202|93 267|93 384|476 202|267 133|384 133|283 267|476 93|267 437|476 133|73 133|175 267|384 437|476 175|283 202|437 202|93 437|73 267|73 384|437 133|93 202|476 73|283 437|133 202|175 437|73 93|384 267|175 202
115:0 38 264|23 509|38 116|359 509|376 50|116 253|253 50|359 116|359 50|264 116|306 253|264 50|359 253|38 283|116 50|68 38|23 193|264 253|376 264|193 253|359 193|193 264|68 376|306 264|359 264|283 116|68 50|68 253|68 306|283 253|68 359|23 50|38 193|68 264|253 509|68 116|193 283|264 283|306 283|359 283|68 283|38 50|376 23|23 253|306 23|38 23|359 23|23 264|23 116|68 193|376 38|283 509|38 253|306 38|306 359|23 283|359 38|68 23
116:0 225 175|330 150|200 50|352 13|352 82|324 13|352 150|324 82|499 330|324 150|62 150|190 200|175 62|225 352|62 200|324 225|225 200|175 330|82 150|499 352|175 352|62 50|175 82|324 175|175 150|13 200|190 175|200 82|200 150|324 330|225 82|225 150|352 50|324 50|190 352|324 352|324 190|330 200|13 82|62 352|330 352|324 62|190 62|352 200|324 200|175 200
118:0 56 114|189 114|34 300|214 114|341 214|401 114|60 114|324 214|189 56|189 214|189 401|56 214|56 401|324 401|189 60|189 130|60 214|60 401|56 130|214 130|401 130|341 300|56 60|189 300|56 300|341 401|34 56|130 300|214 401|341 114|324 114|341 189|341 56|324 341|214 300|341 60|324 189|324 56|34 189|324 60|401 300|34 214|34 401|34 130
122:0 358 417|109 252|417 248|109 196|478 248|417 252|298 95|358 196|109 417|95 248|196 252|298 252|196 417|95 252|358 252|196 95|417 471|417 95|196 298
123:0 211 405|226 211|226 432|211 318|179 405|68 405|68 226|68 318|211 203|179 318|432 203|226 405|432 318|226 318|211 179|68 211|211 432|68 432|432 179|68 179|405 203|226 203|432 405|68 203|179 203|318 405|318 203
127:0 450 370|450 185|382 450|175 31|364 98|98 185|450 98|175 364|382 98|175 185|175 370|175 450|175 382|364 31|370 31|31 185|364 370|364 450|450 31|364 382|364 185
131:0 174 90|32 406|174 250|193 248|193 287|246 214|214 419|349 419|246 250|174 32|248 250|174 406|349 214|419 287|214 321|90 246|193 214|246 406|90 419|250 406|287 321|193 250|321 406|246 32|214 248|214 287|419 32|193 406|174 193|174 246|174 419|90 287|246 419|248 419|174 321|419 250|214 250|246 349|246 321|90 214|419 321|349 250|250 321|174 248|214 406|193 246|349 406|174 287|193 419|90 250|214 32|287 406|246 287|248 287|90 406|250 287|250 32|174 214|419 406
133:0 204 273 343 174 175 363 313 500 281 485 197 321 203
138:0 114 390|61 117|330 282|48 390|250 390|61 114|62 114|21 62|21 330|21 48|282 352|191 390|114 250|250 48|250 117|61 390|62 390|330 390|21 352|191 250|378 114|21 282|191 48|378 48|378 250|61 250|62 250|21 117|21 61|21 114|330 114|191 61|282 390|330 48|62 48|378 61|191 62|330 250|378 62|378 330|330 117|352 390|114 352|352 48|250 352|352 117|282 114|330 61|282 48|61 62|282 250|282 117|21 250|191 352|378 282|48 117|61 352|191 282|62 352|330 352|378 352|61 48|114 48|61 282|282 62|378 390
140:0 282 202|103 61|103 62|103 202|175 61|175 62|175 202|109 202|103 196|229 282|103 193|175 196|109 196|103 109|193 109|103 229|103 282|193 202|61 202|196 202|62 202|175 229|175 282|109 229|109 282|193 196|61 62|196 61|196 62|193 61|193 229|103 175|109 61|229 61|229 196|229 62|61 282|196 282|282 62|175 109|229 202
142:0 193 211|225 228|174 355|18 366|211 355|18 372|18 193|225 211|366 355|355 372|18 211|174 366|211 366|211 372|174 193|174 211|18 228|225 355|366 372|228 355|193 355|225 366|211 228|228 366|228 372|193 366|18 355
143:0 68 38|38 228|38 363|174 90|68 90|18 174|363 228|18 38|38 90|18 228|495 363|90 363|68 174|18 363|204 363|174 228|68 204|38 174|174 363|68 228|204 38|68 363
147:0 114 352|54 231|54 453|225 352|453 352|231 352|352 48|225 406|114 406|54 352|231 406|48 406|453 406|245 231|54 48|245 352|225 114|225 231|54 406|231 114|453 114|352 406|245 406|231 453|114 48|231 48|453 48|54 114|54 225
152:0 246 267|246 320|175 437|275 175|378 437|68 505|246 437|275 246|267 287|22 73|73 505|68 287|378 175|22 246|437 320|378 246|73 287|68 175|267 320|378 320|68 267|68 320|267 437|73 267|73 320|275 320|275 267|68 437|175 246|68 275|73 437|275 437|275 73|378 267|68 378|22 175|22 267|378 73|275 378|22 320|437 287|22 437|175 287|275 22|68 73|246 287|378 287|68 246|378 22|68 22|73 246|175 267
155:0 306 154 37 326 343 394 38 481 193 24 179 267 98 336
158:0 246 300|346 300|300 352|246 349|453 352|346 8|8 352|346 232|232 352|246 453|346 352|8 246|246 335|349 352|346 313|246 232|313 352|313 8|349 335|346 246|246 352|8 300|8 232|8 349|232 300|300 453|349 232|8 453|300 335|232 453|8 335|346 453|346 335|232 335|335 352|349 453
161:0 204 274 343 38 363 228 179 163 231 387 116 271
163:0 18 185|432 185|119 432|17 143|18 143|297 97|17 48|17 101|18 48|119 48|18 101|297 101|97 185|143 97|185 101|143 101|297 48|297 185|119 297|143 432|48 185|143 48|119 185|17 432|17 97|18 432|18 97|119 143|17 119|119 18|432 297|432 97|143 297|432 101|17 18|119 97|17 297|143 185|18 297|119 101|432 48|97 48|17 185
165:0 103 282|409 450|227 146|227 450|450 264|450 117|409 60|409 282|227 264|227 117|264 117|227 282|264 282|282 117|103 409|450 60|450 282|103 450|409 227|409 264|103 117|60 264|409 117|60 282|103 60|103 264
167:0 324 60|50 390|226 228|41 228|476 50|226 400|527 324|228 400|228 49|60 390|476 60|400 49|226 41|324 390|476 324|324 226|60 50|324 228|400 390|527 228|226 50|324 49|324 50|226 390|41 390|324 400|527 50|228 390|476 228|226 60
170:0 250 133|362 250|97 250|103 362|60 250|103 250|54 352|351 352|352 133|97 352|54 351|60 352|351 133|250 352|351 97|103 352|60 351|54 362|362 351|362 352|351 250|103 351|54 133|362 133|60 97|362 60|54 250|103 60|103 97|362 97
172:0 273 3 175 227 516 381 9 179 217 268 252 117 321 203
173:0 187 133|312 118|343 500|217 118|150 118|273 321|313 150|133 118|500 217|500 150|273 343|150 321|133 150|102 118|217 321|102 313|102 500|273 217|312 150|102 187|102 321|312 500|313 500|313 118|500 118|102 343|312 321|313 321|500 321|187 500|102 273|102 312|321 118|187 118|102 150|102 217|343 313|102 133|500 133|343 118|343 321|273 313|273 500|273 118
174:0 217 185|313 387|313 214|214 185|387 185|313 356|273 343|185 356|195 214|445 313|195 387|343 214|445 386|445 185|445 387|195 356|273 214|313 386|273 217|273 387|214 217|386 185|343 387|445 195|273 356|214 387|343 356|217 387|313 185|214 356|273 445|387 356|343 445|217 356|445 214|343 313|445 217|343 185|445 356|214 386|273 313|273 185
175:0 290 375|290 193|119 326|381 234|290 64|326 193|375 381|248 64|500 217|326 64|375 417|290 500|381 248|381 417|119 64|290 217|375 248|119 417|248 217|119 375|381 64|375 500|375 326|375 193|290 326|417 64|381 500|500 248|290 234|375 64|119 193|119 500|381 217|193 64|290 248|290 381|500 64|417 217|119 290|290 417
177:0 485 185|211 285|297 98|285 355|297 389|287 355|98 389|428 297|211 114|114 65|428 98|211 185|98 185|297 355|98 355|297 114|211 287|114 389|98 285|297 185|211 65|428 114|211 485|185 389|114 185|285 287|428 185|428 389|485 285|114 355|485 355|297 65|185 355|114 285|114 98|65 389|428 65|428 485|98 287|285 185|297 485|65 185|211 297|211 389|65 355|428 211|297 285|98 65|211 98|285 65|297 287|114 287|285 389|428 285|287 389|355 389|428 287|211 355|428 355
179:0 34 103 36 495 260 231 316 28 97 268
183:0 187 133|453 287|346 133|276 195|195 248|330 287|48 133|195 287|276 133|248 133|133 287|276 346|34 453|34 330|34 48|276 287|346 287|276 217|248 217|248 453|453 48|330 48|34 187|34 346|34 276|195 453|34 195|34 248|34 287|453 133|346 248|330 133|346 48|34 217|276 248|276 453|276 48|187 346|34 133|346 453|248 287|276 330|48 287|187 276|187 195|346 195|187 287|346 330
185:0 120 205|120 174|120 328|111 203|446 203|205 446|205 203|328 203|120 29|120 203|205 328|174 446|120 106|446 29|205 174|174 328|120 111|106 446|205 29|446 328|174 29|106 29|328 29|205 106|106 174|106 328|446 111|205 111|174 111|174 203|111 29|328 111|106 111|29 203|120 446|106 203
187:0 538 270|38 203|402 270|38 227|38 270|312 402|402 203|93 402|227 270|402 133|38 312|38 133|227 312|93 203|402 538|227 203|133 203|312 270|270 203|93 270|227 133|133 270|38 402|227 538|312 203|38 93|227 402
190:0 68 340 103 3 343 21 228 279 415 180 97 251 252
191:0 267 234|230 203|267 203|117 203|227 363|230 234|363 117|227 270|363 230|363 267|174 230|230 270|267 270|363 270|363 234|234 203|234 270|363 203|227 203|270 203|174 203|227 230|174 363|230 117|267 117|174 270|230 267
193:0 38 364|38 179|290 38|38 185|324 318|38 141|141 318|324 141|290 318|179 318|290 324|324 179|18 38|318 185|324 185|18 290|18 364|38 318|324 38|364 318|18 141|324 364|290 141|141 364|290 179|290 364|141 185|364 179|179 185|18 318|18 324|290 185|364 185
194:0 34 68 255 256 495 105 174 227 24 246 214 300 491 254
198:0 413 65|18 143|375 297|18 355|413 143|18 109|109 297|297 355|143 195|375 109|103 143|18 413|119 65|413 355|103 355|18 103|119 297|109 143|119 375|109 355|413 297|103 109|195 297|119 143|297 65|103 413|119 355|119 18|375 65|413 109|143 65|143 297|195 355|375 143|65 355|119 413|18 297|119 195|109 65|18 375|375 355|143 355|18 65
200:0 425 285|425 286|103 194|194 262|103 286|174 194|174 286|285 472|472 286|103 389|103 174|174 417|174 389|466 417|425 103|466 285|466 286|425 174|425 466|417 389|103 285|194 286|262 286|174 285|194 417|262 417|194 389|262 389|425 389|103 466|425 194|174 466|425 262|103 262|174 262|194 285|285 286|262 285|466 389|417 285|417 286|285 389|286 389|194 466|425 417|262 466
203:0 273 290 36 243 277 193 24 212 248 13 251 285 133
204:0 379 390|379 129|379 203|175 129|68 42|446 129|446 203|446 390|446 279|42 129|42 203|129 390|279 203|203 390|328 129|279 390|328 203|328 379|446 175|68 175|175 279|175 390|68 446|446 328|175 328|129 203|68 279|68 390|328 390|68 328|446 42|175 203|42 390|68 203|68 129|446 379
206:0 290 376 173 174 310 277 246 44 214 29 97 506 117
207:0 364 97|431 97|68 226|342 38|364 232|431 232|38 328|226 400|232 13|17 13|328 379|364 400|17 232|400 97|400 232|38 431|38 364|68 38|226 13|226 232|68 97|38 400|17 226|232 97|400 440|379 400|68 440|97 13|38 232|342 440|226 97|17 97|328 364|68 328|431 400|38 13|38 226|328 400|68 364|17 38|342 431|68 400|226 440|38 379|364 13|38 97|342 400|97 440|68 13|232 440|342 226|17 364|17 68|68 232|400 13|342 97|38 440|17 400|226 364|226 431
209:0 102 173 38 242 264 265 215 217 370 422 185 423 118 424
211:0 114 352|61 491|453 352|324 61|324 491|61 114|324 175|61 453|352 48|175 61|175 453|324 453|310 352|61 48|114 491|324 114|61 352|175 352|324 352|175 114|324 48|114 48|324 310|352 491|175 48
213:0 282 270|367 270|328 282|189 230|51 189|189 282|230 270|189 367|328 350|328 270|51 515|230 282|189 515|189 328|282 367|189 270
214:0 38 117|38 228|69 264|106 264|228 117|38 264|228 264|264 117|175 279|69 175|106 175|106 279|69 279|38 175|69 106|175 228|38 279|175 117|69 38|38 106|106 228|69 117|279 264|175 264|279 117
215:0 68 306 274 193 228 364 8 44 180 419 386 420 252 458
216:0 68 187 238 69 36 38 242 498 313 281 400 214 232 370
218:0 205 257|517 151|205 254|256 254|255 256|205 174|205 108|257 151|205 262|255 174|255 108|151 254|174 108|205 256|262 151|174 517|255 254|257 174|257 108|256 151|174 254|108 254|257 517|255 205|262 517|257 254|255 257|174 262|256 257|108 262|205 151|256 174|256 108|255 151|174 151|262 254|255 262|256 262|257 262
220:0 34 341 36 38 174 446 90 246 44 333 419 556
222:0 275 133|112 333|352 117|275 174|103 109|267 352|54 267|103 133|54 174|275 352|275 109|174 133|54 352|109 133|352 457|275 112|112 133|133 457|54 117|352 133|103 112|174 352|103 352|174 109|103 333|109 112|54 109|109 352|54 133|333 352|174 117|112 352
223:0 175 114|175 48|323 190|103 350|341 491|173 350|323 129|175 129|175 350|350 114|103 129|350 48|350 491|103 341|341 173|323 350|190 350|341 175|103 190|129 114|129 48|173 190|129 350|341 114|190 175|341 48|103 173|190 114|190 48|341 190|341 350|173 114|173 48|341 129|114 491|103 48|103 175|190 129|323 173|114 48|173 175|173 129|190 491
225:0 516 8 229 196 248 62 301 420 98 150 252
226:0 346 300|21 133|239 243|469 300|21 114|243 133|21 150|346 469|239 150|239 114|239 346|300 150|300 114|243 346|21 346|346 133|21 469|243 469|114 133|243 150|114 150|239 21|239 300|21 300|243 300|346 150|300 133|346 114
227:0 385 203|413 372|446 385|446 203|18 372|18 446|372 203|413 228|18 143|385 65|174 446|446 65|143 385|65 372|413 203|18 413|228 203|18 228|446 143|143 372|18 203|143 65|174 143|174 413|446 372|413 65|228 65|174 203|228 372|65 203|446 413|446 228|413 143|143 228|143 203|18 65
228:0 68 228 364 179 417 180 386 251 99 422 83 389 424
231:0 34 68 189 173 90 246 484 283 420 116 457
234:0 37 224 326 428 24 382 44 180 300 99 50
236:0 418 183|229 203|136 229|183 203|228 364|364 229|228 183|68 170|136 170|68 410|170 364|410 203|136 410|68 418|418 203|68 136|136 418|68 203|136 203|68 228|364 183|228 203|136 228|228 229|410 418|68 183|136 183|170 229|410 228|410 229|410 364|68 364|364 203|136 364|170 410|228 418|229 418|364 418|229 183|170 418|170 203|410 183|170 228|68 229|170 183
238:0 357 417|358 417|445 8|445 417|358 8|417 252|273 445|357 8|273 96|8 252|445 96|357 445|358 445|358 96|273 252|8 417|445 252|8 96|96 252|273 417|358 252|273 8|417 96
239:0 8 112|27 96|364 27|364 96|238 223|264 112|238 27|2 223|238 364|2 8|238 96|223 7|223 8|7 8|112 96|359 264|2 27|7 27|8 27|2 264|359 7|223 27|2 7|7 264|364 264|8 264|223 96|2 96|7 364|7 96|364 8|8 96|223 359|223 264|238 2|223 112|264 27|238 7|238 8|264 96|223 364|238 264|7 112
240:0 394 9|9 112|187 231|238 223|187 5|103 2|2 223|187 9|103 5|183 116|238 231|223 5|2 5|103 9|223 9|238 103|2 231|394 231|5 231|9 231|103 112|2 116|238 116|5 116|5 183|187 238|9 116|223 231|9 183|394 183|394 116|103 223|187 116|238 2|103 231|223 112|2 9|238 5|223 183|223 116|5 9|238 9|187 223|112 231|5 112|231 183|231 116
241:0 69 359 38 174 531 363 179 146 214 386 217 270 203
246:0 174 23|442 23|246 334|228 116|442 228|23 372|200 116|334 116|442 231|228 372|231 372|446 200|442 372|446 334|23 246|231 200|442 174|228 246|228 200|23 349|246 231|334 200|174 372|442 246|442 116|174 116|246 372|349 231|446 349|174 246|116 372|446 23|23 231|246 116|446 228|442 334|442 200|228 231|246 349|23 228|446 231|23 200|23 334|349 116|334 372|200 372|228 334|446 372|23 116|231 334|174 446|442 446|174 231|246 200|442 349|446 246|174 228|174 200|174 334|349 372|446 116|349 334|349 200|231 116
252:0 306 331|73 388|73 235|363 300|437 13|306 363|345 388|331 320|306 283|283 437|24 437|225 388|283 13|225 235|363 320|345 235|363 388|73 331|73 320|235 388|300 437|24 283|363 331|306 437|73 363|242 388|300 235|242 300|345 363|242 73|225 331|73 13|437 320|225 363|331 235|235 320|331 437|345 13|242 331|73 437|363 235|225 242|13 388|345 283|13 235|242 363|345 437|283 388|242 235|73 283|24 388|24 235|283 300|225 437|363 437|300 388|306 235|437 235|331 13|306 388|225 283|306 242|242 437|345 320|331 283|363 13|283 320|24 331|283 235|320 388|363 283|242 283|345 331|363 24|437 388|73 345|331 300|331 388
255:0 68 306 174 226 481 364 297 179 400 265 97 387 67 203
258:0 23 253|38 287|174 124|38 243|174 287|44 287|68 38|174 243|243 44|68 44|38 253|426 281|246 281|68 419|23 44|426 23|174 253|44 253|68 124|426 287|426 419|281 253|124 281|68 287|469 287|174 23|38 44|68 243|426 38|426 301|426 469|426 174|246 301|426 44|243 246|68 253|38 174|174 469|44 469|174 44|124 246|23 281|243 419|68 426|246 419|419 253|38 281|124 419|243 287|281 301|68 174|246 287|174 281|281 44|23 246|253 287|38 23|246 253|38 301|38 246|174 301|281 419|68 281|23 419|174 246|246 44|419 287|426 243|426 246|281 287|23 287|243 469|426 253|38 419|246 469|419 301|426 124|38 124|68 301|174 419|68 23|44 419|68 246
261:0 289 343 310 382 43 281 214 422 389 423 305 424
263:0 204 493 189 431 228 214 270 321 271
270:0 202 321|73 321|55 175|75 321|68 75|175 230|73 75|230 235|175 202|298 202|68 298|68 175|73 298|75 298|55 230|175 235|175 75|230 321|68 55|55 202|235 321|230 202|68 230|175 321|55 235|68 202|230 298|73 230|73 202|75 230|298 235|75 202|235 202|55 321|68 235|68 73|73 235|75 235
273:0 36 73 432 331 417 384 13 98 251 133 388 492
276:0 119 432|18 143|228 48|18 48|119 48|119 228|18 355|287 355|211 48|119 211|413 143|413 211|228 355|48 99|143 99|99 355|143 287|18 413|211 287|413 355|143 432|211 432|413 432|413 228|143 228|18 287|211 228|143 48|18 432|413 99|432 287|119 143|432 355|143 211|48 355|18 228|228 287|119 355|119 18|228 432|99 287|18 211|432 99|413 48|228 99|119 413|119 99|211 99|143 355|119 287|432 48|211 355
278:0 239 16|392 16|282 16|239 392|362 282|239 282|346 282|392 362|392 346|362 16|239 362|346 16|392 282|239 346|362 346
280:0 285 288|212 288|425 109|194 285|485 285|285 50|425 262|262 212|109 288|425 194|262 288|227 194|425 50|109 262|109 194|212 285|194 288|109 212|50 288|109 50|485 50|109 285|194 262|425 285|425 212|425 288|262 285|262 50|194 212|194 50|227 285|212 50
283:0 453 203|170 324|56 453|324 60|60 453|341 203|56 193|341 56|341 450|193 450|170 341|193 203|324 453|193 60|341 60|324 341|450 203|56 450|56 203|170 450|450 60|324 193|170 203|60 203|341 453|193 453|324 450|56 60|341 193|324 203|170 56|324 56
285:0 363 331|358 264|409 313|204 409|358 270|363 264|358 409|264 270|313 264|358 313|363 270|204 358|331 264|409 363|313 270|363 313|409 331|331 270|204 363|204 264|204 270|204 313|313 331|409 264|358 363|204 331|358 331|409 270
287:0 34 306 359 495 173 174 228 400 163 214 321
290:0 450 185|185 203|400 405|400 185|405 185|318 185|515 405|185 16|450 16|16 203|450 203|400 203|450 318|515 450|400 318|405 16|405 203|450 400|318 16|318 405|318 203|515 203|450 405
293:0 36 359 173 326 108 313 265 283 509
296:0 223 193|264 469|364 185|223 197|238 270|223 498|68 223|469 270|418 185|193 364|223 279|364 197|279 469|68 364|193 418|197 418|264 185|418 469|68 418|238 279|264 270|193 264|264 197|68 264|223 364|197 185|498 264|223 418|193 197|279 264|238 364|68 197|364 418|279 270|193 469|223 264|238 418|197 469|68 469|68 185|238 185|238 264|364 264|238 193|185 270|238 197|364 270|68 238|264 418|193 185|193 270|223 469|197 270|418 270|68 270|279 364|364 469|279 418|68 193|498 193|238 469|279 185|498 197|238 223|68 498|193 279|279 197|68 279|498 469|223 270|223 185
298:0 227 346|227 321|34 227|227 487|330 321|34 313|47 321|330 287|34 47|346 313|227 313|346 487|34 287|313 321|34 330|227 47|313 47|346 321|227 287|227 330|346 287|487 321|287 321|47 287|487 287|346 330|34 346|34 321|34 487
299:0 205 203|222 203|38 203|205 222|205 38|222 38|446 203|205 446|222 446|38 446
300:0 493 273 426 428 445 226 313 387 252 253 270 321 389
302:0 260 364|260 271|445 417|445 271|105 417|445 236|364 417|389 271|236 389|364 271|445 389|260 417|236 271|105 445|445 364|417 271|105 389|364 389|105 364|445 260|368 389|105 271|417 389|260 389
303:0 445 21 246 368 385 386 422 321 389 423 305 424
304:0 174 23|276 265|34 283|34 23|103 283|34 174|446 265|103 174|174 283|446 407|276 407|276 446|276 457|23 265|283 407|103 23|446 283|276 23|283 457|23 407|265 283|446 23|34 265|34 103|103 265|34 276|23 457|103 276|34 407|174 276|276 283|34 446|103 446|174 407|174 446|103 457|174 457|446 457|23 283
307:0 223 226|409 427|409 193|290 384|223 193|290 427|290 223|290 226|193 418|7 9|409 223|8 9|409 226|7 8|226 7|226 8|290 252|226 9|193 7|193 8|193 9|193 252|223 418|409 252|226 385|409 384|409 385|290 7|290 8|290 9|226 384|223 427|409 7|409 8|409 9|427 226|223 252|223 7|418 252|223 8|226 252|223 9|385 252|384 385|384 252|290 409|7 418|8 418|226 193|9 418|7 385|8 385|9 385|427 252|427 385|409 418|7 384|8 384|9 384|290 193|290 418|427 7|427 8|290 385|427 9|7 252|8 252|9 252
309:0 174 242 481 415 129 435 486 351 29 422 253 423 424
311:0 273 186|435 186|273 435|381 435|381 47|47 186|381 186|273 381|273 47
312:0 273 186|435 186|273 435|381 435|381 47|47 186|381 186|273 381|273 47
313:0 226 227|146 318|226 146|226 271|69 146|227 271|227 146|318 271|69 318|146 271|69 226|226 318|69 227|227 318|69 271
314:0 226 109|445 318|226 313|445 226|445 74|226 318|445 109|445 313|109 318
315:0 402 437|363 75|75 178|75 437|191 42|75 79|79 437|363 42|363 79|42 178|178 79|191 363|170 402|363 402|178 402|170 363|191 178|75 402|363 178|363 437|42 402|79 402|191 402
316:0 189 220|123 151|123 194|174 194|189 151|123 220|174 220|194 220|174 151|189 123|189 174|123 174|151 220|189 194
318:0 362 246|37 246|38 246|362 129|56 246|37 129|38 129|56 129|246 129|37 38|37 56|37 362|38 56|38 362|56 362
320:0 34 392 37 173 428 38 174 90 111 214 487 321
322:0 34 255 442 205 256 426 257 23 246 111 281 336 184 203 254
324:0 90 481 499 281 214 130 284 203
325:0 18 326 428 243 381 248 285 133 203 271
327:0 272 273 274 427 226 227 313 229 196 265 352 252 50 271
328:0 210 116|324 98|341 16|324 210|450 116|341 203|324 175|116 203|341 450|341 98|341 210|210 16|210 203|324 341|450 16|16 203|450 203|98 16|210 98|175 210|450 98|210 450|98 203|175 450|175 116|324 450|175 203|98 116|324 16|324 203
331:0 298 50|402 67|402 335|51 298|335 388|68 402|388 67|68 388|265 67|415 50|68 265|223 67|68 223|345 402|345 388|51 345|345 320|298 265|298 67|68 298|223 402|223 388|415 67|68 415|417 50|320 67|68 50|68 320|223 265|51 68|417 388|345 67|345 335|68 345|298 402|298 388|223 298|417 265|417 67|417 402|68 417|68 67|223 415|223 320|50 67|51 402|51 67|402 320|345 417|335 320|51 388|402 388|320 388|265 50|415 417|345 298|223 50|51 223|223 417|265 402|265 388
333:0 228 297|97 355|114 407|228 114|99 355|97 114|211 355|114 99|304 407|97 304|384 355|211 304|211 97|211 384|297 355|297 97|211 99|114 355|211 297|97 99|228 355|355 407|97 407|304 355|228 97|99 407|211 407|228 99|211 228|297 304|297 384|384 114|211 114|297 114
335:0 68 154 174 175 515 24 364 400 231 232 13 50 458
336:0 34 255 256 378 515 415 400 231 386 184 372 254
339:0 56 330|36 209|209 250|56 175|175 349|349 250|175 250|175 330|341 56|330 250|414 349|56 414|37 349|341 175|36 250|37 250|36 330|37 330|209 414|175 414|36 175|414 250|341 330|37 175|56 209|341 36|341 37|414 330|36 414|175 209|37 414|36 56|37 56|56 349|36 37|56 250
341:0 232 300|34 300|498 232|498 300|232 283|38 300|276 349|34 498|34 283|38 498|38 283|246 300|349 283|498 246|246 283|246 232|34 246|34 232|38 246|349 232|38 232|34 349|38 349|276 232|34 276|246 349|276 300|38 276|276 498|276 283|283 300|376 300|276 246|498 349|34 376|376 38|34 38|376 246
345:0 72 203|243 203|112 203|446 203|446 243|174 243|446 321|174 446|321 203|105 243|105 446|243 112|105 174|72 446|105 112|446 112|174 203|105 203|112 321
347:0 229 334|282 28|103 282|103 28|229 352|352 440|282 440|28 440|103 440|229 282|282 334|282 352|174 334|28 334|103 334|229 28|174 352|103 229|28 352|334 440|103 352|334 352|174 282
349:0 445 362|231 406|445 95|362 114|445 231|300 406|54 231|445 300|225 114|362 321|54 362|109 300|243 300|109 406|243 406|54 225|445 243|445 109|300 114|114 406|445 114|54 300|321 406|54 406|109 95|445 321|54 445|243 231|231 321|95 114|243 109|225 231|109 321|445 406|95 231|225 362|114 321|362 95|54 243|54 109|54 95|362 231|109 114|362 300|54 321|109 231|225 406|243 362|445 225|362 109|231 114|54 114|362 406|95 406|231 300
351:0 248 133|248 50|248 506|499 466|381 466|466 248|381 248|506 50|466 133|381 133|381 50|466 50|499 506|381 506|466 506
352:0 289 105 277 417 146 285 252 50 271 492
353:0 193 50|310 50|466 286|286 441|193 228|194 228|109 466|228 50|310 286|109 194|109 286|228 466|193 109|193 466|194 466|109 50|310 109|194 441|193 194|228 286|466 50|310 466|193 286|50 441|194 286|310 228|194 50|310 193|109 228|310 194|286 50
355:0 285 288|399 285|286 288|399 286|194 285|399 288|466 285|466 286|466 399|466 288|220 288|399 220|185 288|399 185|285 286|185 220|262 288|262 399|466 220|466 185|262 220|262 466|262 185|194 288|194 399|194 185|194 220|286 220|286 185|194 466|262 286|285 220|194 262|285 185|194 286|262 285
357:0 174 331|267 13|331 29|21 348|349 29|21 267|73 331|331 349|348 29|21 174|29 267|73 13|331 348|73 348|331 267|174 29|29 13|73 267|331 13|21 73|174 73|349 13|348 267|21 29|21 331|348 13|21 13|73 29
358:0 273 50|248 50|174 50|285 50|273 285|500 50|273 95|273 500|174 95|95 285|95 248|273 248|248 285|174 248|500 95|174 285|500 248|500 285|95 50
359:0 224 428 38 174 226 277 195 212 382 386 506 185 372 389
361:0 335 50|311 335|419 335|205 50|205 311|313 335|419 117|205 335|191 419|506 50|311 506|419 50|313 117|313 506|311 419|205 419|313 50|191 311|205 313|191 335|335 117|205 117|205 191|311 50
363:0 255 205 256 324 392 174 90 346 281 214 352 254
366:0 362 112|48 203|34 300|362 48|392 300|330 287|34 392|109 300|352 287|392 109|287 203|362 330|392 112|300 48|330 300|34 330|392 48|34 48|362 203|300 352|34 112|34 352|34 109|392 330|109 112|330 48|109 352|300 203|362 352|112 352|362 287|392 203|352 48|109 48|34 287|34 203|362 300|109 287|330 203|300 287|34 362|330 352|392 352|392 287|112 287|109 203|48 287|352 203|362 109|112 203|392 362
369:0 346 130|222 428|173 133|346 133|341 214|222 173|428 362|222 330|341 346|189 362|189 214|222 341|189 401|189 130|362 330|346 214|173 428|362 130|214 130|330 401|189 133|222 189|401 130|130 133|362 133|214 133|401 133|173 330|222 346|341 362|341 173|341 401|222 133|362 346|189 428|362 214|346 401|214 401|189 330|428 330|428 130|222 362|173 346|222 214|341 189|222 401|428 401|428 133|330 130|362 401|341 330|341 428|330 133|341 133|428 346|189 346|189 173|428 214|173 362|173 214|173 401|173 130|346 330|330 214
370:0 453 505|300 48|362 300|346 300|362 150|362 48|346 48|362 453|346 453|362 505|346 505|362 346
371:0 349 203|239 111|56 111|37 406|56 203|239 406|203 424|406 424|37 82|407 424|349 82|111 406|239 56|203 407|406 407|349 424|82 424|56 406|349 407|239 203|82 407|56 82|111 82|37 56|82 203|37 349|239 349|406 203|239 82|111 349|37 424|239 424|37 407|111 424|239 407|349 406|37 111|82 406|56 349|37 203|111 203|239 37|56 424
387:0 37 276|38 276|414 254|74 388|255 414|38 254|256 414|414 388|276 328|34 133|414 133|37 133|38 133|256 74|402 254|255 402|256 402|402 388|414 402|74 321|276 414|402 133|255 74|34 328|37 328|38 328|276 402|276 74|74 254|34 414|37 414|38 414|74 133|388 254|255 388|256 388|34 402|37 402|38 402|133 388|34 74|256 254|255 256|38 74|414 321|321 254|255 321|256 321|276 388|256 133|255 254|328 414|133 321|402 321|74 414|276 254|255 276|256 276|328 402|276 321|34 388|276 133|74 402|37 388|133 254|38 388|34 38|37 38|34 256|256 38|34 321|34 37|38 321|34 255|388 321|255 38|328 388|34 276|34 254
390:0 68 257 274 227 7 24 501 9 264 299 116 252 66 270
393:0 392 189 173 56 175 297 196 281 300 97 48 117 458
396:0 279 355|228 297|297 28|297 31|310 211|38 297|211 279|228 355|193 253|28 355|297 355|193 28|193 211|31 355|197 253|28 31|193 31|211 197|310 228|297 253|310 297|38 355|310 31|38 193|310 355|279 28|211 228|193 297|279 31|211 253|38 310|297 197|253 355|193 355|310 253|228 28|211 297|228 253|279 297|197 355|228 31|28 253|38 28|211 28|31 253|38 31|211 31|38 228|38 253|193 279|38 211|211 355
399:0 154 205 38 346 431 111 214 316 401 130 98 203
403:0 324 36 24 400 129 351 98 336 422 270 423 424
406:0 79 235|42 320|326 320|402 202|178 320|363 75|75 402|363 79|79 402|170 202|191 42|191 320|437 320|326 202|191 178|42 202|178 202|326 437|326 75|75 178|170 235|320 202|178 79|363 402|42 235|402 437|363 235|437 202|178 235|75 320|191 202|170 363|402 235|170 402|79 320|75 437|363 42|363 178|42 402|79 437|178 402|191 235|326 235|363 320|75 202|402 320|75 79|191 363|79 202|235 202|326 363|191 402|42 178|326 402|235 320|363 437|170 320|75 235|437 235|363 202
408:0 359 174|359 242|174 23|442 23|442 359|18 23|21 23|37 23|442 231|442 37|37 174|442 38|38 174|442 174|442 242|18 231|21 231|18 242|23 231|21 242|18 38|242 23|21 38|359 21|38 23|18 21|359 23|242 231|37 231|38 231|359 231|174 231|37 242|38 242|174 242|18 174|442 18|37 38|359 38|21 174|442 21
410:0 174 90|38 116|350 29|68 29|68 184|174 29|68 103|34 350|34 68|34 174|90 29|38 350|68 38|103 174|174 350|38 174|34 29|68 446|34 90|38 90|350 184|174 116|68 116|446 350|29 184|103 29|446 90|34 184|174 469|34 103|103 184|68 350|38 184|103 38|446 29|68 174|174 184|34 446|68 90|103 446|38 446|38 29|116 184|174 446|29 116|34 38|34 116|446 116|103 116|446 184
417:0 205 343 39 175 260 516 313 111 44 231 266 268
418:0 154 392 189 3 226 210 415 382 163 316 401 29 541
420:0 267 321|311 320|111 267|312 320|205 363|311 230|111 320|205 402|205 321|363 75|75 402|75 321|75 505|312 267|205 111|311 111|111 230|205 312|361 312|361 111|75 111|361 363|267 320|312 75|363 230|205 267|363 402|205 320|230 402|230 321|361 321|75 267|75 320|361 505|363 505|230 505|311 363|312 363|363 111|311 402|205 311|111 402|312 402|205 230|312 230|111 321|312 321|205 75|311 75|75 230|363 320|205 361|312 505|363 321|402 320|230 267|402 321|230 320|311 312|312 111|363 267|402 267
422:0 174 124|262 133|255 54|362 499|174 254|68 256|174 243|68 376|174 133|54 254|54 243|68 124|68 255|54 90|174 362|68 54|281 254|255 281|124 281|256 281|499 254|54 133|255 499|124 499|256 90|256 499|68 254|54 362|262 281|68 243|281 133|499 262|376 362|255 90|174 262|68 133|68 362|90 254|499 281|54 174|256 254|255 256|256 124|68 262|90 362|256 133|376 133|255 254|68 174|255 124|174 281|174 499|255 133|54 281|124 254|243 362|376 281|133 254|174 90|243 133|124 133|362 254|68 281|255 362|124 362|256 362|362 262|362 133|256 174|376 174|262 254|255 262|90 281|124 262|256 262|256 54|255 174|362 281
425:0 34 499|262 432|432 114|95 114|262 95|194 95|499 262|499 114|194 432|432 50|499 194|311 432|34 114|34 262|34 194|311 499|34 311|34 95|432 95|262 114|194 114|499 95|194 262|34 50|34 432|262 50|114 50|194 50|311 50|95 50
427:0 327 175 227 7 313 415 8 9 264 383 252 67 186 458 509
431:0 289 358 39 175 313 44 28 98 387 372
433:0 273 50|248 50|174 50|285 50|273 285|500 50|273 95|273 500|174 95|95 285|95 248|273 248|248 285|174 248|500 95|174 285|105 248|105 174|105 285|500 248|500 285|95 50
434:0 38 123 242 310 481 228 43 231 114 386 184 492
438:0 120 205|120 174|120 328|111 203|446 203|205 446|205 203|328 203|120 29|120 203|205 328|174 446|120 106|446 29|205 174|174 328|120 111|106 446|205 29|446 328|174 29|106 29|328 29|205 106|106 174|106 328|446 111|205 111|174 111|174 203|111 29|328 111|106 111|29 203|120 446|106 203
439:0 204 478|358 417|109 252|417 248|109 196|478 248|417 252|298 95|358 196|361 252|204 248|109 417|95 248|196 252|298 252|204 252|196 417|95 252|358 252|196 95|417 471|417 95|196 298|204 361
440:0 363 270|312 118|363 203|68 215|215 203|217 118|312 387|118 203|270 118|387 118|312 356|426 387|363 215|363 217|118 356|312 270|312 203|68 217|363 356|68 270|217 203|68 203|270 203|68 387|387 270|387 203|426 270|426 203|312 215|215 217|215 270|68 356|270 356|203 356|217 270|215 387|426 215|217 387|312 363|215 356|387 356|217 356|363 118|68 118|215 118|363 387|426 363|68 363
441:0 211 214|214 101|227 432|211 417|211 48|417 101|417 214|227 314|432 417|432 48|314 48|211 97|432 314|227 417|211 101|97 48|432 97|214 48|211 432|432 101|417 48|314 97|432 214|211 314|314 101|314 417|314 214|227 211|214 97|227 214
442:0 286 288|445 194|171 194|108 288|108 220|171 286|220 288|108 194|171 445|194 288|445 286|194 220|286 220|445 288|445 108|445 220|194 286|171 288|171 220
443:0 231 184|442 225|431 231|431 232|200 184|442 231|239 184|442 232|225 184|34 442|442 37|442 38|442 239|231 200|34 37|341 231|231 232|431 184|34 341|239 200|225 200|34 232|239 341|442 184|341 38|37 232|38 232|34 184|431 200|225 231|37 184|232 184|38 184|442 200|239 225|34 231|442 341|37 231|38 231|341 200|239 231|239 232|34 200|232 200|34 239|34 38|34 225|37 200|38 200|239 37|37 38|239 38|37 225|38 225
446:0 68 38|120 174|38 228|18 428|204 428|204 120|18 174|428 174|18 38|68 120|68 428|18 228|120 38|68 174|428 38|174 228|68 204|428 228|38 174|120 428|68 228|204 38
447:0 136 170 238 410 242 327 44 197 299 418 266 334 97 67 509
449:0 34 255 18 256 174 328 279 214 303 254
451:0 231 185|103 342|163 28|163 97|228 185|342 41|228 400|400 28|103 163|400 163|28 185|400 231|163 185|400 97|97 185|41 163|109 163|342 185|103 400|103 185|109 400|41 185|109 28|18 103|400 185|103 109|18 231|103 28|18 97|103 97|18 228|228 231|28 97|231 28|163 231|231 97|103 41|228 163|228 97|103 231|342 400|41 97|103 228|18 163|109 231|342 228|342 28|342 163|41 228|342 97|18 400
453:0 238 358|382 265|68 409|223 367|68 223|367 96|358 252|29 252|223 410|364 367|358 410|410 96|68 364|410 364|68 418|382 29|358 265|409 223|68 265|410 367|238 410|358 409|409 96|367 252|223 96|409 364|409 367|238 409|410 382|223 364|410 252|364 96|358 364|223 418|238 29|96 29|358 29|223 265|68 252|358 418|418 96|409 382|409 252|265 96|410 265|238 364|364 418|367 418|68 382|238 418|238 265|409 265|409 410|364 252|367 29|223 252|382 418|418 252|96 252|265 252|410 29|364 265|68 238|68 96|68 358|265 418|238 252|382 96|409 29|364 382|223 29|238 382|409 418|410 418|364 29|238 223|68 367|358 223|238 96|382 252|418 29|358 96|265 29|68 410|68 29
455:0 79 235|476 235|21 79|388 202|73 388|75 388|21 235|73 78|345 388|21 73|78 388|75 78|79 388|345 320|73 75|476 388|21 388|21 78|320 202|345 202|21 75|73 320|75 320|73 345|476 202|235 388|345 75|78 320|79 320|345 78|476 73|345 79|476 78|476 79|73 202|21 345|75 202|73 79|320 388|476 21|78 202|75 79|79 202|235 202|78 79|235 320|73 235|345 235|75 235|21 202|78 235
456:0 362 186|362 321|401 186|401 321|60 97|324 362|204 150|324 401|175 60|362 60|175 62|150 321|60 401|362 62|204 97|204 362|324 97|204 401|204 175|324 175|175 150|362 150|401 150|150 186|175 321|60 62|204 186|97 150|175 97|362 401|362 97|401 97|97 186|324 60|324 62|175 362|175 401|175 186
458:0 346 300|21 133|324 21|324 243|469 300|239 243|324 133|21 114|243 133|21 150|346 469|239 150|239 114|239 346|300 150|300 114|21 346|243 346|346 133|114 133|21 469|324 150|243 469|324 114|324 300|243 150|324 346|324 469|114 150|239 300|239 21|239 324|243 300|21 300|346 150|300 133|346 114
459:0 73 419|38 331|38 130|74 419|38 74|73 363|345 419|74 363|73 402|74 402|345 363|345 402|73 23|23 419|23 363|363 419|23 402|345 331|331 130|38 73|363 402|38 419|73 345|345 74|73 331|73 130|38 363|74 331|74 130|38 402|73 74|38 23|345 23|23 130|23 331|23 74|331 419|130 419|363 331|363 130|402 419|331 402|130 402|38 345
495:0 137 239 445 243 345 363 228 212 230 231
498:0 34 222 37 343 174 276 484 281 214 283
501:0 103 376 362 383 400 197 403 372
504:0 103 175 193 228 279 231 372
506:0 204 189 122 228 281 28 336 422 423 203 424
509:0 204 343 6 227 313 281 185 492
511:0 272 343 310 345 331 417 437 320 321 67
513:0 272 257 343 310 7 417 214 83 321 67
515:0 272 392 343 310 56 417 401 300 321 67
517:0 290 174 226 277 112 129 214 49 270
519:0 273 253|516 211|516 381|211 253|211 381|95 253|211 95|516 234|273 211|516 253|381 234|381 253|273 516|273 234|273 381
522:0 103 36 38 24 382 28 351 99 203
524:0 36 356|222 484|174 475|174 356|174 484|222 174|199 475|199 356|36 174|222 199|484 356|484 475|222 356|222 475
527:0 204 260 313 500 485 282 48 270 355
529:0 306 414 431 229 130 334 319 66
531:0 361 227|214 186|281 186|516 133|214 215|273 516|381 186|214 133|516 214|133 186|516 281|516 215|273 214|273 215|273 281|227 186|361 186|381 133|281 214|361 516|281 215|227 516|273 381|273 227|361 133|227 133|381 214|381 281|381 215|227 281|215 186|273 361|516 381|361 214|227 214|227 215|361 215|227 381|361 381|516 186|215 133|273 186
532:0 183 203|197 265|68 469|469 203|68 265|409 469|265 203|179 197|179 183|197 183|193 203|409 179|395 179|197 203|409 183|68 203|193 197|4 203|409 193|395 193|409 395|409 197|395 197|409 265|68 197|395 265|68 183|4 197|4 183|68 409|409 203|68 395|395 203|193 179|409 4|193 183|179 469|68 4|469 183|179 265|68 193|193 469|395 469|68 179|4 193|197 469|193 265|179 203|265 469
535:0 300 352|173 300|426 300|300 287|426 414|214 300|173 287|214 287|54 414|426 54|414 352|54 352|54 173|426 352|173 414|426 173|173 352|414 287|414 214|426 287|352 287|426 214|214 352|54 214|54 300|54 287|173 214|414 300
540:0 403 13|170 318|97 318|170 97|103 226|226 382|170 103|103 318|318 403|170 403|97 403|293 318|103 403|226 318|293 403|97 13|103 13|170 382|382 97|226 13|226 403|318 13|103 97|170 226|226 97
543:0 36 390|36 42|191 390|41 390|41 42|42 390|36 191|36 41|191 42
546:0 227 388|227 320|363 388|262 388|227 363|313 388|227 321|363 262|363 313|227 313|313 321|227 262|251 388|320 388|388 321|363 320|363 321
548:0 230 203|204 230|388 117|117 203|320 117|230 388|363 117|230 320|363 230|204 203|275 388|275 320|275 117|388 203|275 363|320 203|204 388|204 320|275 230|363 203|204 363|320 388|363 320|361 388|230 117|275 203|361 363|363 388
550:0 362 250|97 250|61 250|250 99|341 129|362 330|279 129|330 250|341 97|341 61|279 61|279 250|341 362|97 99|341 330|129 97|61 129|129 99|362 129|362 279|362 97|61 97|362 61|129 250|362 99
551:0 68 38 431 228 212 251 116 422 253 424
554:0 36 172 359 227 264 281 214 116 203
556:0 340 402|191 73|331 388|73 388|73 320|452 388|191 388|340 388|191 320|402 388|73 331|452 320|402 320|191 331|452 402|331 452|73 452|320 388|331 402|73 402|340 331|340 73|191 402|331 320
557:0 328 400|191 334|335 203|400 334|191 203|328 203|334 203|174 335|68 335|174 328|174 334|328 335|400 203|68 328|68 334|334 335|328 334|174 191|174 203|191 335|68 191|68 203|68 400|191 328
559:0 68 409 428 7 8 9 349 197 133 252 185
561:0 375 355|211 355|211 500|246 355|500 246|211 246|375 211|285 355|375 246|500 285|500 355|375 500|375 285|211 285
562:0 417 203|262 286|171 417|377 286|377 203|171 377|262 417|286 203|171 286|262 203|313 203|417 286|171 262|171 203
564:0 175 282|21 250|282 250|34 21|34 282|175 250|21 175|34 250|21 334|282 334|21 352|282 352|34 175|175 334|334 250|88 282|175 352|250 352|34 334|34 352|21 282|334 352
566:0 414 457|414 211|414 432|211 406|211 432|414 44|414 282|44 406|432 44|432 282|211 44|414 406|211 282|432 406|44 282
568:0 120 205|350 28|120 174|174 300|120 191|350 300|191 350|205 174|120 350|174 28|120 300|174 191|191 28|205 350|174 114|205 300|205 191|174 350
570:0 68 289 326 445 262 399 197 389
572:0 189 39 175 313 214 231 282 401 203
574:0 243 253|445 253|357 445|212 399|445 243|445 212|445 399
577:0 109 271|290 151|310 271|109 101|151 101|290 271|286 101|109 151|310 286|310 101|109 286|290 310|310 109|290 101|286 151|290 286|101 271|310 151|290 109|286 271
580:0 362 211|362 314|362 381|362 382|211 381|381 314|381 382|211 382|211 314|314 382|362 16|211 16|381 16|119 211|314 16|119 16|119 314
582:0 393 475|181 420|181 352|352 420|334 286|363 475|363 181|363 334|363 352|334 475|363 286|393 363|363 420|393 334
585:0 226 363 313 214 316 97 235 320 388
587:0 204 343 310 226 231 351 403 321 355
588:0 228 185|450 185|103 282|224 228|224 450|282 30|68 282|68 103|228 450|282 185|224 282|228 282|103 224|224 30|68 224|450 282|68 30|103 185|103 450|103 228|68 185|228 30|450 30|68 228|68 450
590:0 34 203|111 203|77 111|111 78|77 203|78 203|205 203|34 78|34 380|34 77|77 78|380 77|380 78|34 205|205 111|205 77|380 203|205 78|34 111
592:0 109 151|109 220|132 220|151 220
594:0 54 203|243 287|243 203|243 220|287 321|287 203|321 203|54 243|203 220|54 287|54 321
595:0 40 431|40 185|431 228|40 440|40 228|431 42|228 440|42 185|42 440|40 50|228 42|40 42|42 50|431 185|185 440|440 50|228 185
597:0 191 73|331 388|431 331|73 388|73 431|446 388|331 356|73 356|191 388|191 431|402 388|73 331|446 356|446 431|402 356|191 331|446 402|431 388|446 331|446 73|388 356|431 356|331 402|73 402|191 446|191 402|431 402
605:0 417 285|285 50|100 50|112 50|385 285|385 100|417 112|384 285|285 100|112 100|112 385|417 50|310 417|417 384|112 384|417 385|112 285|385 50|384 385
607:0 445 114|257 151|257 203|445 151|445 203|499 114|114 151|257 445|114 203|499 203|151 203|445 499
610:0 231 203|68 116|116 203|283 116|231 283|68 231|400 231|179 231|106 231|13 203|283 13|400 13|13 116|283 203|400 203|68 106|231 116|400 283|68 179|231 13|68 203|179 203|106 203|68 283|179 283|68 400|106 283
613:0 227 8 264 281 400 214 419 372
616:0 38 364|38 191|38 228|189 364|226 364|38 203|228 364|189 228|226 228|189 203|191 228|38 227|191 203|470 203|226 227|189 227|38 226|189 38|364 203|170 38|189 226|228 203|191 226|227 203|170 203|38 470|226 203|189 470|227 470|170 226|170 189
618:0 174 214|174 220|351 220|214 220|174 281|180 214|180 220|281 214|310 281|281 220|174 310|414 281|310 351|310 214|174 180|174 414|310 180|414 214|310 220|281 351|174 351|414 220|214 351|180 351
619:0 226 364 382 265 282 233 67 203
621:0 289 424|228 389|422 389|231 389|342 389|137 231|137 342|137 422|289 228|289 342|289 422|289 231|228 424|342 424|231 424|232 424|306 424|306 228|231 232|137 389|306 231|422 424|228 231|342 228|228 422|137 228|289 389|389 424|342 231|231 422|342 422|289 137|306 422|137 424
624:0 427 389|228 389|446 29|279 389|212 389|228 279|29 389|279 29|228 29|212 29|427 29
626:0 442 341 189 23 431 130 29 133
629:0 282 184|211 355|313 355|212 355|211 212|282 355|313 282|211 282|184 355|211 184
631:0 34 35 257 174 228 400 214 185 321 389
632:0 226 431|226 185|226 203|431 422|422 185|431 185|422 203|103 226|103 422|103 431|185 203|103 185|103 203|226 422
633:0 399 424|103 424|103 399|457 458|310 458|422 458|423 458|399 423|103 423|424 458|103 422|399 372|399 422|414 424|103 372|103 458|399 458|422 424|423 424|372 458|422 423|414 458
636:0 428 234|106 203|393 203|193 203|428 203|234 203|428 193|106 234|193 234