0
113
137
84
98
45
73
130
90
104
65
64
80
122
43
44
54
85
110
74
75
67
97
63
96
123
123
61
79
146
147
148
149
150
151
55
56
83
86
115
116
117
62
70
87
89
101
105
136
139
143
144
42
48
51
3
57
58
165
68
69
9
206
15
92
94
156
95
101
18
103
106
107
166
180
125
158
32
129
34
132
164
200
142
46
47
108
111
134
135
140
66
99
112
121
138
304
1000
1001
305
306
307
308
309
310
311
312
313
314
315
316
317